dst_as,IP,mask,nexthop_AS
2519,1.0.16.0,255.255.255.0,7018
23969,1.0.128.0,255.255.128.0,7018
13335,1.1.1.0,255.255.255.0,7018
4725,1.5.0.0,255.255.0.0,7018
9583,1.6.0.0,255.255.252.0,54004
132215,1.6.136.0,255.255.255.0,54004
4755,1.6.229.0,255.255.255.0,7018
4788,1.9.0.0,255.255.0.0,7018
38091,1.11.0.0,255.255.0.0,54004
45996,1.11.92.0,255.255.254.0,54004
132203,1.12.0.0,255.255.240.0,54004
23599,1.18.123.0,255.255.255.0,54004
23600,1.18.132.0,255.255.255.0,54004
59125,1.21.96.0,255.255.240.0,7018
45528,1.22.3.0,255.255.255.0,54004
4837,1.24.0.0,255.248.0.0,54004
9929,1.28.41.0,255.255.255.0,54004
64050,1.32.192.0,255.255.255.0,54004
152194,1.32.205.0,255.255.255.0,54004
2514,1.33.0.0,255.255.0.0,7018
3462,1.34.0.0,255.254.0.0,7018
4760,1.36.0.0,255.255.0.0,7018
4775,1.37.0.0,255.255.0.0,54004
55410,1.38.208.0,255.255.255.0,7018
4804,1.40.0.0,255.252.0.0,54004
7474,1.44.0.0,255.255.0.0,54004
16509,1.44.96.0,255.255.255.0,54004
4134,1.48.0.0,255.254.0.0,7018
4538,1.51.0.0,255.255.0.0,54004
18403,1.52.0.0,255.252.0.0,54004
9605,1.66.20.0,255.255.252.0,7018
4809,1.71.103.0,255.255.255.0,54004
4847,1.93.0.0,255.255.0.0,54004
4766,1.96.0.0,255.252.0.0,7018
17676,1.112.0.0,255.252.0.0,7018
137753,1.118.2.0,255.255.255.0,7018
1221,1.120.0.0,255.248.0.0,7018
9845,1.176.0.0,255.255.252.0,54004
9723,1.178.2.0,255.255.254.0,54004
14618,1.178.4.0,255.255.255.0,54004
136907,1.178.32.0,255.255.240.0,54004
12975,1.178.112.0,255.255.240.0,7018
9313,1.178.175.0,255.255.255.0,54004
7224,1.178.192.0,255.255.254.0,54004
12479,1.178.224.0,255.255.224.0,7018
131293,1.179.128.0,255.255.192.0,7018
8075,1.186.0.0,255.255.0.0,54004
139018,1.193.146.0,255.255.254.0,7018
9286,1.201.0.0,255.255.192.0,7018
23724,1.203.94.0,255.255.255.0,54004
3786,1.208.0.0,255.240.0.0,7018
9526,1.209.90.0,255.255.255.0,54004
45974,1.209.199.0,255.255.255.0,54004
7562,1.222.128.0,255.255.192.0,54004
38661,1.222.222.0,255.255.255.0,7018
9318,1.224.0.0,255.224.0.0,54004
45370,1.224.180.0,255.255.255.0,54004
63199,1.247.4.0,255.255.255.0,54004
23576,1.255.48.0,255.255.252.0,54004
3215,2.3.0.0,255.255.0.0,7018
20940,2.16.0.0,255.248.0.0,54004
34164,2.16.3.0,255.255.255.0,54004
12874,2.16.17.0,255.255.255.0,7018
6762,2.16.19.0,255.255.255.0,7018
12389,2.16.20.0,255.255.255.0,7018
8966,2.16.44.0,255.255.255.0,7018
8697,2.17.24.0,255.255.252.0,7018
32787,2.17.108.0,255.255.252.0,7018
8708,2.17.116.0,255.255.252.0,7018
9121,2.17.224.0,255.255.252.0,7018
9924,2.18.16.0,255.255.254.0,54004
7303,2.18.56.0,255.255.252.0,7018
719,2.20.0.0,255.255.252.0,7018
52374,2.20.46.0,255.255.255.0,7018
3292,2.21.28.0,255.255.252.0,7018
61580,2.21.67.0,255.255.255.0,54004
37457,2.21.160.0,255.255.252.0,7018
1267,2.21.164.0,255.255.252.0,7018
1299,2.22.36.0,255.255.252.0,7018
852,2.22.72.0,255.255.252.0,54004
55836,2.22.176.0,255.255.240.0,54004
12400,2.22.233.0,255.255.255.0,7018
200612,2.23.168.0,255.255.252.0,7018
2856,2.24.0.0,255.248.0.0,7018
30722,2.32.0.0,255.255.0.0,7018
5384,2.48.0.0,255.252.0.0,7018
15830,2.56.0.0,255.255.252.0,54004
40676,2.56.8.0,255.255.255.0,54004
213373,2.56.10.0,255.255.255.0,7018
57344,2.56.14.0,255.255.255.0,7018
9009,2.56.16.0,255.255.252.0,7018
12552,2.56.28.0,255.255.252.0,7018
5650,2.56.32.0,255.255.252.0,7018
3758,2.56.56.0,255.255.252.0,54004
209216,2.56.76.0,255.255.252.0,7018
42929,2.56.80.0,255.255.252.0,7018
51561,2.56.84.0,255.255.252.0,7018
210079,2.56.88.0,255.255.255.0,7018
216139,2.56.90.0,255.255.255.0,7018
30058,2.56.101.0,255.255.255.0,7018
29066,2.56.102.0,255.255.255.0,7018
206610,2.56.104.0,255.255.252.0,54004
205463,2.56.108.0,255.255.255.0,54004
58061,2.56.112.0,255.255.255.0,54004
397373,2.56.114.0,255.255.254.0,54004
209847,2.56.118.0,255.255.255.0,54004
202371,2.56.131.0,255.255.255.0,7018
8767,2.56.135.0,255.255.255.0,7018
48031,2.56.136.0,255.255.255.0,54004
49505,2.56.138.0,255.255.255.0,54004
212238,2.56.148.0,255.255.255.0,54004
15401,2.56.156.0,255.255.254.0,7018
12453,2.56.160.0,255.255.252.0,7018
142594,2.56.166.0,255.255.255.0,54004
49870,2.56.167.0,255.255.255.0,7018
43309,2.56.168.0,255.255.255.0,54004
8315,2.56.171.0,255.255.255.0,7018
33993,2.56.178.0,255.255.255.0,7018
31566,2.56.180.0,255.255.252.0,7018
62240,2.56.188.0,255.255.252.0,54004
36224,2.56.200.0,255.255.255.0,54004
39560,2.56.208.0,255.255.252.0,7018
202448,2.56.212.0,255.255.255.0,7018
41960,2.56.216.0,255.255.252.0,54004
199524,2.56.220.0,255.255.255.0,54004
21221,2.56.226.0,255.255.254.0,7018
203020,2.56.228.0,255.255.252.0,54004
43140,2.56.232.0,255.255.252.0,7018
3257,2.56.236.0,255.255.252.0,7018
198610,2.56.240.0,255.255.254.0,7018
213250,2.56.245.0,255.255.255.0,54004
203446,2.56.246.0,255.255.255.0,54004
262287,2.56.249.0,255.255.255.0,54004
204170,2.56.253.0,255.255.255.0,7018
40065,2.56.255.0,255.255.255.0,54004
60134,2.57.2.0,255.255.255.0,7018
204861,2.57.4.0,255.255.252.0,7018
205384,2.57.10.0,255.255.254.0,7018
43641,2.57.20.0,255.255.254.0,54004
29802,2.57.22.0,255.255.255.0,54004
61317,2.57.23.0,255.255.255.0,54004
210017,2.57.43.0,255.255.255.0,7018
50782,2.57.48.0,255.255.252.0,7018
25151,2.57.56.0,255.255.255.0,7018
48635,2.57.57.0,255.255.255.0,7018
203462,2.57.84.0,255.255.252.0,7018
47583,2.57.88.0,255.255.254.0,54004
30337,2.57.92.0,255.255.252.0,54004
41798,2.57.96.0,255.255.255.0,54004
42473,2.57.104.0,255.255.255.0,54004
15943,2.57.116.0,255.255.252.0,7018
47890,2.57.120.0,255.255.255.0,7018
24961,2.57.123.0,255.255.255.0,7018
201893,2.57.132.0,255.255.252.0,7018
31229,2.57.136.0,255.255.252.0,7018
43424,2.57.140.0,255.255.252.0,7018
39568,2.57.149.0,255.255.255.0,54004
20647,2.57.160.0,255.255.252.0,7018
396356,2.57.168.0,255.255.255.0,54004
41564,2.57.169.0,255.255.255.0,54004
25273,2.57.172.0,255.255.252.0,7018
208781,2.57.196.0,255.255.254.0,7018
197522,2.57.204.0,255.255.252.0,54004
209062,2.57.208.0,255.255.254.0,7018
206264,2.57.214.0,255.255.255.0,7018
207568,2.57.222.0,255.255.254.0,7018
12956,2.57.224.0,255.255.252.0,7018
57032,2.57.239.0,255.255.255.0,7018
57043,2.57.242.0,255.255.255.0,54004
42318,2.57.244.0,255.255.252.0,7018
213279,2.57.252.0,255.255.255.0,7018
174,2.58.4.0,255.255.252.0,7018
24875,2.58.21.0,255.255.255.0,7018
202204,2.58.24.0,255.255.252.0,7018
203779,2.58.24.0,255.255.254.0,7018
13213,2.58.29.0,255.255.255.0,7018
9119,2.58.48.0,255.255.252.0,7018
200462,2.58.52.0,255.255.254.0,7018
12676,2.58.54.0,255.255.255.0,7018
50340,2.58.68.0,255.255.252.0,54004
42831,2.58.86.0,255.255.255.0,7018
34295,2.58.92.0,255.255.255.0,7018
210218,2.58.93.0,255.255.255.0,7018
9002,2.58.98.0,255.255.255.0,7018
3320,2.58.100.0,255.255.255.0,7018
39686,2.58.108.0,255.255.252.0,7018
209185,2.58.112.0,255.255.255.0,7018
49581,2.58.113.0,255.255.255.0,54004
197537,2.58.115.0,255.255.255.0,54004
15605,2.58.128.0,255.255.252.0,7018
42013,2.58.132.0,255.255.252.0,7018
24864,2.58.144.0,255.255.254.0,7018
5065,2.58.168.0,255.255.255.0,54004
136557,2.58.170.0,255.255.255.0,54004
3170,2.58.175.0,255.255.255.0,7018
209181,2.58.192.0,255.255.252.0,54004
52073,2.58.198.0,255.255.255.0,7018
152586,2.58.200.0,255.255.255.0,54004
50581,2.58.204.0,255.255.252.0,7018
210063,2.58.212.0,255.255.255.0,54004
213527,2.58.214.0,255.255.255.0,54004
202805,2.58.216.0,255.255.255.0,7018
35007,2.58.218.0,255.255.254.0,7018
201843,2.58.224.0,255.255.255.0,7018
133334,2.58.228.0,255.255.252.0,54004
9678,2.58.240.0,255.255.255.0,54004
59210,2.59.2.0,255.255.255.0,7018
42425,2.59.4.0,255.255.255.0,54004
42830,2.59.10.0,255.255.254.0,7018
200148,2.59.16.0,255.255.252.0,7018
207821,2.59.28.0,255.255.255.0,7018
30742,2.59.32.0,255.255.252.0,7018
39572,2.59.36.0,255.255.252.0,7018
9123,2.59.40.0,255.255.255.0,7018
35048,2.59.50.0,255.255.255.0,7018
201776,2.59.51.0,255.255.255.0,7018
48266,2.59.61.0,255.255.255.0,7018
63023,2.59.62.0,255.255.255.0,54004
29119,2.59.92.0,255.255.252.0,7018
132839,2.59.100.0,255.255.252.0,54004
34471,2.59.111.0,255.255.255.0,7018
200845,2.59.112.0,255.255.252.0,7018
212219,2.59.119.0,255.255.255.0,7018
212865,2.59.120.0,255.255.252.0,7018
58212,2.59.132.0,255.255.252.0,54004
8368,2.59.136.0,255.255.252.0,7018
59919,2.59.140.0,255.255.252.0,7018
16347,2.59.144.0,255.255.252.0,7018
400866,2.59.148.0,255.255.254.0,54004
136038,2.59.152.0,255.255.255.0,54004
141039,2.59.157.0,255.255.255.0,7018
207713,2.59.161.0,255.255.255.0,54004
49981,2.59.168.0,255.255.252.0,7018
49028,2.59.188.0,255.255.252.0,7018
62005,2.59.216.0,255.255.255.0,54004
200019,2.59.219.0,255.255.255.0,7018
209155,2.59.220.0,255.255.252.0,54004
209992,2.59.228.0,255.255.255.0,7018
209835,2.59.232.0,255.255.252.0,7018
24904,2.59.236.0,255.255.252.0,7018
215730,2.59.253.0,255.255.255.0,54004
207083,2.59.254.0,255.255.255.0,54004
21738,2.59.255.0,255.255.255.0,54004
44034,2.64.0.0,255.248.0.0,7018
3243,2.80.0.0,255.252.0.0,7018
6799,2.84.0.0,255.252.0.0,7018
25019,2.88.0.0,255.252.0.0,7018
8402,2.92.0.0,255.252.0.0,7018
3216,2.94.0.0,255.255.255.0,7018
3253,2.94.143.0,255.255.255.0,7018
13285,2.96.0.0,255.248.0.0,7018
3269,2.112.0.0,255.254.0.0,7018
5607,2.120.0.0,255.248.0.0,7018
9158,2.128.0.0,255.252.0.0,7018
9198,2.132.0.0,255.252.0.0,54004
3352,2.136.0.0,255.255.0.0,7018
44244,2.144.0.0,255.255.0.0,7018
2119,2.148.0.0,255.252.0.0,7018
12430,2.154.0.0,255.254.0.0,7018
6739,2.154.0.0,255.255.0.0,7018
12880,2.176.0.0,255.240.0.0,7018
58224,2.176.0.0,255.254.0.0,7018
60148,2.180.254.0,255.255.255.0,7018
49666,2.188.0.0,255.255.0.0,7018
50810,2.188.32.0,255.255.248.0,7018
42337,2.188.40.0,255.255.255.0,7018
48159,2.189.40.0,255.255.254.0,7018
204650,2.189.96.0,255.255.255.0,7018
48147,2.189.242.0,255.255.255.0,7018
3209,2.200.0.0,255.248.0.0,7018
6805,2.208.0.0,255.248.0.0,7018
3301,2.248.0.0,255.252.0.0,7018
8987,3.4.24.0,255.255.255.0,54004
3356,4.0.0.0,255.128.0.0,7018
203,4.4.61.192,255.255.255.192,7018
10753,4.14.227.64,255.255.255.224,54004
14127,4.19.12.0,255.255.255.0,54004
7287,4.23.88.0,255.255.255.0,7018
1,4.31.236.64,255.255.255.248,7018
6619,4.35.69.0,255.255.255.0,54004
13904,4.58.130.0,255.255.255.0,7018
213896,5.1.40.0,255.255.255.0,7018
212559,5.1.42.0,255.255.255.0,7018
34549,5.1.64.0,255.255.224.0,7018
51699,5.1.64.0,255.255.255.0,54004
212567,5.1.66.0,255.255.255.0,7018
207439,5.1.67.0,255.255.255.0,7018
24679,5.1.68.0,255.255.255.0,7018
56382,5.1.94.0,255.255.255.0,7018
198385,5.1.96.0,255.255.248.0,7018
17056,5.1.113.0,255.255.255.0,7018
198471,5.2.0.0,255.255.240.0,7018
21472,5.2.16.0,255.255.248.0,7018
41560,5.2.32.0,255.255.248.0,54004
60404,5.2.64.0,255.255.240.0,54004
3188,5.2.80.0,255.255.255.0,54004
31655,5.2.96.0,255.255.224.0,7018
31483,5.3.0.0,255.255.255.0,7018
9049,5.3.85.0,255.255.255.0,7018
34665,5.8.8.0,255.255.252.0,7018
8492,5.8.17.0,255.255.255.0,54004
39087,5.8.36.0,255.255.254.0,54004
210756,5.8.42.0,255.255.255.0,54004
214790,5.8.44.0,255.255.255.0,7018
44626,5.8.59.0,255.255.255.0,7018
19437,5.8.63.0,255.255.255.0,7018
56340,5.8.80.0,255.255.248.0,7018
30848,5.8.96.0,255.255.224.0,7018
31126,5.8.128.0,255.255.252.0,7018
31261,5.8.177.0,255.255.255.0,7018
51219,5.8.180.0,255.255.254.0,7018
7155,5.8.184.0,255.255.248.0,54004
20485,5.8.192.0,255.255.248.0,7018
49301,5.8.192.0,255.255.252.0,7018
15774,5.8.200.0,255.255.255.0,7018
21365,5.8.224.0,255.255.240.0,7018
24940,5.9.0.0,255.255.0.0,7018
198726,5.10.0.0,255.255.248.0,7018
57154,5.10.8.0,255.255.248.0,7018
60610,5.10.16.0,255.255.254.0,7018
12703,5.10.23.0,255.255.255.0,7018
198967,5.10.40.0,255.255.252.0,7018
36351,5.10.96.0,255.255.224.0,54004
23764,5.10.136.0,255.255.255.0,7018
25160,5.10.144.0,255.255.240.0,7018
51088,5.10.192.0,255.255.255.0,7018
54103,5.10.193.0,255.255.255.0,54004
49835,5.10.200.0,255.255.255.0,7018
50448,5.10.221.0,255.255.255.0,54004
209604,5.10.223.0,255.255.255.0,54004
205800,5.10.226.0,255.255.255.0,7018
30844,5.11.8.0,255.255.248.0,7018
21277,5.11.19.0,255.255.255.0,7018
205020,5.11.28.0,255.255.252.0,7018
207701,5.11.31.0,255.255.255.0,7018
47217,5.11.32.0,255.255.248.0,7018
56814,5.11.60.0,255.255.254.0,7018
31214,5.11.64.0,255.255.240.0,54004
35415,5.11.80.0,255.255.255.0,7018
196646,5.11.88.0,255.255.255.0,7018
21412,5.20.0.0,255.255.240.0,7018
50010,5.21.0.0,255.255.0.0,7018
197207,5.22.0.0,255.255.240.0,7018
50463,5.22.128.0,255.255.248.0,7018
51043,5.22.136.0,255.255.248.0,7018
48964,5.22.157.0,255.255.255.0,54004
34259,5.22.159.0,255.255.255.0,54004
31042,5.22.160.0,255.255.224.0,7018
202053,5.22.208.0,255.255.252.0,7018
5413,5.22.224.0,255.255.248.0,7018
2116,5.22.232.0,255.255.252.0,7018
43905,5.22.236.0,255.255.255.0,7018
197524,5.22.240.0,255.255.248.0,7018
39704,5.22.248.0,255.255.248.0,7018
6453,5.23.0.0,255.255.224.0,7018
34977,5.23.12.0,255.255.252.0,7018
40009,5.23.20.0,255.255.255.0,7018
5610,5.23.39.0,255.255.255.0,7018
13193,5.23.40.0,255.255.248.0,7018
12969,5.23.64.0,255.255.224.0,7018
8636,5.23.96.0,255.255.248.0,54004
57214,5.23.104.0,255.255.248.0,54004
48944,5.23.112.0,255.255.248.0,7018
6848,5.23.128.0,255.255.128.0,7018
12303,5.28.0.0,255.255.248.0,7018
8439,5.28.16.0,255.255.240.0,7018
42010,5.28.48.0,255.255.248.0,7018
35425,5.28.56.0,255.255.248.0,7018
12849,5.28.128.0,255.255.192.0,7018
1273,5.28.192.0,255.255.192.0,7018
15802,5.30.0.0,255.254.0.0,54004
44549,5.32.136.0,255.255.248.0,7018
43714,5.32.144.0,255.255.248.0,7018
15533,5.32.152.0,255.255.248.0,7018
15836,5.32.168.0,255.255.248.0,7018
34547,5.32.176.0,255.255.254.0,7018
28885,5.32.192.0,255.255.192.0,7018
21299,5.34.0.0,255.255.128.0,54004
197556,5.34.16.0,255.255.240.0,54004
35566,5.34.47.0,255.255.255.0,54004
51407,5.34.160.0,255.255.248.0,7018
204957,5.34.176.0,255.255.254.0,54004
21100,5.34.180.0,255.255.254.0,7018
15626,5.34.182.0,255.255.255.0,54004
42532,5.34.208.0,255.255.248.0,7018
38136,5.34.216.0,255.255.252.0,54004
39835,5.34.224.0,255.255.248.0,7018
57858,5.34.240.0,255.255.255.0,54004
198288,5.34.248.0,255.255.248.0,7018
216071,5.35.32.0,255.255.255.0,54004
196695,5.35.40.0,255.255.255.0,54004
205516,5.35.80.0,255.255.255.0,54004
29182,5.35.96.0,255.255.254.0,54004
61424,5.35.103.0,255.255.255.0,7018
41275,5.35.112.0,255.255.252.0,54004
51685,5.35.116.0,255.255.252.0,54004
208349,5.35.120.0,255.255.254.0,54004
43530,5.35.128.0,255.255.224.0,54004
8681,5.35.160.0,255.255.248.0,7018
49820,5.35.176.0,255.255.248.0,7018
42303,5.35.184.0,255.255.248.0,7018
31577,5.35.200.0,255.255.248.0,7018
5606,5.35.208.0,255.255.248.0,7018
20773,5.35.224.0,255.255.224.0,54004
5483,5.38.128.0,255.255.128.0,7018
16276,5.39.0.0,255.255.128.0,54004
34594,5.39.128.0,255.255.224.0,7018
31673,5.39.168.0,255.255.248.0,7018
21267,5.39.176.0,255.255.248.0,54004
58291,5.39.184.0,255.255.248.0,7018
7029,5.39.192.0,255.255.252.0,7018
42689,5.39.196.0,255.255.254.0,7018
47232,5.39.200.0,255.255.254.0,7018
50338,5.39.202.0,255.255.254.0,7018
198792,5.39.224.0,255.255.248.0,7018
51985,5.39.232.0,255.255.248.0,7018
48173,5.39.240.0,255.255.248.0,7018
44486,5.39.251.0,255.255.255.0,7018
49791,5.39.253.0,255.255.255.0,54004
201748,5.40.158.0,255.255.255.0,7018
39493,5.42.0.0,255.255.192.0,7018
201826,5.42.88.0,255.255.255.0,54004
8680,5.42.128.0,255.255.248.0,7018
41998,5.42.136.0,255.255.252.0,7018
58208,5.42.152.0,255.255.252.0,7018
208226,5.42.158.0,255.255.255.0,54004
57976,5.42.160.0,255.255.252.0,7018
197883,5.42.193.0,255.255.255.0,7018
200780,5.42.200.0,255.255.255.0,7018
206244,5.42.205.0,255.255.255.0,7018
8849,5.42.206.0,255.255.255.0,54004
33921,5.42.207.0,255.255.255.0,7018
43278,5.42.211.0,255.255.255.0,54004
200436,5.42.217.0,255.255.255.0,7018
35753,5.42.224.0,255.255.224.0,7018
12353,5.43.0.0,255.255.192.0,7018
42560,5.43.64.0,255.255.192.0,7018
48642,5.43.128.0,255.255.224.0,7018
51248,5.43.224.0,255.255.248.0,7018
29050,5.43.232.0,255.255.248.0,7018
21191,5.43.240.0,255.255.252.0,7018
13768,5.44.16.0,255.255.248.0,54004
48763,5.44.40.0,255.255.255.0,7018
39787,5.44.64.0,255.255.248.0,7018
8648,5.44.96.0,255.255.252.0,7018
15600,5.44.112.0,255.255.240.0,7018
34757,5.44.168.0,255.255.254.0,7018
41794,5.44.170.0,255.255.254.0,7018
40995,5.44.172.0,255.255.254.0,7018
47433,5.44.174.0,255.255.254.0,7018
12757,5.44.191.0,255.255.255.0,7018
29518,5.44.192.0,255.255.240.0,7018
41491,5.44.208.0,255.255.248.0,7018
43513,5.44.216.0,255.255.248.0,7018
49223,5.44.250.0,255.255.255.0,54004
58349,5.44.253.0,255.255.255.0,54004
46261,5.44.255.0,255.255.255.0,54004
203842,5.45.20.0,255.255.252.0,7018
42707,5.45.32.0,255.255.252.0,7018
12722,5.45.80.0,255.255.252.0,54004
9038,5.45.128.0,255.255.255.0,7018
29141,5.45.176.0,255.255.248.0,7018
5410,5.48.0.0,255.252.0.0,7018
50923,5.53.16.0,255.255.240.0,54004
29222,5.53.104.0,255.255.248.0,7018
35297,5.53.112.0,255.255.248.0,7018
8717,5.53.128.0,255.255.128.0,7018
3329,5.54.0.0,255.254.0.0,7018
39120,5.56.8.0,255.255.252.0,7018
62553,5.56.24.0,255.255.255.0,54004
36530,5.56.27.0,255.255.255.0,54004
41075,5.56.32.0,255.255.255.0,7018
12301,5.56.34.0,255.255.255.0,7018
199248,5.56.40.0,255.255.255.0,7018
24916,5.56.48.0,255.255.248.0,7018
57286,5.56.56.0,255.255.252.0,7018
8926,5.56.64.0,255.255.192.0,7018
51026,5.56.132.0,255.255.255.0,54004
31027,5.56.144.0,255.255.240.0,7018
202207,5.56.160.0,255.255.252.0,7018
39010,5.57.3.0,255.255.255.0,7018
8449,5.57.8.0,255.255.248.0,54004
43996,5.57.16.0,255.255.252.0,7018
202196,5.57.20.0,255.255.254.0,54004
199434,5.57.24.0,255.255.255.0,7018
204104,5.57.33.0,255.255.255.0,54004
213775,5.57.36.0,255.255.255.0,7018
198154,5.57.38.0,255.255.255.0,54004
50372,5.57.40.0,255.255.248.0,7018
8330,5.57.88.0,255.255.248.0,7018
49902,5.57.96.0,255.255.224.0,7018
12360,5.57.192.0,255.255.248.0,7018
199554,5.57.200.0,255.255.248.0,7018
25697,5.57.208.0,255.255.255.0,7018
49121,5.57.209.0,255.255.255.0,7018
44539,5.57.212.0,255.255.255.0,54004
7393,5.57.213.0,255.255.255.0,7018
28775,5.57.232.0,255.255.248.0,7018
35100,5.57.240.0,255.255.248.0,54004
16223,5.58.0.0,255.255.128.0,7018
31117,5.59.35.0,255.255.255.0,54004
62161,5.59.36.0,255.255.255.0,7018
202813,5.59.60.0,255.255.254.0,7018
205645,5.59.68.0,255.255.252.0,7018
41050,5.59.79.0,255.255.255.0,7018
203068,5.59.88.0,255.255.252.0,7018
202654,5.59.92.0,255.255.254.0,7018
57707,5.59.97.0,255.255.255.0,7018
204666,5.59.102.0,255.255.254.0,7018
56400,5.59.106.0,255.255.255.0,54004
206818,5.59.112.0,255.255.252.0,7018
44587,5.59.120.0,255.255.248.0,7018
47626,5.59.128.0,255.255.224.0,7018
211726,5.59.180.0,255.255.255.0,7018
212109,5.59.182.0,255.255.255.0,7018
48481,5.59.184.0,255.255.254.0,54004
208864,5.59.188.0,255.255.252.0,7018
51500,5.59.198.0,255.255.255.0,54004
204741,5.59.212.0,255.255.252.0,7018
50083,5.59.224.0,255.255.255.0,7018
208149,5.59.243.0,255.255.255.0,7018
60720,5.59.244.0,255.255.252.0,54004
212271,5.59.248.0,255.255.248.0,7018
204923,5.61.0.0,255.255.248.0,7018
25227,5.61.8.0,255.255.252.0,7018
51178,5.61.13.0,255.255.255.0,54004
47764,5.61.16.0,255.255.248.0,54004
8469,5.61.80.0,255.255.248.0,7018
20904,5.61.94.0,255.255.255.0,7018
25460,5.61.120.0,255.255.248.0,7018
58243,5.61.128.0,255.255.192.0,7018
29286,5.61.192.0,255.255.248.0,54004
202709,5.61.216.0,255.255.248.0,7018
12333,5.61.224.0,255.255.248.0,7018
47169,5.61.240.0,255.255.248.0,7018
133480,5.62.23.0,255.255.255.0,7018
16397,5.62.51.0,255.255.255.0,54004
199610,5.62.64.0,255.255.254.0,7018
62275,5.62.72.0,255.255.248.0,7018
14537,5.62.80.0,255.255.240.0,54004
57218,5.62.192.0,255.255.255.0,7018
37284,5.63.0.0,255.255.248.0,7018
206947,5.63.17.0,255.255.255.0,7018
44947,5.63.23.0,255.255.255.0,54004
62336,5.63.32.0,255.255.224.0,7018
49813,5.63.128.0,255.255.248.0,54004
21309,5.63.136.0,255.255.248.0,7018
197695,5.63.152.0,255.255.255.0,54004
49800,5.63.160.0,255.255.248.0,54004
16110,5.63.185.0,255.255.255.0,7018
205776,5.63.186.0,255.255.254.0,7018
197704,5.63.188.0,255.255.254.0,7018
21334,5.63.192.0,255.255.192.0,7018
20860,5.77.32.0,255.255.224.0,7018
31727,5.77.39.0,255.255.255.0,7018
44395,5.77.128.0,255.255.128.0,7018
212317,5.78.0.0,255.255.0.0,7018
8369,5.79.128.0,255.255.128.0,54004
51050,5.83.0.0,255.255.248.0,7018
58273,5.83.8.0,255.255.254.0,7018
35362,5.83.16.0,255.255.248.0,54004
34060,5.83.32.0,255.255.255.0,7018
3164,5.83.43.0,255.255.255.0,7018
12586,5.83.128.0,255.255.240.0,54004
214639,5.83.129.0,255.255.255.0,54004
53850,5.83.144.0,255.255.255.0,7018
44103,5.83.149.0,255.255.255.0,54004
209874,5.83.150.0,255.255.255.0,54004
214783,5.83.151.0,255.255.255.0,54004
207252,5.83.152.0,255.255.255.0,54004
200924,5.83.176.0,255.255.240.0,7018
25400,5.83.224.0,255.255.248.0,7018
28876,5.100.0.0,255.255.192.0,7018
42038,5.100.64.0,255.255.192.0,54004
46606,5.100.152.0,255.255.252.0,7018
2635,5.100.156.0,255.255.255.0,54004
61275,5.100.176.0,255.255.248.0,7018
52157,5.100.188.0,255.255.252.0,7018
207457,5.100.244.0,255.255.255.0,54004
204128,5.100.247.0,255.255.255.0,54004
28840,5.101.16.0,255.255.248.0,7018
201589,5.101.36.0,255.255.255.0,54004
61308,5.101.47.0,255.255.255.0,54004
8595,5.101.60.0,255.255.252.0,54004
48096,5.101.72.0,255.255.254.0,54004
60602,5.101.80.0,255.255.255.0,7018
62563,5.101.86.0,255.255.255.0,7018
50113,5.101.88.0,255.255.255.0,54004
44050,5.101.89.0,255.255.255.0,7018
14061,5.101.96.0,255.255.248.0,54004
200999,5.102.40.0,255.255.252.0,7018
42908,5.102.48.0,255.255.240.0,7018
41023,5.102.64.0,255.255.254.0,7018
7488,5.102.96.0,255.255.252.0,54004
20473,5.102.113.0,255.255.255.0,54004
199976,5.102.128.0,255.255.255.0,7018
201359,5.102.131.0,255.255.255.0,7018
200380,5.102.135.0,255.255.255.0,7018
59414,5.102.144.0,255.255.248.0,7018
28890,5.102.152.0,255.255.248.0,7018
199284,5.102.160.0,255.255.248.0,7018
50300,5.102.168.0,255.255.255.0,7018
6908,5.102.184.0,255.255.248.0,7018
44869,5.103.0.0,255.255.0.0,7018
47883,5.104.0.0,255.255.240.0,7018
12779,5.104.26.0,255.255.254.0,7018
59815,5.104.32.0,255.255.224.0,54004
141995,5.104.80.0,255.255.252.0,54004
51873,5.104.88.0,255.255.248.0,7018
50624,5.104.96.0,255.255.248.0,7018
57112,5.104.112.0,255.255.240.0,7018
43350,5.104.136.0,255.255.255.0,7018
21263,5.104.144.0,255.255.248.0,54004
31083,5.104.175.0,255.255.255.0,7018
34524,5.104.176.0,255.255.255.0,7018
34659,5.104.192.0,255.255.248.0,7018
28760,5.104.216.0,255.255.248.0,7018
58321,5.104.248.0,255.255.248.0,7018
204384,5.105.0.0,255.255.252.0,54004
31200,5.128.0.0,255.255.0.0,54004
60119,5.129.176.0,255.255.252.0,54004
57494,5.129.192.0,255.255.255.0,7018
50266,5.132.0.0,255.255.128.0,7018
47692,5.132.157.0,255.255.255.0,7018
44066,5.132.158.0,255.255.255.0,7018
197155,5.133.8.0,255.255.255.0,7018
200088,5.133.10.0,255.255.255.0,7018
59395,5.133.16.0,255.255.248.0,7018
31543,5.133.32.0,255.255.248.0,7018
199468,5.133.40.0,255.255.248.0,7018
198102,5.133.48.0,255.255.252.0,7018
15440,5.133.65.0,255.255.255.0,7018
34177,5.133.68.0,255.255.252.0,7018
14717,5.133.72.0,255.255.252.0,7018
12494,5.133.76.0,255.255.252.0,7018
60880,5.133.84.0,255.255.252.0,7018
39184,5.133.92.0,255.255.255.0,7018
35617,5.133.96.0,255.255.252.0,7018
47605,5.133.104.0,255.255.252.0,7018
212602,5.133.114.0,255.255.255.0,7018
8193,5.133.120.0,255.255.252.0,54004
48011,5.133.124.0,255.255.254.0,54004
20875,5.133.128.0,255.255.224.0,7018
6830,5.133.162.0,255.255.255.0,7018
57099,5.133.172.0,255.255.252.0,7018
25577,5.133.184.0,255.255.252.0,7018
205081,5.133.190.0,255.255.255.0,7018
196925,5.133.224.0,255.255.240.0,7018
41107,5.133.240.0,255.255.248.0,7018
197227,5.133.248.0,255.255.248.0,7018
34762,5.134.0.0,255.255.248.0,7018
34282,5.134.8.0,255.255.248.0,7018
39440,5.134.24.0,255.255.248.0,7018
39232,5.134.48.0,255.255.252.0,7018
197336,5.134.64.0,255.255.254.0,7018
39039,5.134.68.0,255.255.252.0,7018
199075,5.134.72.0,255.255.248.0,7018
207810,5.134.84.0,255.255.254.0,54004
62129,5.134.88.0,255.255.248.0,7018
59432,5.134.112.0,255.255.248.0,7018
3242,5.134.120.0,255.255.248.0,7018
42656,5.134.208.0,255.255.248.0,7018
21367,5.134.216.0,255.255.248.0,7018
35177,5.139.192.0,255.255.248.0,7018
12668,5.141.234.0,255.255.254.0,7018
15468,5.143.176.0,255.255.240.0,7018
12730,5.143.192.0,255.255.224.0,7018
50714,5.143.227.0,255.255.255.0,7018
209823,5.144.32.0,255.255.255.0,7018
25091,5.144.34.0,255.255.254.0,7018
61349,5.144.88.0,255.255.254.0,54004
8359,5.144.96.0,255.255.224.0,7018
59441,5.144.128.0,255.255.248.0,7018
8304,5.144.136.0,255.255.248.0,7018
197991,5.144.144.0,255.255.248.0,7018
214143,5.144.154.0,255.255.255.0,54004
12637,5.144.160.0,255.255.240.0,7018
56971,5.144.179.0,255.255.255.0,54004
31638,5.144.184.0,255.255.248.0,7018
203165,5.145.104.0,255.255.248.0,7018
35193,5.145.120.0,255.255.255.0,7018
34953,5.145.128.0,255.255.240.0,7018
197206,5.145.148.0,255.255.252.0,7018
44381,5.145.152.0,255.255.248.0,7018
44265,5.145.160.0,255.255.248.0,7018
39020,5.145.168.0,255.255.255.0,7018
208484,5.145.184.0,255.255.248.0,7018
25180,5.148.0.0,255.255.128.0,7018
29691,5.148.160.0,255.255.224.0,7018
34960,5.149.0.0,255.255.248.0,7018
33967,5.149.8.0,255.255.248.0,7018
29467,5.149.112.0,255.255.255.0,7018
25393,5.149.120.0,255.255.252.0,7018
28907,5.149.124.0,255.255.252.0,54004
6696,5.149.136.0,255.255.254.0,7018
2611,5.149.143.0,255.255.255.0,7018
60731,5.149.158.0,255.255.255.0,54004
56410,5.149.168.0,255.255.248.0,7018
47548,5.149.176.0,255.255.240.0,7018
196890,5.149.192.0,255.255.248.0,7018
50477,5.149.200.0,255.255.252.0,54004
35816,5.149.208.0,255.255.240.0,7018
12611,5.149.224.0,255.255.240.0,7018
197248,5.149.240.0,255.255.255.0,7018
59711,5.149.248.0,255.255.254.0,7018
60187,5.150.22.0,255.255.255.0,7018
3302,5.150.128.0,255.255.240.0,7018
34912,5.150.144.0,255.255.248.0,7018
8473,5.150.192.0,255.255.192.0,7018
6079,5.151.103.0,255.255.255.0,7018
35805,5.152.0.0,255.255.128.0,7018
202870,5.152.128.0,255.255.255.0,7018
214875,5.152.136.0,255.255.248.0,7018
197075,5.152.144.0,255.255.255.0,7018
60530,5.152.145.0,255.255.255.0,7018
57630,5.152.152.0,255.255.254.0,7018
59472,5.152.160.0,255.255.255.0,7018
5538,5.152.224.0,255.255.248.0,7018
44574,5.153.96.0,255.255.248.0,7018
3261,5.153.128.0,255.255.224.0,7018
41039,5.153.176.0,255.255.252.0,7018
196977,5.153.188.0,255.255.252.0,54004
207614,5.154.7.0,255.255.255.0,7018
199952,5.154.19.0,255.255.255.0,7018
206492,5.154.170.0,255.255.255.0,7018
207535,5.154.180.0,255.255.255.0,54004
41110,5.154.190.0,255.255.255.0,54004
6718,5.154.224.0,255.255.255.0,7018
59790,5.154.233.0,255.255.255.0,54004
58065,5.157.6.0,255.255.255.0,54004
62163,5.157.64.0,255.255.248.0,7018
35612,5.157.96.0,255.255.224.0,7018
49687,5.157.136.0,255.255.248.0,7018
199181,5.158.64.0,255.255.240.0,7018
43160,5.158.80.0,255.255.255.0,7018
38934,5.158.96.0,255.255.224.0,7018
2914,5.158.208.0,255.255.248.0,7018
34892,5.158.232.0,255.255.255.0,7018
49808,5.159.0.0,255.255.252.0,7018
9136,5.159.24.0,255.255.248.0,7018
61194,5.159.40.0,255.255.248.0,7018
198357,5.159.48.0,255.255.255.0,7018
59507,5.159.56.0,255.255.248.0,7018
201035,5.159.76.0,255.255.252.0,7018
59508,5.159.96.0,255.255.252.0,7018
197078,5.159.112.0,255.255.248.0,7018
59659,5.159.120.0,255.255.248.0,7018
12338,5.159.128.0,255.255.192.0,7018
45014,5.159.196.0,255.255.255.0,7018
48620,5.159.200.0,255.255.248.0,7018
34655,5.159.216.0,255.255.255.0,7018
47381,5.159.232.0,255.255.252.0,7018
50144,5.159.236.0,255.255.255.0,7018
200554,5.160.10.0,255.255.255.0,54004
51431,5.160.47.0,255.255.255.0,54004
60539,5.160.111.0,255.255.255.0,54004
62048,5.160.146.0,255.255.255.0,7018
42586,5.160.188.0,255.255.255.0,7018
62039,5.160.204.0,255.255.254.0,7018
43395,5.160.240.0,255.255.255.0,7018
49433,5.160.242.0,255.255.255.0,7018
35615,5.160.244.0,255.255.254.0,7018
213230,5.161.0.0,255.255.0.0,7018
28964,5.172.32.0,255.255.255.0,7018
9304,5.172.33.0,255.255.255.0,54004
9125,5.172.34.0,255.255.254.0,7018
20559,5.172.40.0,255.255.248.0,7018
43599,5.172.48.0,255.255.240.0,7018
31115,5.172.64.0,255.255.224.0,7018
51580,5.172.96.0,255.255.254.0,7018
20712,5.172.160.0,255.255.240.0,7018
212136,5.172.178.0,255.255.255.0,54004
27176,5.172.181.0,255.255.255.0,54004
29695,5.172.182.0,255.255.255.0,7018
15798,5.172.184.0,255.255.252.0,7018
199081,5.172.192.0,255.255.240.0,7018
197389,5.172.200.0,255.255.255.0,7018
13113,5.172.208.0,255.255.248.0,7018
8374,5.172.224.0,255.255.224.0,7018
39603,5.173.0.0,255.255.128.0,7018
201019,5.173.224.0,255.255.224.0,7018
200993,5.175.134.0,255.255.255.0,54004
214019,5.175.135.0,255.255.255.0,7018
47585,5.175.136.0,255.255.255.0,54004
146943,5.175.139.0,255.255.255.0,7018
214915,5.175.180.0,255.255.255.0,7018
211066,5.175.192.0,255.255.255.0,54004
197071,5.175.206.0,255.255.255.0,54004
62904,5.175.211.0,255.255.255.0,54004
48314,5.175.233.0,255.255.255.0,54004
215685,5.175.239.0,255.255.255.0,54004
211301,5.175.249.0,255.255.255.0,54004
60064,5.178.2.0,255.255.255.0,7018
39647,5.178.32.0,255.255.248.0,7018
15962,5.178.48.0,255.255.240.0,7018
50673,5.178.64.0,255.255.248.0,7018
42708,5.178.72.0,255.255.248.0,7018
140641,5.178.98.0,255.255.255.0,7018
214271,5.178.102.0,255.255.255.0,7018
59554,5.178.112.0,255.255.248.0,7018
60475,5.178.120.0,255.255.248.0,7018
16010,5.178.128.0,255.255.128.0,7018
49463,5.179.120.0,255.255.248.0,7018
34244,5.180.0.0,255.255.252.0,7018
210135,5.180.19.0,255.255.255.0,7018
18978,5.180.25.0,255.255.255.0,7018
215026,5.180.34.0,255.255.255.0,54004
56987,5.180.57.0,255.255.255.0,7018
147049,5.180.61.0,255.255.255.0,54004
215703,5.180.82.0,255.255.255.0,54004
212514,5.180.83.0,255.255.255.0,7018
5511,5.180.84.0,255.255.252.0,7018
209141,5.180.92.0,255.255.252.0,7018
55933,5.180.96.0,255.255.252.0,54004
49063,5.180.101.0,255.255.255.0,54004
197450,5.180.104.0,255.255.255.0,7018
209737,5.180.105.0,255.255.255.0,54004
57169,5.180.114.0,255.255.255.0,54004
208244,5.180.115.0,255.255.255.0,7018
35202,5.180.116.0,255.255.252.0,7018
29657,5.180.123.0,255.255.255.0,7018
209549,5.180.124.0,255.255.255.0,7018
43633,5.180.128.0,255.255.252.0,7018
13030,5.180.132.0,255.255.252.0,7018
207569,5.180.136.0,255.255.255.0,54004
210702,5.180.139.0,255.255.255.0,54004
51184,5.180.152.0,255.255.252.0,7018
209137,5.180.168.0,255.255.252.0,7018
50867,5.180.174.0,255.255.254.0,7018
137409,5.180.179.0,255.255.255.0,7018
24971,5.180.200.0,255.255.252.0,7018
49544,5.180.216.0,255.255.254.0,54004
204805,5.180.224.0,255.255.252.0,7018
8637,5.180.228.0,255.255.255.0,7018
199290,5.180.248.0,255.255.254.0,7018
1197,5.181.8.0,255.255.252.0,7018
34984,5.181.16.0,255.255.255.0,7018
206119,5.181.19.0,255.255.255.0,54004
205847,5.181.56.0,255.255.255.0,7018
50360,5.181.80.0,255.255.255.0,7018
43260,5.181.84.0,255.255.255.0,7018
48678,5.181.85.0,255.255.255.0,54004
43915,5.181.104.0,255.255.252.0,7018
9063,5.181.116.0,255.255.252.0,7018
50469,5.181.120.0,255.255.254.0,7018
55720,5.181.132.0,255.255.255.0,54004
202673,5.181.135.0,255.255.255.0,7018
39798,5.181.156.0,255.255.255.0,54004
26548,5.181.170.0,255.255.255.0,54004
214677,5.181.177.0,255.255.255.0,54004
212477,5.181.180.0,255.255.255.0,7018
36352,5.181.182.0,255.255.255.0,54004
201814,5.181.188.0,255.255.252.0,54004
207208,5.181.191.0,255.255.255.0,54004
60989,5.181.192.0,255.255.252.0,7018
59637,5.181.208.0,255.255.252.0,7018
214286,5.181.220.0,255.255.255.0,7018
45102,5.181.224.0,255.255.254.0,54004
42947,5.181.236.0,255.255.255.0,7018
198690,5.181.244.0,255.255.252.0,7018
209116,5.181.248.0,255.255.252.0,54004
44128,5.181.252.0,255.255.254.0,7018
209709,5.182.12.0,255.255.252.0,54004
8860,5.182.21.0,255.255.255.0,7018
216199,5.182.34.0,255.255.255.0,54004
209110,5.182.40.0,255.255.252.0,7018
61173,5.182.44.0,255.255.255.0,7018
41720,5.182.48.0,255.255.255.0,54004
53340,5.182.50.0,255.255.255.0,54004
64249,5.182.51.0,255.255.255.0,7018
43045,5.182.52.0,255.255.252.0,54004
57843,5.182.64.0,255.255.255.0,54004
205891,5.182.68.0,255.255.252.0,7018
210644,5.182.86.0,255.255.255.0,54004
209106,5.182.96.0,255.255.252.0,7018
214432,5.182.112.0,255.255.255.0,54004
212683,5.182.115.0,255.255.255.0,7018
209097,5.182.144.0,255.255.255.0,54004
206548,5.182.148.0,255.255.252.0,7018
5539,5.182.154.0,255.255.254.0,7018
205555,5.182.156.0,255.255.255.0,7018
48918,5.182.178.0,255.255.255.0,7018
7015,5.182.187.0,255.255.255.0,7018
206521,5.182.189.0,255.255.255.0,54004
62068,5.182.208.0,255.255.255.0,7018
35280,5.182.212.0,255.255.252.0,7018
134548,5.182.216.0,255.255.252.0,7018
21396,5.182.220.0,255.255.252.0,7018
56630,5.182.228.0,255.255.252.0,7018
12897,5.182.236.0,255.255.252.0,7018
31034,5.182.240.0,255.255.252.0,7018
47176,5.183.4.0,255.255.255.0,7018
39305,5.183.16.0,255.255.255.0,7018
197033,5.183.18.0,255.255.255.0,7018
12748,5.183.20.0,255.255.252.0,7018
57334,5.183.28.0,255.255.252.0,7018
57395,5.183.48.0,255.255.252.0,7018
35258,5.183.72.0,255.255.252.0,7018
224,5.183.79.0,255.255.255.0,7018
57353,5.183.84.0,255.255.252.0,7018
22773,5.183.88.0,255.255.252.0,7018
6424,5.183.96.0,255.255.252.0,7018
51083,5.183.104.0,255.255.252.0,7018
200818,5.183.108.0,255.255.255.0,7018
41327,5.183.110.0,255.255.255.0,7018
18186,5.183.116.0,255.255.255.0,7018
197133,5.183.124.0,255.255.252.0,7018
50187,5.183.146.0,255.255.255.0,7018
43618,5.183.150.0,255.255.255.0,7018
212344,5.183.162.0,255.255.255.0,7018
49292,5.183.164.0,255.255.254.0,7018
60201,5.183.168.0,255.255.255.0,7018
39383,5.183.170.0,255.255.255.0,7018
202486,5.183.180.0,255.255.255.0,7018
200487,5.183.188.0,255.255.255.0,54004
200438,5.183.192.0,255.255.255.0,7018
12998,5.183.200.0,255.255.252.0,54004
5405,5.183.211.0,255.255.255.0,7018
56689,5.183.232.0,255.255.252.0,7018
20655,5.183.253.0,255.255.255.0,54004
5617,5.184.0.0,255.254.0.0,7018
49628,5.187.8.0,255.255.248.0,7018
43727,5.187.64.0,255.255.255.0,54004
21351,5.187.96.0,255.255.224.0,7018
205553,5.188.9.0,255.255.255.0,7018
47478,5.188.52.0,255.255.252.0,54004
200590,5.188.64.0,255.255.255.0,54004
56534,5.188.85.0,255.255.255.0,7018
49453,5.188.86.0,255.255.255.0,54004
199860,5.188.104.0,255.255.252.0,7018
39238,5.188.164.0,255.255.254.0,54004
56694,5.188.166.0,255.255.255.0,7018
49287,5.188.174.0,255.255.255.0,54004
47193,5.188.192.0,255.255.252.0,54004
45054,5.188.203.0,255.255.255.0,7018
204272,5.188.220.0,255.255.254.0,54004
50509,5.188.236.0,255.255.254.0,7018
12737,5.189.192.0,255.255.255.0,7018
48225,5.189.219.0,255.255.255.0,7018
31721,5.191.0.0,255.255.240.0,7018
200729,5.191.240.0,255.255.240.0,7018
57293,5.197.0.0,255.255.0.0,7018
12390,5.198.0.0,255.255.128.0,54004
209523,5.198.192.0,255.255.224.0,54004
25198,5.199.3.0,255.255.255.0,54004
12414,5.199.144.0,255.255.240.0,7018
16125,5.199.160.0,255.255.254.0,7018
216444,5.199.164.0,255.255.252.0,54004
48284,5.199.176.0,255.255.248.0,7018
44702,5.199.184.0,255.255.252.0,7018
33915,5.199.188.0,255.255.252.0,7018
12521,5.199.224.0,255.255.248.0,7018
49984,5.199.232.0,255.255.248.0,54004
24631,5.200.64.0,255.255.224.0,7018
206862,5.200.95.0,255.255.255.0,7018
12324,5.201.0.0,255.255.128.0,7018
56547,5.201.172.0,255.255.254.0,7018
49100,5.202.0.0,255.255.0.0,7018
34918,5.202.0.0,255.255.240.0,7018
39642,5.206.192.0,255.255.248.0,7018
47674,5.206.224.0,255.255.255.0,7018
206262,5.206.232.0,255.255.248.0,7018
57332,5.206.240.0,255.255.240.0,7018
215859,5.223.0.0,255.255.0.0,54004
30781,5.226.0.0,255.255.248.0,7018
51701,5.226.32.0,255.255.248.0,7018
931,5.226.52.0,255.255.255.0,54004
12741,5.226.64.0,255.255.192.0,7018
25369,5.226.136.0,255.255.248.0,7018
58299,5.226.144.0,255.255.248.0,7018
39045,5.226.153.0,255.255.255.0,7018
43578,5.226.172.0,255.255.255.0,7018
4637,5.226.185.0,255.255.255.0,7018
31898,5.226.187.0,255.255.255.0,54004
152179,5.226.188.0,255.255.255.0,54004
48612,5.227.122.0,255.255.255.0,7018
42610,5.228.0.0,255.255.0.0,7018
47263,5.231.20.0,255.255.255.0,54004
62403,5.231.46.0,255.255.255.0,54004
23470,5.231.61.0,255.255.255.0,54004
209824,5.231.72.0,255.255.255.0,54004
63473,5.231.73.0,255.255.255.0,54004
6517,5.231.80.0,255.255.255.0,54004
206659,5.231.97.0,255.255.255.0,7018
58087,5.231.116.0,255.255.255.0,54004
200275,5.231.127.0,255.255.255.0,7018
19318,5.231.203.0,255.255.255.0,54004
210705,5.231.204.0,255.255.255.0,54004
1257,5.240.0.0,255.252.0.0,7018
15895,5.248.0.0,255.255.0.0,7018
42277,5.249.192.0,255.255.224.0,7018
51468,5.249.224.0,255.255.224.0,7018
41369,5.250.160.0,255.255.248.0,7018
12714,5.250.168.0,255.255.248.0,7018
8560,5.250.176.0,255.255.248.0,7018
48166,5.250.232.0,255.255.248.0,54004
200497,5.252.16.0,255.255.252.0,7018
59796,5.252.32.0,255.255.255.0,7018
201548,5.252.40.0,255.255.252.0,7018
41849,5.252.44.0,255.255.252.0,7018
209468,5.252.56.0,255.255.252.0,7018
31221,5.252.57.0,255.255.255.0,7018
21859,5.252.82.0,255.255.255.0,54004
209086,5.252.108.0,255.255.252.0,7018
855,5.252.112.0,255.255.252.0,7018
41653,5.252.114.0,255.255.254.0,7018
61221,5.252.144.0,255.255.255.0,7018
30860,5.252.154.0,255.255.255.0,54004
15377,5.252.180.0,255.255.252.0,7018
198187,5.252.214.0,255.255.255.0,7018
199163,5.253.8.0,255.255.252.0,7018
61112,5.253.36.0,255.255.255.0,54004
207994,5.253.37.0,255.255.255.0,54004
25693,5.253.38.0,255.255.255.0,54004
211826,5.253.46.0,255.255.255.0,54004
209301,5.253.48.0,255.255.252.0,7018
39777,5.253.52.0,255.255.252.0,7018
19905,5.253.80.0,255.255.255.0,54004
213438,5.253.84.0,255.255.255.0,54004
15695,5.253.88.0,255.255.255.0,54004
209393,5.253.100.0,255.255.252.0,7018
15502,5.253.124.0,255.255.252.0,7018
33991,5.253.144.0,255.255.252.0,7018
12844,5.253.152.0,255.255.254.0,7018
8426,5.253.180.0,255.255.255.0,7018
24768,5.253.181.0,255.255.255.0,7018
20836,5.253.198.0,255.255.255.0,7018
44084,5.253.212.0,255.255.254.0,7018
29081,5.253.216.0,255.255.252.0,7018
198050,5.253.230.0,255.255.255.0,7018
43872,5.253.252.0,255.255.252.0,7018
3223,5.254.1.0,255.255.255.0,7018
59371,5.254.128.0,255.255.224.0,54004
199205,5.254.184.0,255.255.248.0,7018
31272,5.255.32.0,255.255.240.0,7018
199713,5.255.48.0,255.255.248.0,7018
15623,5.255.56.0,255.255.255.0,7018
9140,5.255.137.0,255.255.255.0,7018
34700,5.255.160.0,255.255.240.0,7018
21310,5.255.176.0,255.255.240.0,54004
668,6.2.0.0,255.255.128.0,54004
367,6.16.66.0,255.255.255.0,7018
1540,6.16.70.0,255.255.255.0,7018
27064,6.16.136.0,255.255.255.0,7018
721,6.16.172.0,255.255.254.0,7018
2685,7.193.230.0,255.255.255.0,7018
396238,8.2.130.0,255.255.254.0,7018
19224,8.2.132.0,255.255.252.0,54004
36394,8.2.144.0,255.255.252.0,7018
23089,8.2.184.0,255.255.254.0,7018
32798,8.2.208.0,255.255.248.0,7018
395148,8.3.48.0,255.255.252.0,7018
395354,8.3.80.0,255.255.240.0,7018
7131,8.3.112.0,255.255.240.0,7018
14602,8.3.252.0,255.255.255.0,7018
11251,8.5.5.0,255.255.255.0,7018
17903,8.5.252.0,255.255.255.0,54004
33724,8.6.240.0,255.255.254.0,7018
27425,8.7.92.0,255.255.254.0,54004
18570,8.7.94.0,255.255.255.0,7018
13649,8.7.96.0,255.255.248.0,7018
30016,8.7.223.0,255.255.255.0,7018
15169,8.8.4.0,255.255.255.0,54004
35872,8.8.6.0,255.255.255.0,54004
394828,8.8.94.0,255.255.255.0,54004
13781,8.8.216.0,255.255.252.0,7018
396431,8.9.39.0,255.255.255.0,7018
62728,8.9.40.0,255.255.248.0,7018
62,8.9.239.0,255.255.255.0,7018
11168,8.10.65.0,255.255.255.0,7018
33182,8.10.120.0,255.255.255.0,54004
20454,8.10.160.0,255.255.254.0,7018
46887,8.11.166.0,255.255.255.0,7018
17035,8.11.200.0,255.255.255.0,7018
395505,8.12.29.0,255.255.255.0,54004
13767,8.12.72.0,255.255.252.0,54004
25674,8.12.76.0,255.255.255.0,7018
29152,8.12.112.0,255.255.255.0,7018
12025,8.12.246.0,255.255.254.0,7018
36236,8.14.32.0,255.255.255.0,54004
23338,8.14.84.0,255.255.252.0,7018
47631,8.14.119.0,255.255.255.0,7018
28469,8.14.224.0,255.255.224.0,7018
209,8.15.5.0,255.255.255.0,7018
18540,8.15.64.0,255.255.255.0,7018
18624,8.15.172.0,255.255.254.0,7018
46639,8.17.66.0,255.255.255.0,7018
36734,8.17.88.0,255.255.248.0,7018
40311,8.17.107.0,255.255.255.0,54004
40393,8.19.44.0,255.255.255.0,7018
13380,8.19.116.0,255.255.255.0,54004
53780,8.19.119.0,255.255.255.0,54004
32696,8.19.188.0,255.255.255.0,7018
23314,8.19.242.0,255.255.255.0,7018
35873,8.20.2.0,255.255.255.0,7018
10397,8.20.31.0,255.255.255.0,7018
394437,8.20.63.0,255.255.255.0,7018
30372,8.20.92.0,255.255.255.0,54004
11178,8.20.178.0,255.255.255.0,7018
63107,8.20.214.0,255.255.254.0,7018
33302,8.20.216.0,255.255.248.0,7018
23304,8.21.51.0,255.255.255.0,7018
33099,8.21.67.0,255.255.255.0,7018
40526,8.21.68.0,255.255.252.0,54004
22147,8.21.81.0,255.255.255.0,7018
2731,8.21.104.0,255.255.254.0,7018
136796,8.21.143.0,255.255.255.0,54004
32308,8.21.164.0,255.255.255.0,7018
53407,8.22.12.0,255.255.254.0,7018
3685,8.22.104.0,255.255.248.0,54004
13938,8.22.142.0,255.255.255.0,7018
19844,8.22.200.0,255.255.248.0,7018
27876,8.23.28.0,255.255.252.0,7018
136897,8.23.132.0,255.255.255.0,54004
23005,8.23.149.0,255.255.255.0,7018
46435,8.23.152.0,255.255.255.0,7018
53845,8.23.225.0,255.255.255.0,54004
14828,8.24.96.0,255.255.240.0,7018
33561,8.24.204.0,255.255.252.0,7018
16574,8.24.208.0,255.255.255.0,7018
24429,8.25.82.0,255.255.255.0,54004
25611,8.25.157.0,255.255.255.0,7018
55209,8.27.78.0,255.255.255.0,7018
40749,8.27.208.0,255.255.240.0,7018
62713,8.28.7.0,255.255.255.0,7018
103,8.28.178.0,255.255.254.0,7018
30536,8.28.184.0,255.255.248.0,54004
22898,8.28.240.0,255.255.240.0,7018
32378,8.29.49.0,255.255.255.0,7018
36730,8.29.72.0,255.255.248.0,7018
36444,8.29.128.0,255.255.240.0,54004
4455,8.29.192.0,255.255.248.0,7018
32419,8.29.208.0,255.255.255.0,7018
62614,8.29.213.0,255.255.255.0,7018
53720,8.30.4.0,255.255.255.0,7018
55270,8.30.125.0,255.255.255.0,7018
395368,8.31.32.0,255.255.240.0,7018
33616,8.33.16.0,255.255.252.0,7018
397849,8.33.38.0,255.255.255.0,54004
11475,8.33.46.0,255.255.254.0,7018
7381,8.33.80.0,255.255.240.0,54004
11071,8.33.139.0,255.255.255.0,7018
13984,8.34.27.0,255.255.255.0,54004
17378,8.34.28.0,255.255.252.0,54004
22616,8.34.34.0,255.255.255.0,7018
33570,8.34.47.0,255.255.255.0,7018
33695,8.34.124.0,255.255.252.0,54004
32278,8.34.174.0,255.255.254.0,54004
13750,8.35.148.0,255.255.255.0,7018
27447,8.36.84.0,255.255.255.0,7018
55256,8.36.116.0,255.255.255.0,54004
27381,8.36.162.0,255.255.255.0,54004
393552,8.36.226.0,255.255.254.0,7018
19256,8.36.230.0,255.255.254.0,7018
14155,8.36.240.0,255.255.240.0,7018
16491,8.37.96.0,255.255.255.0,54004
54994,8.37.238.0,255.255.255.0,54004
16504,8.38.33.0,255.255.255.0,7018
62802,8.38.223.0,255.255.255.0,54004
2639,8.39.54.0,255.255.254.0,54004
394973,8.39.87.0,255.255.255.0,7018
397423,8.39.234.0,255.255.254.0,54004
23118,8.40.48.0,255.255.240.0,7018
395584,8.40.118.0,255.255.254.0,7018
35986,8.40.160.0,255.255.252.0,7018
27195,8.41.31.0,255.255.255.0,7018
30262,8.41.102.0,255.255.255.0,7018
26038,8.41.135.0,255.255.255.0,54004
13727,8.42.8.0,255.255.255.0,7018
63474,8.42.99.0,255.255.255.0,7018
62955,8.42.112.0,255.255.240.0,54004
11272,8.42.176.0,255.255.240.0,7018
19021,8.43.40.0,255.255.254.0,7018
63264,8.44.4.0,255.255.254.0,7018
202,8.44.80.0,255.255.252.0,7018
26375,8.44.216.0,255.255.248.0,7018
17639,8.45.0.0,255.255.240.0,54004
17054,8.45.61.0,255.255.255.0,54004
17139,8.48.84.0,255.255.255.0,7018
134963,8.208.136.0,255.255.255.0,54004
46450,8.225.96.0,255.255.254.0,7018
138915,8.242.22.0,255.255.255.0,54004
3549,8.242.80.0,255.255.248.0,54004
264646,8.242.189.0,255.255.255.0,54004
52263,8.242.197.0,255.255.255.0,54004
7195,8.242.227.0,255.255.255.0,7018
263756,8.243.13.0,255.255.255.0,54004
15256,8.243.33.0,255.255.255.0,7018
272004,8.243.96.128,255.255.255.224,54004
27843,8.243.103.0,255.255.255.0,7018
271835,8.243.115.160,255.255.255.224,54004
36040,8.243.116.224,255.255.255.224,54004
262191,8.243.170.0,255.255.255.0,7018
262248,8.243.234.0,255.255.255.0,7018
19978,8.243.248.0,255.255.248.0,7018
26879,8.244.10.0,255.255.255.0,54004
13445,8.244.137.0,255.255.255.0,54004
33659,9.142.0.0,255.255.224.0,7018
11404,9.142.32.0,255.255.240.0,7018
7018,12.0.0.0,255.0.0.0,7018
14203,12.0.126.0,255.255.254.0,54004
2386,12.0.224.0,255.255.255.0,7018
109,12.5.186.0,255.255.254.0,54004
18434,12.6.9.0,255.255.255.0,54004
17253,12.8.54.0,255.255.255.0,7018
32869,12.13.40.0,255.255.248.0,7018
398337,12.13.173.0,255.255.255.0,7018
19111,12.13.211.0,255.255.255.0,7018
4185,12.14.12.0,255.255.255.0,7018
4473,12.17.241.0,255.255.255.0,7018
36178,12.20.60.0,255.255.254.0,7018
22249,12.20.188.0,255.255.255.0,7018
13760,12.21.155.0,255.255.255.0,7018
30452,12.22.178.0,255.255.254.0,7018
4546,12.24.112.0,255.255.255.0,7018
21619,12.25.95.0,255.255.255.0,7018
11520,12.26.124.0,255.255.255.0,7018
30517,12.27.195.0,255.255.255.0,7018
25924,12.30.121.0,255.255.255.0,7018
47039,12.32.185.0,255.255.255.0,54004
11273,12.33.109.0,255.255.255.0,54004
40934,12.34.97.0,255.255.255.0,54004
40233,12.34.126.0,255.255.255.0,7018
19229,12.37.153.0,255.255.255.0,7018
30182,12.41.85.0,255.255.255.0,54004
399240,12.42.147.0,255.255.255.0,7018
20057,12.72.0.0,255.255.128.0,7018
3423,12.96.43.0,255.255.255.0,7018
64243,12.104.109.0,255.255.255.0,7018
16618,12.104.196.0,255.255.255.0,7018
19240,12.106.86.0,255.255.255.0,7018
40631,12.129.82.0,255.255.255.0,7018
17088,12.130.13.0,255.255.255.0,54004
6389,12.130.209.0,255.255.255.0,7018
15085,12.131.100.0,255.255.254.0,7018
54420,12.132.105.0,255.255.255.0,7018
26881,12.145.20.0,255.255.255.0,7018
19244,12.145.193.0,255.255.255.0,7018
14858,12.147.32.0,255.255.255.0,7018
13652,12.149.40.0,255.255.255.0,7018
36136,12.149.218.0,255.255.255.0,7018
25932,12.150.167.0,255.255.255.0,7018
25921,12.152.107.0,255.255.255.0,7018
26854,12.152.252.0,255.255.255.0,54004
797,12.153.241.0,255.255.255.0,7018
11924,12.160.248.0,255.255.255.0,54004
1828,12.162.3.0,255.255.255.0,54004
11966,12.166.196.0,255.255.252.0,7018
55219,12.167.151.0,255.255.255.0,54004
26842,12.171.137.0,255.255.255.0,7018
27202,12.171.244.0,255.255.252.0,7018
46562,12.177.85.0,255.255.255.0,54004
33286,12.178.51.0,255.255.255.0,7018
31921,12.188.159.0,255.255.255.0,54004
18937,12.197.228.0,255.255.255.0,54004
14230,12.199.28.0,255.255.255.0,54004
46870,12.204.119.0,255.255.255.0,7018
11992,12.205.80.0,255.255.240.0,7018
22362,12.216.253.0,255.255.255.0,54004
7046,12.219.9.0,255.255.255.0,54004
13621,12.219.219.0,255.255.255.0,54004
40805,12.222.200.0,255.255.252.0,54004
25993,12.226.78.0,255.255.254.0,7018
62813,12.236.156.0,255.255.254.0,7018
46827,12.236.226.0,255.255.255.0,7018
3741,13.100.10.0,255.255.254.0,7018
14340,13.108.0.0,255.254.0.0,7018
55391,14.0.8.0,255.255.252.0,7018
24088,14.0.16.0,255.255.252.0,54004
38819,14.0.128.0,255.255.128.0,7018
55392,14.1.4.0,255.255.252.0,7018
10000,14.1.8.0,255.255.248.0,7018
45437,14.1.16.0,255.255.252.0,54004
46844,14.1.20.0,255.255.252.0,7018
63018,14.1.28.0,255.255.255.0,54004
45177,14.1.32.0,255.255.224.0,7018
14593,14.1.64.0,255.255.252.0,54004
139009,14.1.101.0,255.255.255.0,7018
9541,14.1.104.0,255.255.255.0,54004
45960,14.1.128.0,255.255.128.0,54004
4739,14.2.0.0,255.255.0.0,7018
7545,14.2.0.0,255.255.224.0,7018
4685,14.3.0.0,255.255.0.0,7018
2516,14.8.0.0,255.254.0.0,7018
131927,14.14.0.0,255.255.192.0,7018
23624,14.14.96.0,255.255.240.0,7018
131933,14.14.128.0,255.255.240.0,7018
24279,14.15.64.0,255.255.248.0,7018
151387,14.15.96.0,255.255.240.0,7018
58466,14.18.32.0,255.255.224.0,7018
134774,14.26.0.0,255.255.192.0,7018
4040,14.49.22.0,255.255.255.0,7018
17762,14.96.1.0,255.255.255.0,7018
45820,14.96.8.0,255.255.248.0,54004
9506,14.100.0.0,255.255.128.0,54004
18046,14.102.0.0,255.255.255.0,54004
18002,14.102.1.0,255.255.255.0,54004
133594,14.102.3.0,255.255.255.0,54004
43700,14.102.4.0,255.255.252.0,7018
201949,14.102.10.0,255.255.255.0,54004
153489,14.102.79.0,255.255.255.0,7018
8881,14.102.90.0,255.255.255.0,7018
45117,14.102.94.0,255.255.255.0,54004
64073,14.102.98.0,255.255.254.0,54004
35600,14.102.102.0,255.255.255.0,54004
17534,14.102.132.0,255.255.252.0,7018
7600,14.102.136.0,255.255.248.0,54004
45352,14.102.144.0,255.255.254.0,54004
55653,14.102.152.0,255.255.252.0,54004
17625,14.102.160.0,255.255.255.0,54004
134143,14.102.164.0,255.255.252.0,54004
135025,14.102.168.0,255.255.252.0,54004
54578,14.102.172.0,255.255.252.0,7018
134316,14.102.188.0,255.255.255.0,7018
21769,14.102.224.0,255.255.240.0,54004
53107,14.102.230.0,255.255.255.0,54004
215724,14.102.231.0,255.255.255.0,7018
48925,14.102.233.0,255.255.255.0,54004
211091,14.102.236.0,255.255.255.0,7018
45413,14.128.9.0,255.255.255.0,54004
10013,14.128.64.0,255.255.192.0,7018
18126,14.132.0.0,255.255.0.0,7018
9269,14.136.0.0,255.255.0.0,54004
10103,14.136.12.0,255.255.252.0,54004
55850,14.137.0.0,255.255.224.0,54004
135409,14.137.32.0,255.255.224.0,54004
4694,14.137.224.0,255.255.224.0,7018
10036,14.138.224.0,255.255.254.0,54004
55824,14.139.0.0,255.255.0.0,7018
4758,14.139.15.0,255.255.255.0,7018
6421,14.141.246.0,255.255.255.0,54004
45899,14.160.0.0,255.255.0.0,7018
150008,14.192.0.0,255.255.255.0,54004
400619,14.192.4.0,255.255.254.0,54004
139490,14.192.12.0,255.255.255.0,54004
132717,14.192.16.0,255.255.255.0,54004
17665,14.192.24.0,255.255.255.0,7018
45916,14.192.28.0,255.255.255.0,54004
135772,14.192.52.0,255.255.252.0,7018
58460,14.192.72.0,255.255.252.0,54004
152655,14.192.75.0,255.255.255.0,54004
131934,14.192.96.0,255.255.224.0,7018
133933,14.192.128.0,255.255.255.0,54004
45814,14.192.137.0,255.255.255.0,54004
9534,14.192.192.0,255.255.192.0,7018
55441,14.194.192.0,255.255.240.0,54004
132252,14.198.240.0,255.255.240.0,54004
45458,14.207.7.0,255.255.255.0,54004
133481,14.207.160.0,255.255.255.0,54004
135905,14.225.0.0,255.255.0.0,7018
13979,15.4.64.0,255.255.192.0,7018
2686,15.20.98.0,255.255.255.0,7018
2687,15.32.72.0,255.255.255.0,54004
25888,15.32.96.0,255.255.254.0,54004
33,15.65.192.0,255.255.248.0,7018
2154,15.90.164.0,255.255.252.0,7018
3360,15.176.32.0,255.255.240.0,54004
7057,15.195.0.0,255.255.0.0,7018
20055,15.211.0.0,255.255.0.0,54004
20115,16.14.192.0,255.255.248.0,54004
10796,16.14.248.0,255.255.248.0,54004
203329,16.41.252.0,255.255.255.0,7018
33363,16.98.0.0,255.255.192.0,54004
7843,16.191.0.0,255.255.254.0,54004
714,17.0.0.0,255.0.0.0,54004
3,18.0.0.0,255.255.0.0,54004
10578,18.2.0.0,255.255.224.0,7018
28857,20.154.66.0,255.255.254.0,7018
1764,20.154.73.0,255.255.255.0,7018
12252,23.0.144.0,255.255.240.0,7018
23693,23.0.208.0,255.255.252.0,7018
2860,23.1.4.0,255.255.252.0,7018
9498,23.1.36.0,255.255.252.0,7018
35994,23.1.232.0,255.255.255.0,54004
27789,23.3.72.0,255.255.255.0,7018
4761,23.3.76.0,255.255.252.0,54004
7713,23.11.48.0,255.255.240.0,7018
8781,23.15.44.0,255.255.252.0,54004
7922,23.24.0.0,255.254.0.0,7018
54600,23.26.24.0,255.255.252.0,54004
32613,23.26.32.0,255.255.255.0,7018
7385,23.26.38.0,255.255.255.0,7018
49770,23.26.41.0,255.255.255.0,7018
7979,23.26.62.0,255.255.254.0,54004
399486,23.26.76.0,255.255.254.0,7018
51847,23.26.80.0,255.255.255.0,7018
263812,23.26.114.0,255.255.255.0,54004
264409,23.26.115.0,255.255.255.0,7018
399646,23.26.125.0,255.255.255.0,54004
54309,23.26.141.0,255.255.255.0,7018
33601,23.26.144.0,255.255.255.0,7018
135375,23.26.198.0,255.255.255.0,54004
400810,23.26.227.0,255.255.255.0,54004
149440,23.26.237.0,255.255.255.0,54004
13737,23.26.250.0,255.255.255.0,54004
18779,23.27.3.0,255.255.255.0,54004
6939,23.27.29.0,255.255.255.0,7018
400402,23.27.96.0,255.255.255.0,54004
12083,23.27.205.0,255.255.255.0,7018
397032,23.27.211.0,255.255.255.0,54004
395434,23.29.16.0,255.255.254.0,54004
18712,23.29.32.0,255.255.240.0,7018
397325,23.29.49.0,255.255.255.0,7018
54098,23.29.53.0,255.255.255.0,7018
701,23.29.96.0,255.255.240.0,7018
32748,23.29.128.0,255.255.224.0,7018
47869,23.29.136.0,255.255.248.0,7018
22995,23.29.192.0,255.255.248.0,54004
36315,23.29.224.0,255.255.224.0,54004
9500,23.32.48.0,255.255.252.0,54004
9885,23.32.176.0,255.255.252.0,7018
45758,23.33.128.0,255.255.254.0,54004
9829,23.34.252.0,255.255.252.0,7018
24203,23.35.20.0,255.255.252.0,7018
45430,23.35.150.0,255.255.254.0,54004
4780,23.36.112.0,255.255.252.0,7018
7552,23.36.145.0,255.255.255.0,54004
9299,23.39.108.0,255.255.254.0,7018
55644,23.40.247.0,255.255.255.0,7018
7470,23.46.20.0,255.255.254.0,54004
1680,23.46.164.0,255.255.252.0,7018
38040,23.47.0.0,255.255.252.0,7018
8551,23.56.174.0,255.255.255.0,7018
5432,23.61.4.0,255.255.252.0,7018
24309,23.62.12.0,255.255.255.0,7018
394256,23.83.208.0,255.255.248.0,54004
63213,23.83.216.0,255.255.252.0,54004
25820,23.83.224.0,255.255.252.0,54004
10242,23.88.128.0,255.255.224.0,54004
36103,23.88.160.0,255.255.240.0,7018
138322,23.88.192.0,255.255.224.0,54004
47638,23.90.64.0,255.255.252.0,7018
32845,23.90.92.0,255.255.255.0,7018
16417,23.90.96.0,255.255.255.0,54004
7992,23.91.80.0,255.255.240.0,7018
135377,23.91.96.0,255.255.255.0,54004
4229,23.91.109.0,255.255.255.0,54004
5645,23.91.128.0,255.255.224.0,7018
36493,23.91.160.0,255.255.224.0,7018
11492,23.91.192.0,255.255.240.0,54004
11814,23.91.224.0,255.255.240.0,7018
62646,23.92.0.0,255.255.240.0,54004
63949,23.92.16.0,255.255.248.0,54004
19531,23.92.80.0,255.255.240.0,7018
40788,23.92.128.0,255.255.240.0,54004
32475,23.92.176.0,255.255.252.0,54004
13791,23.92.180.0,255.255.252.0,54004
12179,23.92.182.0,255.255.254.0,54004
10913,23.92.182.0,255.255.255.0,54004
12182,23.92.184.0,255.255.252.0,54004
31863,23.92.208.0,255.255.240.0,7018
46375,23.93.0.0,255.255.0.0,7018
20278,23.94.12.0,255.255.255.0,54004
20001,23.94.90.0,255.255.255.0,54004
14315,23.94.110.0,255.255.255.0,7018
18526,23.95.45.0,255.255.255.0,7018
399861,23.95.83.0,255.255.255.0,7018
135391,23.95.98.0,255.255.255.0,54004
39134,23.105.224.0,255.255.255.0,7018
54643,23.111.64.0,255.255.252.0,54004
11831,23.111.76.0,255.255.255.0,54004
393457,23.128.0.0,255.255.255.0,7018
401418,23.128.36.0,255.255.255.0,7018
401725,23.128.56.0,255.255.255.0,7018
32097,23.128.64.0,255.255.255.0,54004
53758,23.128.96.0,255.255.255.0,7018
53427,23.128.100.0,255.255.255.0,54004
40156,23.128.116.0,255.255.255.0,7018
16552,23.128.120.0,255.255.255.0,54004
62809,23.128.144.0,255.255.255.0,7018
8143,23.128.188.0,255.255.255.0,7018
55077,23.128.208.0,255.255.255.0,7018
138997,23.128.228.0,255.255.255.0,54004
400202,23.128.232.0,255.255.255.0,7018
53388,23.128.236.0,255.255.255.0,54004
53356,23.129.32.0,255.255.255.0,54004
396507,23.129.64.0,255.255.255.0,7018
13378,23.129.76.0,255.255.255.0,54004
18850,23.129.108.0,255.255.255.0,54004
399989,23.129.160.0,255.255.255.0,7018
33083,23.129.196.0,255.255.255.0,7018
16909,23.129.212.0,255.255.255.0,54004
62887,23.130.0.0,255.255.255.0,54004
153371,23.130.4.0,255.255.255.0,54004
395297,23.130.12.0,255.255.255.0,54004
11918,23.130.32.0,255.255.255.0,7018
26721,23.130.128.0,255.255.255.0,7018
52210,23.130.136.0,255.255.255.0,54004
212934,23.130.137.0,255.255.255.0,54004
7795,23.130.176.0,255.255.255.0,7018
7247,23.130.184.0,255.255.255.0,7018
394625,23.130.192.0,255.255.255.0,7018
25912,23.130.212.0,255.255.255.0,7018
20042,23.130.216.0,255.255.255.0,7018
26939,23.130.220.0,255.255.255.0,54004
53343,23.131.12.0,255.255.255.0,54004
32864,23.131.16.0,255.255.255.0,7018
149020,23.131.24.0,255.255.255.0,54004
396480,23.131.64.0,255.255.255.0,7018
16827,23.131.96.0,255.255.255.0,54004
13925,23.131.160.0,255.255.255.0,54004
16611,23.131.184.0,255.255.255.0,7018
25651,23.131.192.0,255.255.255.0,7018
46475,23.131.216.0,255.255.255.0,54004
152918,23.131.220.0,255.255.255.0,54004
36710,23.132.32.0,255.255.255.0,54004
42615,23.132.96.0,255.255.255.0,54004
398999,23.132.148.0,255.255.255.0,54004
400474,23.132.168.0,255.255.255.0,7018
18988,23.132.176.0,255.255.255.0,7018
30500,23.132.192.0,255.255.255.0,54004
400465,23.132.200.0,255.255.255.0,54004
7489,23.133.1.0,255.255.255.0,54004
16713,23.133.24.0,255.255.255.0,54004
7356,23.133.44.0,255.255.255.0,54004
26042,23.133.52.0,255.255.255.0,54004
8095,23.133.84.0,255.255.255.0,54004
8079,23.133.108.0,255.255.255.0,54004
25988,23.133.112.0,255.255.255.0,54004
46962,23.133.120.0,255.255.255.0,54004
22489,23.133.152.0,255.255.255.0,7018
11967,23.133.172.0,255.255.255.0,54004
23507,23.133.204.0,255.255.255.0,7018
54681,23.133.248.0,255.255.255.0,54004
394232,23.134.32.0,255.255.255.0,7018
213683,23.134.52.0,255.255.255.0,7018
924,23.134.88.0,255.255.255.0,54004
397554,23.134.144.0,255.255.255.0,7018
30549,23.134.160.0,255.255.255.0,7018
22462,23.134.192.0,255.255.252.0,7018
32329,23.135.32.0,255.255.255.0,7018
8796,23.135.56.0,255.255.255.0,7018
398482,23.135.88.0,255.255.255.0,7018
44570,23.135.148.0,255.255.255.0,54004
396842,23.135.160.0,255.255.255.0,7018
63072,23.135.176.0,255.255.255.0,54004
400555,23.135.200.0,255.255.255.0,7018
209109,23.135.220.0,255.255.255.0,54004
40111,23.135.224.0,255.255.255.0,7018
22241,23.135.236.0,255.255.255.0,7018
397952,23.135.240.0,255.255.255.0,7018
215248,23.136.20.0,255.255.255.0,54004
30456,23.136.28.0,255.255.255.0,7018
20119,23.136.80.0,255.255.255.0,54004
399558,23.136.82.0,255.255.255.0,7018
203939,23.136.116.0,255.255.255.0,7018
400146,23.136.136.0,255.255.255.0,54004
214483,23.136.164.0,255.255.255.0,54004
12282,23.136.168.0,255.255.255.0,7018
14445,23.136.184.0,255.255.255.0,7018
62754,23.136.208.0,255.255.255.0,7018
23428,23.136.232.0,255.255.255.0,54004
886,23.136.248.0,255.255.255.0,7018
399284,23.137.44.0,255.255.255.0,54004
16904,23.137.48.0,255.255.255.0,54004
63129,23.137.52.0,255.255.255.0,7018
1002,23.137.56.0,255.255.255.0,54004
45691,23.137.68.0,255.255.255.0,7018
29769,23.137.76.0,255.255.255.0,54004
893,23.137.88.0,255.255.255.0,7018
22295,23.137.105.0,255.255.255.0,54004
53698,23.137.120.0,255.255.255.0,54004
964,23.138.40.0,255.255.252.0,54004
29768,23.138.48.0,255.255.255.0,54004
1001,23.138.56.0,255.255.255.0,7018
19944,23.138.60.0,255.255.255.0,54004
36222,23.138.96.0,255.255.255.0,7018
267,23.138.112.0,255.255.252.0,54004
53732,23.138.128.0,255.255.254.0,7018
54566,23.138.140.0,255.255.255.0,54004
26286,23.138.156.0,255.255.255.0,7018
401371,23.138.188.0,255.255.255.0,54004
64260,23.138.192.0,255.255.255.0,54004
400414,23.138.200.0,255.255.255.0,7018
203062,23.138.204.0,255.255.255.0,54004
5555,23.138.224.0,255.255.255.0,54004
400282,23.139.8.0,255.255.255.0,7018
25735,23.139.24.0,255.255.255.0,54004
8025,23.139.48.0,255.255.255.0,7018
401731,23.139.60.0,255.255.255.0,54004
14570,23.139.120.0,255.255.255.0,54004
26073,23.139.160.0,255.255.255.0,54004
6461,23.139.176.0,255.255.255.0,7018
40536,23.139.196.0,255.255.255.0,54004
394019,23.139.248.0,255.255.255.0,7018
394678,23.140.0.0,255.255.255.0,7018
61400,23.140.40.0,255.255.255.0,7018
401753,23.140.68.0,255.255.255.0,54004
30542,23.140.80.0,255.255.255.0,7018
395100,23.140.112.0,255.255.255.0,7018
398493,23.140.140.0,255.255.255.0,7018
400719,23.140.168.0,255.255.255.0,54004
32281,23.140.184.0,255.255.255.0,54004
36002,23.141.4.0,255.255.255.0,54004
400771,23.141.40.0,255.255.255.0,7018
32678,23.141.80.0,255.255.255.0,7018
34553,23.141.112.0,255.255.255.0,54004
54004,23.141.124.0,255.255.255.0,54004
979,23.141.156.0,255.255.255.0,54004
397945,23.141.176.0,255.255.255.0,7018
31807,23.141.224.0,255.255.255.0,7018
61257,23.141.248.0,255.255.255.0,54004
30382,23.142.32.0,255.255.255.0,54004
397326,23.142.48.0,255.255.255.0,54004
203729,23.142.89.0,255.255.255.0,54004
33201,23.142.112.0,255.255.255.0,7018
13536,23.142.120.0,255.255.255.0,7018
210000,23.142.145.0,255.255.255.0,54004
151338,23.142.200.0,255.255.255.0,54004
208188,23.142.208.0,255.255.255.0,54004
6233,23.142.224.0,255.255.255.0,7018
393577,23.142.248.0,255.255.255.0,54004
1003,23.143.82.0,255.255.255.0,54004
399870,23.144.56.0,255.255.255.0,54004
62642,23.144.64.0,255.255.255.0,7018
397990,23.144.112.0,255.255.255.0,7018
47689,23.144.196.0,255.255.255.0,54004
1097,23.145.20.0,255.255.255.0,7018
395596,23.145.28.0,255.255.255.0,54004
13428,23.145.32.0,255.255.254.0,7018
11789,23.145.32.0,255.255.255.0,7018
400587,23.145.40.0,255.255.255.0,54004
50131,23.145.48.0,255.255.255.0,54004
999,23.145.72.0,255.255.255.0,54004
394144,23.145.160.0,255.255.255.0,7018
398065,23.145.176.0,255.255.255.0,7018
394109,23.146.0.0,255.255.255.0,7018
49585,23.146.24.0,255.255.255.0,7018
19523,23.146.32.0,255.255.255.0,7018
30114,23.146.88.0,255.255.255.0,54004
22961,23.146.120.0,255.255.255.0,7018
398041,23.146.136.0,255.255.255.0,7018
397391,23.146.144.0,255.255.255.0,7018
54429,23.146.168.0,255.255.255.0,54004
401973,23.146.172.0,255.255.255.0,54004
21804,23.146.176.0,255.255.255.0,54004
204844,23.146.248.0,255.255.255.0,54004
46824,23.147.8.0,255.255.255.0,54004
807,23.147.64.0,255.255.255.0,54004
18914,23.147.89.0,255.255.255.0,7018
398013,23.147.112.0,255.255.255.0,7018
142046,23.147.120.0,255.255.255.0,54004
37739,23.147.136.0,255.255.255.0,7018
400304,23.147.152.0,255.255.255.0,54004
398196,23.147.208.0,255.255.254.0,7018
33000,23.147.248.0,255.255.255.0,54004
25645,23.148.80.0,255.255.255.0,7018
63027,23.148.88.0,255.255.255.0,54004
396984,23.148.96.0,255.255.255.0,54004
59678,23.148.232.0,255.255.255.0,7018
397270,23.148.248.0,255.255.255.0,54004
35930,23.149.8.0,255.255.255.0,54004
398223,23.149.16.0,255.255.255.0,54004
44324,23.149.120.0,255.255.255.0,54004
20303,23.149.160.0,255.255.255.0,54004
32899,23.149.224.0,255.255.255.0,7018
394501,23.150.0.0,255.255.255.0,54004
400618,23.150.32.0,255.255.255.0,54004
63150,23.150.33.0,255.255.255.0,54004
62611,23.150.104.0,255.255.255.0,54004
397031,23.150.160.0,255.255.254.0,54004
26077,23.150.176.0,255.255.255.0,7018
26692,23.150.216.0,255.255.255.0,54004
396422,23.151.56.0,255.255.255.0,7018
64289,23.151.136.0,255.255.255.0,54004
210645,23.151.216.0,255.255.255.0,54004
396097,23.152.128.0,255.255.254.0,7018
13795,23.152.144.0,255.255.255.0,7018
7034,23.152.160.0,255.255.255.0,54004
19369,23.152.184.0,255.255.255.0,54004
393737,23.152.216.0,255.255.255.0,7018
35008,23.153.56.0,255.255.255.0,7018
57974,23.153.72.0,255.255.255.0,7018
22652,23.153.96.0,255.255.255.0,7018
54987,23.153.160.0,255.255.255.0,54004
40237,23.153.208.0,255.255.255.0,7018
397095,23.153.224.0,255.255.255.0,7018
52025,23.154.8.0,255.255.255.0,54004
54113,23.154.64.0,255.255.255.0,54004
399788,23.154.112.0,255.255.255.0,7018
397540,23.154.160.0,255.255.255.0,54004
394449,23.154.168.0,255.255.255.0,54004
398143,23.154.184.0,255.255.255.0,7018
22296,23.155.8.0,255.255.255.0,7018
400011,23.155.16.0,255.255.255.0,54004
63270,23.155.32.0,255.255.255.0,54004
812,23.155.64.0,255.255.255.0,54004
36027,23.155.80.0,255.255.255.0,54004
31989,23.155.168.0,255.255.255.0,7018
33576,23.156.32.0,255.255.255.0,7018
27168,23.156.80.0,255.255.255.0,7018
398358,23.156.176.0,255.255.255.0,54004
399392,23.156.184.0,255.255.255.0,7018
32217,23.156.192.0,255.255.255.0,7018
29727,23.156.208.0,255.255.255.0,7018
46109,23.156.248.0,255.255.255.0,54004
62538,23.157.112.0,255.255.254.0,7018
32872,23.157.120.0,255.255.255.0,54004
6145,23.157.136.0,255.255.255.0,54004
32913,23.157.152.0,255.255.255.0,7018
21700,23.157.160.0,255.255.255.0,7018
25944,23.157.168.0,255.255.255.0,7018
44592,23.157.176.0,255.255.255.0,54004
21527,23.157.240.0,255.255.255.0,54004
395853,23.158.16.0,255.255.255.0,7018
11611,23.158.112.0,255.255.255.0,7018
11878,23.158.232.0,255.255.255.0,54004
4556,23.159.0.0,255.255.255.0,54004
835,23.159.16.0,255.255.255.0,7018
53740,23.159.32.0,255.255.255.0,54004
397131,23.159.112.0,255.255.255.0,7018
46539,23.159.144.0,255.255.255.0,54004
63066,23.159.232.0,255.255.254.0,54004
216440,23.159.232.0,255.255.255.0,7018
40864,23.159.240.0,255.255.255.0,7018
800,23.160.32.0,255.255.255.0,54004
1100,23.160.48.0,255.255.255.0,7018
397041,23.160.96.0,255.255.255.0,54004
39937,23.160.120.0,255.255.255.0,7018
54148,23.160.152.0,255.255.255.0,54004
32526,23.160.168.0,255.255.255.0,54004
62668,23.160.224.0,255.255.255.0,7018
12131,23.161.32.0,255.255.255.0,54004
398447,23.161.80.0,255.255.255.0,54004
400529,23.161.168.0,255.255.255.0,54004
13356,23.161.200.0,255.255.255.0,54004
32444,23.162.32.0,255.255.255.0,54004
199310,23.162.120.0,255.255.255.0,54004
64256,23.162.128.0,255.255.255.0,54004
14860,23.162.160.0,255.255.255.0,7018
397142,23.163.32.0,255.255.255.0,7018
32181,23.163.144.0,255.255.255.0,7018
32945,23.163.232.0,255.255.255.0,7018
398764,23.164.48.0,255.255.255.0,7018
33755,23.164.56.0,255.255.255.0,54004
31998,23.164.80.0,255.255.255.0,54004
19382,23.164.96.0,255.255.255.0,54004
11775,23.164.104.0,255.255.255.0,54004
26561,23.164.152.0,255.255.255.0,54004
396100,23.164.168.0,255.255.255.0,7018
16696,23.164.176.0,255.255.255.0,54004
393434,23.164.224.0,255.255.255.0,7018
399226,23.165.72.0,255.255.255.0,7018
46733,23.165.136.0,255.255.255.0,54004
398698,23.165.176.0,255.255.255.0,7018
3214,23.165.200.0,255.255.255.0,7018
398712,23.165.240.0,255.255.255.0,7018
3367,23.166.0.0,255.255.255.0,54004
53684,23.166.56.0,255.255.255.0,7018
25892,23.166.144.0,255.255.255.0,7018
23379,23.167.48.0,255.255.255.0,7018
17387,23.167.72.0,255.255.255.0,7018
53301,23.167.88.0,255.255.255.0,7018
397654,23.167.192.0,255.255.255.0,54004
55016,23.167.224.0,255.255.255.0,54004
19651,23.168.8.0,255.255.255.0,54004
40343,23.168.64.0,255.255.255.0,7018
14971,23.168.96.0,255.255.255.0,7018
54082,23.168.104.0,255.255.255.0,7018
36165,23.168.112.0,255.255.255.0,7018
26006,23.168.136.0,255.255.255.0,7018
398960,23.168.144.0,255.255.255.0,54004
54980,23.169.32.0,255.255.255.0,7018
19045,23.169.64.0,255.255.254.0,7018
395823,23.169.176.0,255.255.255.0,7018
400919,23.169.200.0,255.255.255.0,7018
213550,23.169.225.0,255.255.255.0,54004
16970,23.169.240.0,255.255.255.0,7018
399503,23.170.8.0,255.255.255.0,54004
54632,23.170.32.0,255.255.255.0,54004
46766,23.170.72.0,255.255.255.0,54004
4906,23.170.112.0,255.255.255.0,7018
11117,23.171.8.0,255.255.255.0,54004
30690,23.171.72.0,255.255.255.0,54004
26520,23.171.88.0,255.255.255.0,54004
395502,23.171.112.0,255.255.255.0,54004
396313,23.171.128.0,255.255.255.0,54004
398962,23.171.240.0,255.255.255.0,54004
12243,23.172.0.0,255.255.255.0,7018
14928,23.172.16.0,255.255.255.0,7018
47272,23.172.120.0,255.255.255.0,54004
36858,23.172.184.0,255.255.255.0,7018
32595,23.172.200.0,255.255.254.0,54004
201217,23.172.200.0,255.255.255.0,54004
134176,23.172.217.0,255.255.255.0,54004
399055,23.173.16.0,255.255.255.0,7018
33452,23.173.32.0,255.255.255.0,7018
399242,23.173.80.0,255.255.255.0,7018
33039,23.173.104.0,255.255.255.0,54004
19740,23.173.112.0,255.255.255.0,7018
54364,23.173.240.0,255.255.255.0,7018
394868,23.174.0.0,255.255.252.0,7018
399338,23.174.48.0,255.255.255.0,7018
149513,23.174.104.0,255.255.255.0,54004
29774,23.174.120.0,255.255.255.0,7018
19684,23.174.152.0,255.255.255.0,54004
10804,23.174.216.0,255.255.255.0,7018
394233,23.174.224.0,255.255.255.0,7018
63296,23.174.240.0,255.255.255.0,54004
4508,23.175.32.0,255.255.255.0,54004
393626,23.175.64.0,255.255.255.0,54004
32943,23.175.168.0,255.255.255.0,54004
27523,23.175.184.0,255.255.255.0,54004
394367,23.176.0.0,255.255.255.0,7018
53680,23.176.24.0,255.255.255.0,7018
55009,23.176.32.0,255.255.255.0,54004
401008,23.176.72.0,255.255.255.0,7018
20029,23.176.96.0,255.255.255.0,54004
20220,23.176.144.0,255.255.255.0,54004
401021,23.176.152.0,255.255.255.0,7018
23459,23.176.216.0,255.255.255.0,54004
33491,23.177.32.0,255.255.255.0,7018
35990,23.177.48.0,255.255.255.0,54004
395719,23.177.104.0,255.255.255.0,54004
13693,23.177.112.0,255.255.255.0,7018
53334,23.178.64.0,255.255.255.0,54004
32169,23.178.152.0,255.255.255.0,7018
26370,23.178.224.0,255.255.255.0,54004
62838,23.179.32.0,255.255.255.0,54004
395417,23.179.40.0,255.255.255.0,54004
33541,23.180.64.0,255.255.255.0,54004
20335,23.180.88.0,255.255.255.0,7018
14807,23.180.104.0,255.255.255.0,54004
27597,23.180.144.0,255.255.255.0,7018
26253,23.180.192.0,255.255.255.0,7018
36198,23.181.64.0,255.255.255.0,54004
401139,23.181.168.0,255.255.255.0,54004
11367,23.181.240.0,255.255.255.0,7018
54804,23.182.48.0,255.255.255.0,7018
11029,23.182.216.0,255.255.255.0,7018
63311,23.182.232.0,255.255.255.0,7018
395657,23.183.0.0,255.255.255.0,54004
53667,23.183.80.0,255.255.255.0,54004
21903,23.183.104.0,255.255.255.0,7018
396998,23.183.240.0,255.255.255.0,54004
40124,23.184.56.0,255.255.255.0,54004
53597,23.184.80.0,255.255.255.0,7018
46829,23.184.88.0,255.255.255.0,54004
63394,23.184.112.0,255.255.255.0,54004
36064,23.184.168.0,255.255.255.0,7018
30265,23.184.248.0,255.255.255.0,7018
36382,23.185.24.0,255.255.255.0,54004
47055,23.185.136.0,255.255.255.0,54004
11358,23.186.184.0,255.255.255.0,7018
11722,23.186.208.0,255.255.255.0,7018
62467,23.186.248.0,255.255.255.0,7018
401332,23.188.56.0,255.255.255.0,54004
19465,23.188.176.0,255.255.255.0,7018
19625,23.188.240.0,255.255.255.0,54004
17077,23.189.65.0,255.255.255.0,7018
400070,23.189.80.0,255.255.255.0,7018
7352,23.189.128.0,255.255.255.0,7018
400926,23.189.152.0,255.255.255.0,7018
396357,23.189.176.0,255.255.255.0,7018
399606,23.190.176.0,255.255.255.0,54004
17290,23.190.216.0,255.255.255.0,54004
59895,23.190.232.0,255.255.255.0,7018
401361,23.190.248.0,255.255.255.0,54004
52376,23.204.102.0,255.255.255.0,7018
4657,23.205.208.0,255.255.252.0,7018
6057,23.208.208.0,255.255.252.0,7018
14522,23.209.96.0,255.255.252.0,54004
43766,23.209.112.0,255.255.252.0,7018
27947,23.219.144.0,255.255.252.0,7018
23881,23.226.0.0,255.255.255.0,54004
138415,23.226.48.0,255.255.240.0,54004
53755,23.226.64.0,255.255.240.0,7018
46687,23.226.96.0,255.255.248.0,7018
26076,23.226.104.0,255.255.252.0,7018
396904,23.226.120.0,255.255.255.0,7018
3842,23.226.224.0,255.255.248.0,54004
33548,23.227.96.0,255.255.224.0,7018
55081,23.227.128.0,255.255.224.0,7018
46320,23.227.208.0,255.255.252.0,7018
395301,23.227.216.0,255.255.255.0,7018
23316,23.227.224.0,255.255.224.0,54004
46573,23.228.64.0,255.255.255.0,7018
16591,23.228.128.0,255.255.192.0,54004
55286,23.229.0.0,255.255.252.0,54004
26496,23.229.128.0,255.255.128.0,54004
47553,23.230.32.0,255.255.255.0,54004
3561,23.230.194.0,255.255.255.0,7018
36327,23.232.0.0,255.255.128.0,7018
5769,23.233.128.0,255.255.128.0,7018
23096,23.235.50.0,255.255.255.0,7018
7782,23.235.96.0,255.255.240.0,7018
17476,23.235.168.0,255.255.255.0,54004
54641,23.235.192.0,255.255.240.0,7018
22611,23.235.208.0,255.255.240.0,54004
60558,23.235.232.0,255.255.248.0,7018
14813,23.236.0.0,255.255.240.0,7018
35916,23.236.72.0,255.255.255.0,54004
134835,23.236.73.0,255.255.255.0,54004
15054,23.236.80.0,255.255.240.0,7018
54290,23.238.0.0,255.255.128.0,7018
30475,23.239.192.0,255.255.240.0,7018
11776,23.244.0.0,255.255.128.0,7018
2906,23.246.0.0,255.255.192.0,54004
12271,23.246.64.0,255.255.192.0,54004
138152,23.247.128.0,255.255.255.0,54004
41378,23.247.132.0,255.255.255.0,54004
46997,23.247.136.0,255.255.254.0,54004
38008,23.247.138.0,255.255.254.0,7018
32703,23.247.180.0,255.255.255.0,7018
6327,23.247.196.0,255.255.252.0,7018
55201,23.247.202.0,255.255.254.0,54004
18883,23.247.204.0,255.255.252.0,54004
17017,23.247.236.0,255.255.252.0,54004
7794,23.248.0.0,255.255.128.0,7018
138195,23.248.246.0,255.255.255.0,54004
12119,23.249.32.0,255.255.240.0,7018
395846,23.249.64.0,255.255.240.0,7018
62627,23.249.128.0,255.255.255.0,7018
23520,23.249.136.0,255.255.255.0,7018
27602,23.249.171.0,255.255.255.0,7018
400113,23.249.173.0,255.255.255.0,7018
57795,23.249.232.0,255.255.248.0,7018
62468,23.251.32.0,255.255.255.0,54004
62610,23.251.33.0,255.255.255.0,54004
29752,23.251.35.0,255.255.255.0,54004
26827,23.251.64.0,255.255.224.0,7018
14265,23.251.192.0,255.255.224.0,7018
18615,23.252.0.0,255.255.240.0,7018
19257,23.252.64.0,255.255.255.0,54004
18450,23.252.112.0,255.255.255.0,7018
13351,23.252.128.0,255.255.240.0,54004
62886,23.252.144.0,255.255.248.0,54004
53848,23.252.176.0,255.255.240.0,7018
19994,23.253.0.0,255.255.192.0,7018
27357,23.253.128.0,255.255.224.0,7018
11351,24.24.0.0,255.255.192.0,54004
11426,24.25.0.0,255.255.192.0,54004
11427,24.26.192.0,255.255.192.0,54004
22516,24.27.128.0,255.255.255.0,54004
40285,24.31.6.0,255.255.255.0,7018
19108,24.31.17.0,255.255.255.0,7018
11976,24.35.128.0,255.255.255.0,54004
13825,24.35.192.0,255.255.240.0,7018
6128,24.38.0.0,255.255.128.0,54004
33759,24.38.10.0,255.255.255.0,54004
33141,24.38.20.0,255.255.255.0,7018
30104,24.38.90.0,255.255.255.0,7018
53482,24.38.97.0,255.255.255.0,7018
4181,24.40.80.0,255.255.240.0,54004
18474,24.40.96.0,255.255.224.0,7018
10011,24.41.112.0,255.255.240.0,7018
14638,24.41.128.0,255.255.128.0,7018
20412,24.42.228.0,255.255.255.0,7018
29866,24.48.128.0,255.255.224.0,7018
4922,24.49.0.0,255.255.224.0,7018
14291,24.49.32.0,255.255.224.0,7018
26801,24.49.64.0,255.255.224.0,7018
11232,24.49.112.0,255.255.240.0,54004
22646,24.49.144.0,255.255.240.0,54004
400511,24.49.145.0,255.255.255.0,54004
11290,24.49.224.0,255.255.224.0,7018
46449,24.50.144.0,255.255.240.0,7018
13807,24.51.32.0,255.255.248.0,7018
4474,24.51.50.0,255.255.254.0,7018
15146,24.51.64.0,255.255.192.0,7018
30404,24.51.192.0,255.255.224.0,7018
13490,24.52.64.0,255.255.224.0,7018
10971,24.52.128.0,255.255.224.0,54004
18260,24.53.192.0,255.255.224.0,7018
3737,24.55.128.0,255.255.224.0,7018
25853,24.75.160.0,255.255.240.0,7018
11260,24.89.192.0,255.255.192.0,7018
15344,24.92.144.0,255.255.254.0,7018
11955,24.94.224.0,255.255.224.0,54004
27364,24.101.0.0,255.255.224.0,7018
7725,24.104.42.0,255.255.255.0,7018
33651,24.104.72.0,255.255.255.0,7018
33662,24.104.75.0,255.255.255.0,7018
7016,24.104.143.0,255.255.255.0,7018
33652,24.104.146.0,255.255.255.0,7018
14299,24.104.148.0,255.255.254.0,7018
33287,24.104.156.0,255.255.255.0,7018
7311,24.104.160.0,255.255.240.0,54004
14901,24.120.232.0,255.255.255.0,54004
30036,24.129.208.0,255.255.240.0,7018
47524,24.133.0.0,255.255.252.0,7018
5690,24.138.96.0,255.255.224.0,7018
12097,24.140.0.0,255.255.240.0,7018
577,24.142.116.0,255.255.255.0,7018
13855,24.149.0.0,255.255.224.0,54004
270470,24.152.8.0,255.255.252.0,54004
270564,24.152.36.0,255.255.255.0,54004
269965,24.152.48.0,255.255.255.0,7018
267823,24.152.58.0,255.255.255.0,54004
270484,24.152.64.0,255.255.252.0,54004
52573,24.152.96.0,255.255.252.0,54004
265369,24.152.108.0,255.255.252.0,54004
270504,24.152.112.0,255.255.254.0,54004
270497,24.152.116.0,255.255.254.0,54004
7459,24.155.0.0,255.255.0.0,7018
54614,24.156.160.0,255.255.240.0,7018
17051,24.157.34.0,255.255.255.0,54004
12213,24.170.128.0,255.255.252.0,7018
32505,24.204.24.0,255.255.255.0,7018
11904,24.204.160.0,255.255.224.0,7018
35911,24.212.0.0,255.255.224.0,7018
21928,24.221.0.0,255.255.248.0,54004
13659,24.223.0.0,255.255.254.0,54004
10835,24.223.70.0,255.255.255.0,54004
12208,24.223.90.0,255.255.255.0,7018
27325,24.227.211.0,255.255.255.0,54004
132418,24.230.16.0,255.255.240.0,7018
32220,24.233.64.0,255.255.240.0,7018
35985,24.235.0.0,255.255.255.0,7018
6130,24.235.6.0,255.255.255.0,54004
393775,24.235.14.0,255.255.254.0,54004
8047,24.237.0.0,255.255.0.0,54004
19016,24.245.224.0,255.255.240.0,7018
45544,27.0.12.0,255.255.252.0,54004
55900,27.0.16.0,255.255.240.0,7018
17514,27.0.32.0,255.255.240.0,7018
45415,27.0.49.0,255.255.255.0,54004
131607,27.0.152.0,255.255.252.0,7018
45942,27.0.176.0,255.255.252.0,54004
24435,27.0.184.0,255.255.252.0,54004
59288,27.0.196.0,255.255.254.0,54004
23650,27.0.204.0,255.255.252.0,7018
24186,27.0.216.0,255.255.252.0,7018
205848,27.0.235.0,255.255.255.0,54004
45543,27.2.0.0,255.254.0.0,54004
17488,27.4.0.0,255.255.252.0,7018
58563,27.19.220.0,255.255.252.0,7018
148981,27.25.128.0,255.255.255.0,7018
9597,27.34.128.0,255.255.224.0,7018
9993,27.34.168.0,255.255.248.0,7018
38333,27.34.224.0,255.255.248.0,54004
45648,27.34.240.0,255.255.255.0,54004
17816,27.36.0.0,255.252.0.0,54004
17623,27.38.0.0,255.255.0.0,54004
17622,27.39.0.0,255.255.224.0,54004
131111,27.50.16.0,255.255.255.0,54004
38186,27.50.32.0,255.255.255.0,54004
45671,27.50.64.0,255.255.252.0,54004
9674,27.51.0.0,255.255.0.0,7018
132848,27.54.64.0,255.255.255.0,54004
38719,27.54.80.0,255.255.240.0,54004
45687,27.54.96.0,255.255.240.0,7018
58396,27.54.116.0,255.255.255.0,54004
24541,27.54.128.0,255.255.240.0,54004
38731,27.71.16.0,255.255.252.0,54004
7670,27.96.68.0,255.255.252.0,7018
38901,27.96.84.0,255.255.252.0,54004
134913,27.96.88.0,255.255.252.0,7018
132165,27.96.92.0,255.255.255.0,54004
17547,27.96.96.0,255.255.224.0,54004
18390,27.96.192.0,255.255.224.0,54004
17809,27.96.224.0,255.255.240.0,7018
10010,27.98.0.0,255.255.128.0,7018
18068,27.100.8.0,255.255.255.0,7018
136946,27.100.12.0,255.255.252.0,54004
59179,27.100.24.0,255.255.255.0,54004
23805,27.100.48.0,255.255.240.0,7018
17841,27.101.10.0,255.255.255.0,54004
4773,27.104.0.0,255.255.0.0,7018
18182,27.105.0.0,255.255.0.0,7018
4826,27.106.200.0,255.255.252.0,7018
6648,27.108.0.0,255.255.0.0,54004
45754,27.109.64.0,255.255.224.0,54004
18129,27.109.96.0,255.255.248.0,7018
45763,27.109.108.0,255.255.252.0,7018
45498,27.109.112.0,255.255.252.0,54004
136255,27.109.116.0,255.255.255.0,54004
4811,27.109.124.0,255.255.252.0,54004
4609,27.109.128.0,255.255.128.0,7018
8220,27.110.0.0,255.255.240.0,7018
10021,27.110.22.0,255.255.254.0,7018
9221,27.110.72.0,255.255.248.0,54004
23783,27.110.96.0,255.255.240.0,7018
23655,27.110.120.0,255.255.248.0,54004
21433,27.110.227.0,255.255.255.0,54004
24492,27.111.8.0,255.255.252.0,54004
55561,27.111.13.0,255.255.255.0,54004
58477,27.111.34.0,255.255.255.0,54004
45768,27.111.64.0,255.255.248.0,54004
46063,27.112.64.0,255.255.255.0,7018
140482,27.112.77.0,255.255.255.0,54004
136052,27.112.78.0,255.255.254.0,7018
63997,27.112.104.0,255.255.248.0,7018
9351,27.113.192.0,255.255.224.0,7018
9354,27.113.224.0,255.255.240.0,7018
9336,27.113.240.0,255.255.248.0,54004
4713,27.114.0.0,255.255.128.0,7018
7642,27.114.128.0,255.255.192.0,54004
17621,27.115.0.0,255.255.128.0,54004
45582,27.116.16.0,255.255.255.0,54004
17940,27.116.24.0,255.255.248.0,7018
55581,27.116.36.0,255.255.252.0,7018
17608,27.116.128.0,255.255.128.0,54004
55376,27.118.0.0,255.255.240.0,7018
7522,27.120.144.0,255.255.240.0,7018
55652,27.121.80.0,255.255.255.0,54004
55752,27.121.88.0,255.255.252.0,54004
56111,27.121.108.0,255.255.252.0,7018
18092,27.122.8.0,255.255.252.0,7018
55792,27.122.16.0,255.255.240.0,54004
63916,27.122.56.0,255.255.255.0,54004
9374,27.122.64.0,255.255.224.0,7018
38195,27.122.112.0,255.255.240.0,54004
58868,27.122.118.0,255.255.255.0,54004
4668,27.122.128.0,255.255.128.0,54004
38082,27.123.16.0,255.255.252.0,54004
133090,27.123.20.0,255.255.255.0,7018
55803,27.123.30.0,255.255.255.0,54004
10310,27.123.33.0,255.255.255.0,54004
24506,27.123.40.0,255.255.254.0,54004
23879,27.123.42.0,255.255.255.0,7018
38442,27.123.128.0,255.255.192.0,54004
55805,27.123.212.0,255.255.252.0,7018
58369,27.123.220.0,255.255.252.0,54004
132146,27.123.228.0,255.255.252.0,54004
137085,27.123.240.0,255.255.255.0,7018
132116,27.123.241.0,255.255.255.0,7018
133278,27.123.248.0,255.255.255.0,54004
134113,27.123.252.0,255.255.254.0,54004
151707,27.124.64.0,255.255.255.0,54004
55811,27.124.96.0,255.255.240.0,54004
10024,27.125.196.0,255.255.252.0,54004
55814,27.125.200.0,255.255.252.0,7018
38466,27.125.224.0,255.255.224.0,7018
55819,27.126.144.0,255.255.248.0,7018
55821,27.126.152.0,255.255.252.0,54004
45474,27.126.192.0,255.255.255.0,7018
2518,27.127.0.0,255.255.128.0,7018
7524,27.127.128.0,255.255.224.0,7018
9652,27.127.192.0,255.255.224.0,7018
38753,27.131.0.0,255.255.254.0,54004
55492,27.131.12.0,255.255.252.0,54004
23629,27.131.16.0,255.255.240.0,7018
23678,27.131.32.0,255.255.224.0,54004
38880,27.131.64.0,255.255.192.0,7018
24187,27.131.128.0,255.255.192.0,54004
45700,27.131.248.0,255.255.255.0,54004
395717,27.131.252.0,255.255.255.0,54004
9370,27.133.128.0,255.255.224.0,7018
7672,27.133.192.0,255.255.240.0,7018
17707,27.133.224.0,255.255.255.0,7018
58793,27.133.228.0,255.255.252.0,7018
9824,27.136.0.0,255.248.0.0,7018
23688,27.147.128.0,255.255.128.0,54004
133774,27.148.128.0,255.255.240.0,7018
133776,27.150.128.0,255.255.248.0,7018
9644,27.160.0.0,255.240.0.0,54004
134760,27.185.4.0,255.255.252.0,7018
55387,27.253.128.0,255.255.128.0,7018
4750,27.254.2.0,255.255.255.0,54004
135067,27.254.8.0,255.255.255.0,54004
9891,27.254.26.0,255.255.255.0,54004
63989,27.254.140.0,255.255.255.0,54004
58955,27.254.141.0,255.255.255.0,54004
142299,27.254.168.0,255.255.255.0,54004
17917,27.255.128.0,255.255.240.0,7018
21245,31.3.0.0,255.255.255.0,54004
5524,31.3.8.0,255.255.248.0,7018
47747,31.3.16.0,255.255.248.0,7018
28952,31.3.32.0,255.255.224.0,7018
196714,31.3.80.0,255.255.248.0,7018
43612,31.3.93.0,255.255.255.0,7018
35470,31.3.100.0,255.255.255.0,7018
197731,31.3.104.0,255.255.248.0,7018
199662,31.3.129.0,255.255.255.0,7018
51430,31.3.152.0,255.255.252.0,7018
200043,31.3.168.0,255.255.252.0,7018
48716,31.3.209.0,255.255.255.0,54004
12302,31.5.0.0,255.255.0.0,7018
198831,31.6.7.0,255.255.255.0,54004
149948,31.6.20.0,255.255.255.0,54004
62390,31.6.27.0,255.255.255.0,7018
39869,31.6.64.0,255.255.248.0,7018
34555,31.6.72.0,255.255.248.0,7018
34758,31.6.80.0,255.255.240.0,7018
21021,31.6.128.0,255.255.192.0,7018
29314,31.6.218.0,255.255.255.0,7018
50606,31.6.247.0,255.255.255.0,7018
20847,31.7.0.0,255.255.252.0,7018
8676,31.7.8.0,255.255.248.0,7018
57152,31.7.32.0,255.255.255.0,7018
35063,31.7.40.0,255.255.248.0,7018
34929,31.7.83.0,255.255.255.0,54004
213121,31.7.92.0,255.255.252.0,7018
56632,31.7.128.0,255.255.255.0,7018
56635,31.7.192.0,255.255.224.0,7018
21430,31.7.240.0,255.255.248.0,7018
28812,31.8.0.0,255.255.0.0,7018
48503,31.10.3.0,255.255.255.0,54004
35140,31.10.8.0,255.255.248.0,54004
42004,31.10.32.0,255.255.240.0,7018
35271,31.10.64.0,255.255.192.0,54004
6730,31.10.128.0,255.255.128.0,7018
6772,31.11.0.0,255.255.224.0,7018
41114,31.11.40.0,255.255.248.0,7018
29287,31.12.0.0,255.255.248.0,7018
3313,31.12.8.0,255.255.252.0,7018
61352,31.12.56.0,255.255.248.0,7018
215186,31.12.73.0,255.255.255.0,7018
42695,31.12.84.0,255.255.252.0,54004
59676,31.13.6.0,255.255.255.0,7018
32934,31.13.24.0,255.255.248.0,54004
8732,31.13.32.0,255.255.224.0,7018
49605,31.13.136.0,255.255.248.0,7018
44356,31.13.152.0,255.255.248.0,7018
196819,31.13.168.0,255.255.254.0,7018
24811,31.13.176.0,255.255.248.0,7018
12337,31.13.185.0,255.255.255.0,7018
57634,31.13.192.0,255.255.255.0,7018
14713,31.13.193.0,255.255.255.0,7018
34224,31.13.195.0,255.255.255.0,7018
44851,31.13.196.0,255.255.255.0,7018
42794,31.13.198.0,255.255.255.0,7018
29030,31.13.200.0,255.255.248.0,7018
215439,31.13.208.0,255.255.255.0,54004
208808,31.13.210.0,255.255.255.0,7018
47748,31.13.215.0,255.255.255.0,7018
212591,31.13.225.0,255.255.255.0,54004
60784,31.13.227.0,255.255.255.0,7018
215787,31.13.230.0,255.255.255.0,7018
61437,31.13.232.0,255.255.252.0,7018
60230,31.13.244.0,255.255.255.0,7018
199483,31.14.0.0,255.255.252.0,7018
33925,31.14.8.0,255.255.255.0,7018
201401,31.14.11.0,255.255.255.0,7018
49774,31.14.16.0,255.255.255.0,7018
40994,31.14.17.0,255.255.255.0,7018
2614,31.14.19.0,255.255.255.0,7018
9050,31.14.20.0,255.255.255.0,7018
56550,31.14.28.0,255.255.255.0,7018
8400,31.14.33.0,255.255.255.0,7018
31362,31.14.43.0,255.255.255.0,7018
8455,31.14.45.0,255.255.255.0,7018
208179,31.14.55.0,255.255.255.0,7018
33977,31.14.57.0,255.255.255.0,7018
47160,31.14.68.0,255.255.252.0,54004
21409,31.14.76.0,255.255.252.0,7018
57269,31.14.104.0,255.255.248.0,7018
25184,31.14.112.0,255.255.240.0,54004
206238,31.14.180.0,255.255.254.0,54004
207375,31.14.182.0,255.255.255.0,7018
212582,31.14.183.0,255.255.255.0,7018
206617,31.14.184.0,255.255.248.0,7018
211090,31.14.228.0,255.255.255.0,7018
210021,31.14.229.0,255.255.255.0,54004
201198,31.14.233.0,255.255.255.0,7018
56478,31.14.248.0,255.255.252.0,7018
25234,31.15.8.0,255.255.248.0,54004
52000,31.15.19.0,255.255.255.0,7018
44513,31.15.72.0,255.255.252.0,7018
51333,31.15.96.0,255.255.248.0,7018
56704,31.15.112.0,255.255.248.0,7018
3212,31.15.128.0,255.255.128.0,7018
34119,31.22.0.0,255.255.248.0,7018
15598,31.22.8.0,255.255.255.0,7018
203380,31.22.10.0,255.255.255.0,54004
35071,31.22.40.0,255.255.248.0,7018
13214,31.22.88.0,255.255.248.0,54004
30893,31.22.91.0,255.255.255.0,54004
197692,31.22.120.0,255.255.248.0,7018
42863,31.22.128.0,255.255.128.0,7018
16082,31.24.0.0,255.255.248.0,7018
8758,31.24.8.0,255.255.248.0,7018
49814,31.24.24.0,255.255.248.0,7018
61307,31.24.56.0,255.255.248.0,7018
197617,31.24.64.0,255.255.252.0,7018
48803,31.24.72.0,255.255.248.0,7018
198401,31.24.83.0,255.255.255.0,7018
62429,31.24.87.0,255.255.255.0,54004
12406,31.24.88.0,255.255.248.0,7018
9211,31.24.96.0,255.255.248.0,7018
60672,31.24.104.0,255.255.248.0,7018
15954,31.24.120.0,255.255.248.0,7018
39783,31.24.128.0,255.255.248.0,7018
203489,31.24.136.0,255.255.248.0,7018
49855,31.24.144.0,255.255.248.0,7018
8194,31.24.192.0,255.255.248.0,7018
12837,31.24.208.0,255.255.248.0,7018
12727,31.24.240.0,255.255.248.0,7018
216302,31.24.248.0,255.255.255.0,7018
41484,31.25.0.0,255.255.254.0,7018
51202,31.25.11.0,255.255.255.0,54004
35815,31.25.24.0,255.255.248.0,7018
44092,31.25.32.0,255.255.248.0,7018
51048,31.25.58.0,255.255.255.0,7018
57829,31.25.64.0,255.255.248.0,7018
34412,31.25.90.0,255.255.255.0,7018
202391,31.25.92.0,255.255.252.0,7018
206065,31.25.104.0,255.255.248.0,7018
46700,31.25.113.0,255.255.255.0,54004
61174,31.25.120.0,255.255.248.0,7018
197882,31.25.136.0,255.255.255.0,7018
197637,31.25.152.0,255.255.248.0,7018
8902,31.25.160.0,255.255.248.0,7018
43567,31.25.200.0,255.255.248.0,54004
56828,31.25.216.0,255.255.248.0,7018
49683,31.25.234.0,255.255.255.0,7018
29076,31.28.0.0,255.255.224.0,7018
28762,31.28.3.0,255.255.255.0,7018
3175,31.28.25.0,255.255.255.0,7018
48524,31.28.96.0,255.255.248.0,7018
15497,31.28.160.0,255.255.252.0,7018
12997,31.29.0.0,255.255.224.0,54004
43148,31.29.184.0,255.255.252.0,7018
16019,31.30.0.0,255.255.0.0,7018
1547,31.31.0.0,255.255.224.0,7018
15547,31.31.48.0,255.255.240.0,7018
21453,31.31.64.0,255.255.248.0,54004
197019,31.31.72.0,255.255.248.0,7018
47292,31.31.80.0,255.255.248.0,7018
198934,31.31.88.0,255.255.254.0,7018
6876,31.31.96.0,255.255.224.0,54004
199095,31.31.128.0,255.255.224.0,7018
59702,31.31.160.0,255.255.248.0,7018
20853,31.31.168.0,255.255.248.0,7018
9188,31.31.208.0,255.255.248.0,7018
197686,31.31.216.0,255.255.248.0,54004
197131,31.40.16.0,255.255.248.0,54004
49776,31.40.32.0,255.255.224.0,7018
35352,31.40.104.0,255.255.248.0,7018
39529,31.40.144.0,255.255.255.0,54004
206810,31.40.157.0,255.255.255.0,54004
211567,31.40.198.0,255.255.255.0,54004
213865,31.40.207.0,255.255.255.0,54004
198433,31.40.236.0,255.255.255.0,7018
25145,31.40.240.0,255.255.255.0,7018
208677,31.40.248.0,255.255.254.0,54004
214268,31.41.12.0,255.255.254.0,54004
56575,31.41.24.0,255.255.248.0,7018
48014,31.41.33.0,255.255.255.0,54004
197667,31.41.80.0,255.255.248.0,7018
41820,31.41.88.0,255.255.248.0,7018
35365,31.41.112.0,255.255.248.0,7018
48485,31.41.120.0,255.255.248.0,7018
12985,31.41.136.0,255.255.248.0,7018
57896,31.41.144.0,255.255.252.0,7018
205671,31.41.148.0,255.255.252.0,7018
197724,31.41.176.0,255.255.248.0,7018
42574,31.41.192.0,255.255.248.0,7018
15614,31.41.200.0,255.255.248.0,7018
206075,31.41.249.0,255.255.255.0,54004
210893,31.41.250.0,255.255.255.0,7018
49528,31.42.0.0,255.255.240.0,7018
8242,31.42.32.0,255.255.240.0,54004
20714,31.42.48.0,255.255.248.0,7018
203008,31.42.58.0,255.255.254.0,54004
24589,31.42.80.0,255.255.240.0,7018
201699,31.42.116.0,255.255.252.0,7018
9294,31.42.121.0,255.255.255.0,54004
200260,31.42.122.0,255.255.255.0,7018
210538,31.42.127.0,255.255.255.0,54004
49461,31.42.160.0,255.255.240.0,7018
212604,31.42.178.0,255.255.254.0,54004
21413,31.42.180.0,255.255.255.0,7018
50060,31.42.224.0,255.255.224.0,7018
50004,31.43.0.0,255.255.240.0,7018
30886,31.43.64.0,255.255.224.0,54004
48438,31.43.128.0,255.255.224.0,54004
42512,31.43.168.0,255.255.252.0,7018
212041,31.43.186.0,255.255.254.0,54004
43764,31.43.224.0,255.255.224.0,7018
208951,31.44.0.0,255.255.255.0,54004
200350,31.44.8.0,255.255.248.0,7018
197506,31.44.16.0,255.255.240.0,7018
5398,31.44.32.0,255.255.240.0,7018
35047,31.44.64.0,255.255.240.0,7018
29226,31.44.80.0,255.255.240.0,54004
21211,31.44.96.0,255.255.240.0,7018
42925,31.44.128.0,255.255.240.0,7018
31263,31.44.160.0,255.255.240.0,7018
197868,31.44.184.0,255.255.255.0,7018
3259,31.44.208.0,255.255.240.0,7018
44527,31.44.214.0,255.255.254.0,7018
199433,31.45.241.0,255.255.255.0,7018
38176,31.47.88.0,255.255.248.0,7018
8251,31.47.96.0,255.255.240.0,7018
8427,31.47.112.0,255.255.240.0,7018
34385,31.47.200.0,255.255.248.0,7018
150249,31.56.30.0,255.255.255.0,54004
202662,31.56.31.0,255.255.255.0,54004
207590,31.56.32.0,255.255.255.0,54004
150770,31.56.37.0,255.255.255.0,7018
214138,31.56.45.0,255.255.255.0,54004
395878,31.56.46.0,255.255.255.0,7018
215492,31.56.50.0,255.255.255.0,7018
213795,31.56.60.0,255.255.255.0,54004
142382,31.56.74.0,255.255.255.0,54004
56655,31.56.194.0,255.255.255.0,7018
22427,31.57.14.0,255.255.255.0,54004
153997,31.57.50.0,255.255.255.0,54004
36137,31.57.55.0,255.255.255.0,54004
135542,31.57.65.0,255.255.255.0,54004
133296,31.57.68.0,255.255.255.0,54004
61138,31.57.72.0,255.255.252.0,54004
205733,31.57.134.0,255.255.255.0,54004
29208,31.57.141.0,255.255.255.0,7018
263702,31.57.145.0,255.255.255.0,54004
216145,31.57.167.0,255.255.255.0,7018
266400,31.57.174.0,255.255.254.0,54004
133337,31.57.183.0,255.255.255.0,54004
215348,31.57.198.0,255.255.255.0,7018
214159,31.57.204.0,255.255.255.0,7018
26737,31.57.212.0,255.255.254.0,54004
4515,31.57.222.0,255.255.254.0,7018
398465,31.57.226.0,255.255.255.0,54004
56962,31.57.231.0,255.255.255.0,7018
395839,31.57.255.0,255.255.255.0,7018
214481,31.58.51.0,255.255.255.0,54004
20326,31.58.56.0,255.255.255.0,54004
60431,31.58.70.0,255.255.255.0,54004
216129,31.58.85.0,255.255.255.0,54004
216324,31.58.86.0,255.255.255.0,54004
395383,31.58.135.0,255.255.255.0,7018
209768,31.58.161.0,255.255.255.0,7018
213737,31.58.210.0,255.255.255.0,7018
209554,31.58.222.0,255.255.255.0,7018
208972,31.58.234.0,255.255.255.0,7018
204044,31.59.72.0,255.255.252.0,7018
3491,31.59.78.0,255.255.255.0,7018
153100,31.59.96.0,255.255.255.0,54004
213929,31.59.100.0,255.255.255.0,7018
34872,31.59.119.0,255.255.255.0,7018
6698,31.59.128.0,255.255.255.0,7018
5400,31.95.0.0,255.255.248.0,7018
51809,31.98.72.0,255.255.248.0,7018
56515,31.128.0.0,255.255.224.0,7018
215457,31.128.56.0,255.255.252.0,54004
215719,31.128.60.0,255.255.255.0,7018
3326,31.128.68.0,255.255.252.0,7018
51032,31.128.128.0,255.255.224.0,7018
48919,31.128.160.0,255.255.248.0,7018
35614,31.128.170.0,255.255.255.0,54004
44019,31.128.176.0,255.255.252.0,54004
41360,31.128.180.0,255.255.254.0,54004
210541,31.128.242.0,255.255.254.0,54004
41789,31.129.0.0,255.255.255.0,7018
51069,31.129.64.0,255.255.224.0,7018
48347,31.129.122.0,255.255.255.0,54004
51669,31.129.128.0,255.255.252.0,7018
24872,31.129.160.0,255.255.224.0,7018
47286,31.129.192.0,255.255.224.0,54004
50130,31.129.224.0,255.255.252.0,54004
50012,31.129.232.0,255.255.255.0,7018
49583,31.130.32.0,255.255.224.0,54004
15673,31.130.64.0,255.255.224.0,7018
56709,31.130.96.0,255.255.240.0,7018
56701,31.130.137.0,255.255.255.0,7018
49107,31.130.156.0,255.255.254.0,7018
39650,31.130.181.0,255.255.255.0,7018
56740,31.130.200.0,255.255.255.0,7018
39507,31.130.216.0,255.255.248.0,7018
12700,31.131.32.0,255.255.248.0,54004
41871,31.131.96.0,255.255.255.0,54004
48595,31.131.128.0,255.255.248.0,54004
20670,31.131.168.0,255.255.248.0,7018
15576,31.132.8.0,255.255.252.0,7018
211609,31.132.32.0,255.255.255.0,54004
204326,31.132.40.0,255.255.252.0,7018
210144,31.132.48.0,255.255.252.0,7018
56945,31.132.64.0,255.255.248.0,7018
47438,31.132.96.0,255.255.224.0,7018
51290,31.133.0.0,255.255.248.0,7018
30838,31.133.16.0,255.255.252.0,7018
204108,31.133.32.0,255.255.252.0,54004
52091,31.133.40.0,255.255.254.0,54004
202279,31.133.48.0,255.255.248.0,54004
39089,31.133.56.0,255.255.248.0,54004
48882,31.133.64.0,255.255.240.0,7018
48641,31.133.96.0,255.255.254.0,7018
61152,31.133.120.0,255.255.248.0,54004
57181,31.133.200.0,255.255.248.0,7018
50245,31.133.208.0,255.255.240.0,54004
47211,31.133.224.0,255.255.224.0,54004
56592,31.134.16.0,255.255.255.0,7018
50467,31.134.48.0,255.255.240.0,7018
56656,31.134.96.0,255.255.248.0,54004
48323,31.134.105.0,255.255.255.0,54004
49561,31.134.112.0,255.255.248.0,54004
56668,31.134.120.0,255.255.248.0,54004
42668,31.134.128.0,255.255.192.0,7018
35539,31.134.192.0,255.255.248.0,54004
56983,31.135.16.0,255.255.240.0,7018
48327,31.135.32.0,255.255.254.0,7018
43865,31.135.64.0,255.255.248.0,54004
57456,31.135.92.0,255.255.254.0,54004
42239,31.135.96.0,255.255.224.0,7018
20539,31.135.128.0,255.255.224.0,54004
57718,31.135.160.0,255.255.254.0,7018
59595,31.135.184.0,255.255.252.0,7018
57789,31.135.192.0,255.255.240.0,7018
44056,31.135.224.0,255.255.240.0,54004
21497,31.144.0.0,255.255.0.0,54004
15924,31.145.0.0,255.255.0.0,7018
50875,31.145.82.0,255.255.255.0,7018
2108,31.147.0.0,255.255.0.0,7018
207676,31.148.0.0,255.255.255.0,54004
44975,31.148.1.0,255.255.255.0,54004
60075,31.148.2.0,255.255.254.0,7018
49551,31.148.8.0,255.255.252.0,7018
204889,31.148.20.0,255.255.255.0,54004
49038,31.148.23.0,255.255.255.0,7018
60165,31.148.120.0,255.255.248.0,7018
61031,31.148.148.0,255.255.255.0,7018
212463,31.148.149.0,255.255.255.0,7018
202353,31.148.168.0,255.255.255.0,7018
62331,31.148.205.0,255.255.255.0,7018
1136,31.149.0.0,255.255.0.0,7018
9145,31.150.0.0,255.255.0.0,7018
6866,31.153.0.0,255.255.0.0,7018
197492,31.169.40.0,255.255.248.0,7018
50304,31.169.48.0,255.255.248.0,7018
15447,31.169.56.0,255.255.254.0,7018
56582,31.169.64.0,255.255.255.0,7018
62095,31.169.73.0,255.255.255.0,7018
62059,31.169.96.0,255.255.248.0,7018
199283,31.169.112.0,255.255.254.0,7018
44212,31.170.0.0,255.255.248.0,7018
197696,31.170.8.0,255.255.248.0,7018
8968,31.170.42.0,255.255.254.0,7018
55154,31.170.55.0,255.255.255.0,54004
201942,31.170.100.0,255.255.252.0,7018
42714,31.170.128.0,255.255.224.0,54004
35236,31.170.176.0,255.255.248.0,7018
206977,31.170.232.0,255.255.255.0,7018
29049,31.171.38.0,255.255.255.0,7018
207456,31.171.132.0,255.255.252.0,7018
197706,31.171.152.0,255.255.255.0,7018
60072,31.171.192.0,255.255.248.0,54004
51469,31.171.216.0,255.255.254.0,7018
41627,31.171.224.0,255.255.240.0,7018
50837,31.171.240.0,255.255.255.0,54004
50629,31.172.0.0,255.255.192.0,7018
44963,31.172.132.0,255.255.255.0,7018
1820,31.172.136.0,255.255.248.0,7018
41540,31.172.143.0,255.255.255.0,7018
8632,31.172.144.0,255.255.248.0,7018
41765,31.172.164.0,255.255.252.0,7018
15967,31.172.168.0,255.255.252.0,54004
31242,31.172.176.0,255.255.240.0,7018
31133,31.173.0.0,255.255.0.0,7018
25159,31.173.0.0,255.255.248.0,7018
29648,31.173.104.0,255.255.255.0,7018
31195,31.173.132.0,255.255.254.0,7018
31163,31.173.192.0,255.255.255.0,7018
50928,31.173.248.0,255.255.248.0,7018
9146,31.176.128.0,255.255.128.0,7018
47868,31.177.24.0,255.255.248.0,7018
56910,31.177.56.0,255.255.248.0,7018
48287,31.177.64.0,255.255.252.0,7018
44512,31.177.112.0,255.255.248.0,7018
9141,31.178.0.0,255.255.128.0,7018
201990,31.179.229.0,255.255.255.0,7018
16342,31.182.0.0,255.254.0.0,7018
51074,31.184.128.0,255.255.192.0,7018
57292,31.184.130.0,255.255.254.0,7018
48573,31.185.0.0,255.255.248.0,7018
41344,31.185.8.0,255.255.252.0,54004
48544,31.185.16.0,255.255.255.0,7018
211661,31.185.97.0,255.255.255.0,7018
43847,31.185.104.0,255.255.255.0,7018
12764,31.186.48.0,255.255.248.0,54004
57367,31.186.80.0,255.255.248.0,7018
20677,31.186.125.0,255.255.255.0,7018
35467,31.186.160.0,255.255.248.0,7018
29583,31.186.184.0,255.255.255.0,7018
15570,31.186.224.0,255.255.224.0,54004
30282,31.186.224.0,255.255.255.0,54004
393954,31.186.225.0,255.255.255.0,54004
29413,31.187.80.0,255.255.252.0,7018
201602,31.187.104.0,255.255.248.0,7018
51559,31.192.208.0,255.255.255.0,7018
56682,31.192.216.0,255.255.248.0,7018
135330,31.192.233.0,255.255.255.0,7018
61323,31.193.0.0,255.255.240.0,7018
15433,31.193.32.0,255.255.255.0,7018
56675,31.193.40.0,255.255.248.0,7018
47359,31.193.80.0,255.255.248.0,54004
29550,31.193.128.0,255.255.240.0,7018
31708,31.193.168.0,255.255.248.0,7018
48551,31.193.186.0,255.255.255.0,7018
49367,31.193.188.0,255.255.255.0,7018
43811,31.193.192.0,255.255.255.0,7018
197799,31.193.200.0,255.255.248.0,7018
29644,31.193.216.0,255.255.248.0,7018
56711,31.193.248.0,255.255.248.0,7018
12978,31.200.0.0,255.255.128.0,7018
13280,31.200.128.0,255.255.224.0,7018
12418,31.200.192.0,255.255.255.0,54004
196949,31.200.224.0,255.255.240.0,7018
216158,31.200.249.0,255.255.255.0,7018
42961,31.203.0.0,255.255.192.0,7018
50147,31.204.0.0,255.255.255.0,7018
31726,31.204.72.0,255.255.248.0,7018
56665,31.204.88.0,255.255.255.0,7018
51906,31.204.112.0,255.255.240.0,7018
13237,31.204.124.0,255.255.252.0,7018
39578,31.204.160.0,255.255.224.0,7018
8585,31.204.192.0,255.255.192.0,7018
41230,31.205.0.0,255.255.0.0,7018
19127,31.207.56.0,255.255.254.0,7018
44843,31.207.66.0,255.255.254.0,54004
209420,31.207.68.0,255.255.255.0,54004
62082,31.207.78.0,255.255.254.0,7018
45037,31.207.88.0,255.255.255.0,7018
31082,31.207.91.0,255.255.255.0,7018
25394,31.209.112.0,255.255.240.0,7018
43256,31.209.128.0,255.255.255.0,7018
51896,31.209.136.0,255.255.248.0,7018
6663,31.209.160.0,255.255.240.0,7018
56737,31.209.184.0,255.255.248.0,7018
6677,31.209.192.0,255.255.192.0,7018
14178,31.210.20.0,255.255.255.0,7018
60798,31.210.21.0,255.255.255.0,7018
42910,31.210.32.0,255.255.255.0,7018
60446,31.210.37.0,255.255.255.0,7018
51540,31.210.44.0,255.255.255.0,54004
42216,31.210.47.0,255.255.255.0,54004
42926,31.210.64.0,255.255.252.0,7018
39537,31.210.128.0,255.255.248.0,7018
43885,31.210.144.0,255.255.252.0,7018
16205,31.210.160.0,255.255.248.0,7018
25455,31.210.169.0,255.255.255.0,7018
39318,31.210.174.0,255.255.254.0,54004
35706,31.210.248.0,255.255.248.0,7018
56707,31.211.44.0,255.255.252.0,7018
56745,31.211.160.0,255.255.248.0,7018
33885,31.211.192.0,255.255.192.0,7018
41421,31.214.137.0,255.255.255.0,7018
58329,31.214.157.0,255.255.255.0,7018
57910,31.214.176.0,255.255.240.0,54004
34309,31.214.212.0,255.255.252.0,7018
57356,31.216.0.0,255.255.240.0,7018
48461,31.216.40.0,255.255.248.0,7018
213241,31.216.58.0,255.255.255.0,7018
210879,31.216.61.0,255.255.255.0,54004
15805,31.216.64.0,255.255.192.0,7018
28769,31.216.161.0,255.255.255.0,7018
21107,31.216.184.0,255.255.248.0,7018
5391,31.216.192.0,255.255.224.0,7018
50904,31.216.224.0,255.255.248.0,7018
16171,31.216.232.0,255.255.248.0,7018
29177,31.216.240.0,255.255.240.0,7018
58003,31.217.192.0,255.255.248.0,7018
31121,31.217.200.0,255.255.248.0,7018
20900,31.217.232.0,255.255.248.0,7018
49567,31.217.240.0,255.255.248.0,7018
7578,31.217.251.0,255.255.255.0,7018
31317,31.220.112.0,255.255.248.0,7018
15817,31.220.120.0,255.255.248.0,7018
31078,31.220.136.0,255.255.248.0,7018
198913,31.220.147.0,255.255.255.0,7018
59675,31.220.150.0,255.255.255.0,7018
29072,31.220.160.0,255.255.224.0,7018
15704,31.221.128.0,255.255.224.0,7018
57665,31.222.16.0,255.255.248.0,7018
12678,31.222.64.0,255.255.252.0,7018
197816,31.222.192.0,255.255.248.0,7018
206446,31.222.204.0,255.255.255.0,7018
48108,31.222.227.0,255.255.255.0,54004
12735,31.223.0.0,255.255.255.0,7018
25144,31.223.128.0,255.255.224.0,7018
28878,31.223.160.0,255.255.240.0,7018
49685,31.223.175.0,255.255.255.0,7018
59877,31.223.190.0,255.255.255.0,7018
47116,31.223.232.0,255.255.248.0,7018
47902,31.223.240.0,255.255.240.0,7018
2688,32.31.0.0,255.255.0.0,54004
134536,32.39.68.0,255.255.255.0,54004
14904,32.97.136.0,255.255.255.0,7018
19527,34.0.0.0,255.254.0.0,54004
139070,34.64.0.0,255.255.0.0,54004
139190,34.101.0.0,255.255.0.0,54004
36375,35.0.0.0,255.255.0.0,7018
231,35.8.0.0,255.248.0.0,7018
237,35.16.0.0,255.255.0.0,7018
19009,35.128.4.0,255.255.255.0,7018
11096,35.128.192.0,255.255.255.0,7018
22677,35.130.32.0,255.255.255.0,54004
33588,35.131.32.0,255.255.224.0,54004
396299,35.131.124.0,255.255.255.0,54004
45170,36.0.4.0,255.255.252.0,7018
2527,36.2.0.0,255.255.224.0,7018
58461,36.20.119.0,255.255.255.0,7018
140726,36.32.0.0,255.255.240.0,54004
4800,36.37.64.0,255.255.255.0,7018
38623,36.37.128.0,255.255.128.0,54004
142539,36.50.6.0,255.255.255.0,7018
137967,36.50.11.0,255.255.255.0,54004
38203,36.50.18.0,255.255.255.0,54004
150895,36.50.26.0,255.255.255.0,54004
134564,36.50.30.0,255.255.255.0,54004
152013,36.50.43.0,255.255.255.0,7018
138077,36.50.46.0,255.255.255.0,54004
55888,36.50.48.0,255.255.255.0,54004
152029,36.50.56.0,255.255.254.0,54004
152107,36.50.58.0,255.255.255.0,54004
131471,36.50.72.0,255.255.255.0,54004
138115,36.50.77.0,255.255.255.0,54004
151734,36.50.82.0,255.255.255.0,54004
3258,36.50.84.0,255.255.254.0,7018
58495,36.50.86.0,255.255.254.0,54004
141642,36.50.92.0,255.255.255.0,54004
152356,36.50.96.0,255.255.255.0,54004
56264,36.50.102.0,255.255.255.0,54004
152172,36.50.110.0,255.255.254.0,54004
63859,36.50.112.0,255.255.255.0,54004
149240,36.50.118.0,255.255.255.0,54004
137453,36.50.146.0,255.255.255.0,54004
152183,36.50.147.0,255.255.255.0,54004
152078,36.50.154.0,255.255.254.0,54004
151157,36.50.166.0,255.255.255.0,54004
141746,36.50.196.0,255.255.255.0,7018
149584,36.50.197.0,255.255.255.0,54004
58689,36.50.199.0,255.255.255.0,7018
147159,36.50.205.0,255.255.255.0,54004
152080,36.50.224.0,255.255.254.0,54004
150766,36.50.228.0,255.255.255.0,54004
136749,36.50.230.0,255.255.254.0,7018
140934,36.50.240.0,255.255.255.0,54004
205329,36.50.249.64,255.255.255.255,54004
138829,36.50.253.0,255.255.255.0,7018
55355,36.51.255.0,255.255.255.0,54004
140061,36.100.0.0,255.255.128.0,7018
134761,36.103.128.0,255.255.224.0,7018
17638,36.106.0.0,255.255.128.0,7018
141679,36.110.213.0,255.255.255.0,7018
4812,36.111.0.0,255.255.240.0,54004
38283,36.111.64.0,255.255.255.0,7018
134756,36.111.72.0,255.255.255.0,7018
9808,36.128.0.0,255.192.0.0,54004
56044,36.128.0.0,255.255.0.0,54004
132525,36.132.128.0,255.255.128.0,54004
56047,36.133.12.0,255.255.252.0,54004
56041,36.134.0.0,255.255.248.0,54004
38019,36.134.64.0,255.255.255.0,54004
134810,36.134.66.0,255.255.254.0,54004
24547,36.134.82.0,255.255.254.0,54004
56046,36.134.96.0,255.255.252.0,54004
56040,36.138.120.0,255.255.255.0,54004
141425,36.139.219.0,255.255.255.0,54004
139080,36.140.13.0,255.255.255.0,54004
24444,36.140.254.0,255.255.255.0,54004
24138,36.192.0.0,255.255.248.0,54004
38565,36.252.0.0,255.254.0.0,7018
18229,36.255.3.0,255.255.255.0,54004
134067,36.255.48.0,255.255.252.0,54004
135607,36.255.60.0,255.255.255.0,54004
137654,36.255.66.0,255.255.255.0,54004
58923,36.255.68.0,255.255.252.0,54004
24432,36.255.80.0,255.255.252.0,54004
132559,36.255.84.0,255.255.255.0,54004
58895,36.255.100.0,255.255.255.0,54004
24554,36.255.108.0,255.255.252.0,54004
38566,36.255.144.0,255.255.252.0,54004
135718,36.255.157.0,255.255.255.0,54004
55352,36.255.180.0,255.255.252.0,54004
62651,36.255.204.0,255.255.255.0,7018
24295,36.255.216.0,255.255.252.0,54004
134053,36.255.232.0,255.255.252.0,7018
208348,36.255.240.0,255.255.254.0,7018
134293,36.255.242.0,255.255.255.0,54004
134672,36.255.244.0,255.255.255.0,54004
135133,36.255.252.0,255.255.255.0,7018
206804,37.0.12.0,255.255.255.0,54004
50794,37.0.24.0,255.255.248.0,7018
28685,37.0.80.0,255.255.240.0,7018
34456,37.1.0.0,255.255.192.0,7018
50763,37.1.88.0,255.255.248.0,54004
35826,37.1.96.0,255.255.248.0,7018
49250,37.1.104.0,255.255.248.0,7018
50941,37.1.145.0,255.255.255.0,54004
48072,37.1.240.0,255.255.240.0,7018
25472,37.6.0.0,255.255.0.0,7018
31477,37.9.160.0,255.255.248.0,7018
51013,37.9.168.0,255.255.248.0,7018
25424,37.9.192.0,255.255.248.0,7018
57626,37.9.216.0,255.255.248.0,7018
12843,37.16.64.0,255.255.248.0,7018
201119,37.16.90.0,255.255.255.0,54004
51691,37.16.96.0,255.255.240.0,7018
42772,37.17.0.0,255.255.128.0,7018
61998,37.17.170.0,255.255.255.0,7018
58272,37.18.0.0,255.255.255.0,54004
60598,37.18.1.0,255.255.255.0,7018
198011,37.18.4.0,255.255.252.0,7018
204720,37.18.14.0,255.255.255.0,54004
48188,37.18.40.0,255.255.255.0,7018
48585,37.18.56.0,255.255.254.0,7018
203622,37.18.58.0,255.255.255.0,7018
204496,37.18.59.0,255.255.255.0,7018
206260,37.18.64.0,255.255.248.0,7018
200976,37.18.127.0,255.255.255.0,7018
203712,37.18.132.0,255.255.255.0,7018
48176,37.18.152.0,255.255.248.0,7018
5603,37.18.224.0,255.255.240.0,7018
198354,37.19.0.0,255.255.248.0,54004
34267,37.19.32.0,255.255.240.0,7018
44143,37.19.104.0,255.255.248.0,7018
8309,37.19.128.0,255.255.192.0,54004
60068,37.19.194.0,255.255.255.0,7018
211612,37.19.204.0,255.255.255.0,7018
48101,37.25.44.0,255.255.255.0,7018
57642,37.25.56.0,255.255.248.0,7018
6821,37.25.80.0,255.255.248.0,7018
13122,37.25.88.0,255.255.248.0,7018
201917,37.25.148.0,255.255.255.0,7018
198279,37.26.80.0,255.255.248.0,7018
206666,37.26.96.0,255.255.255.0,7018
209613,37.26.102.0,255.255.255.0,7018
34337,37.26.192.0,255.255.254.0,7018
28748,37.26.200.0,255.255.248.0,7018
57660,37.26.208.0,255.255.240.0,7018
31208,37.28.184.0,255.255.255.0,7018
12912,37.30.0.0,255.254.0.0,7018
202468,37.32.0.0,255.255.255.0,7018
208006,37.32.3.0,255.255.255.0,54004
47376,37.32.44.0,255.255.255.0,7018
35132,37.32.48.0,255.255.248.0,7018
57675,37.32.64.0,255.255.255.0,7018
13099,37.32.75.0,255.255.255.0,7018
200154,37.32.77.0,255.255.255.0,7018
202636,37.32.96.0,255.255.254.0,7018
8749,37.32.101.0,255.255.255.0,7018
5408,37.32.128.0,255.255.128.0,7018
16086,37.33.0.0,255.255.0.0,7018
198399,37.34.72.0,255.255.254.0,7018
43925,37.34.96.0,255.255.252.0,7018
29104,37.35.0.0,255.255.248.0,7018
39194,37.35.16.0,255.255.240.0,7018
33983,37.35.64.0,255.255.248.0,7018
49974,37.35.96.0,255.255.252.0,7018
25291,37.44.0.0,255.255.248.0,7018
6697,37.44.64.0,255.255.192.0,7018
13189,37.44.204.0,255.255.252.0,7018
42306,37.44.208.0,255.255.252.0,7018
49434,37.44.236.0,255.255.255.0,7018
209749,37.46.12.0,255.255.255.0,7018
48956,37.46.13.0,255.255.255.0,7018
43370,37.46.48.0,255.255.252.0,54004
24739,37.46.52.0,255.255.252.0,7018
15699,37.46.72.0,255.255.248.0,7018
29134,37.46.80.0,255.255.248.0,7018
56568,37.46.96.0,255.255.252.0,54004
6206,37.46.192.0,255.255.252.0,7018
39326,37.46.200.0,255.255.248.0,7018
13188,37.46.224.0,255.255.255.0,54004
206347,37.48.225.0,255.255.255.0,7018
35549,37.48.232.0,255.255.248.0,7018
21127,37.49.192.0,255.255.224.0,7018
3920,37.49.224.0,255.255.255.0,7018
57734,37.49.234.0,255.255.255.0,7018
50572,37.49.240.0,255.255.240.0,7018
6849,37.52.0.0,255.255.248.0,54004
48737,37.58.17.0,255.255.255.0,7018
198570,37.60.0.0,255.255.248.0,7018
198594,37.60.24.0,255.255.248.0,7018
49158,37.60.64.0,255.255.192.0,7018
29608,37.60.152.0,255.255.248.0,7018
201080,37.60.155.0,255.255.255.0,54004
29513,37.60.184.0,255.255.248.0,7018
1126,37.60.192.0,255.255.248.0,54004
28787,37.61.0.0,255.255.128.0,7018
51813,37.61.182.0,255.255.255.0,7018
57913,37.61.228.0,255.255.255.0,7018
41000,37.61.232.0,255.255.248.0,7018
210123,37.61.248.0,255.255.248.0,7018
15557,37.64.0.0,255.248.0.0,7018
198434,37.72.32.0,255.255.248.0,54004
24945,37.72.40.0,255.255.248.0,54004
61029,37.72.96.0,255.255.255.0,7018
38987,37.72.120.0,255.255.248.0,7018
56485,37.72.129.0,255.255.255.0,54004
60098,37.72.176.0,255.255.255.0,7018
34058,37.73.0.0,255.255.0.0,7018
34139,37.75.0.0,255.255.248.0,54004
201178,37.75.8.0,255.255.255.0,54004
33874,37.75.32.0,255.255.224.0,7018
13056,37.76.160.0,255.255.224.0,7018
39582,37.77.1.0,255.255.255.0,7018
31122,37.77.58.0,255.255.254.0,7018
47586,37.77.108.0,255.255.252.0,7018
212417,37.77.136.0,255.255.248.0,7018
48199,37.77.148.0,255.255.255.0,54004
43281,37.77.168.0,255.255.255.0,7018
28929,37.77.208.0,255.255.240.0,7018
8399,37.97.64.0,255.255.224.0,54004
8851,37.98.144.0,255.255.248.0,7018
24722,37.98.152.0,255.255.248.0,54004
47241,37.98.160.0,255.255.224.0,7018
57794,37.98.192.0,255.255.248.0,7018
16839,37.98.233.0,255.255.255.0,54004
47794,37.99.128.0,255.255.192.0,54004
48695,37.99.150.0,255.255.255.0,54004
198477,37.99.192.0,255.255.248.0,7018
48500,37.99.224.0,255.255.240.0,7018
45015,37.99.248.0,255.255.248.0,7018
41872,37.110.200.0,255.255.248.0,7018
48475,37.110.224.0,255.255.240.0,7018
50538,37.110.240.0,255.255.248.0,7018
198781,37.110.248.0,255.255.248.0,7018
133385,37.111.0.0,255.255.248.0,54004
24499,37.111.128.0,255.255.255.0,54004
24389,37.111.192.0,255.255.255.0,54004
21176,37.114.8.0,255.255.248.0,7018
200482,37.114.35.0,255.255.255.0,7018
20521,37.114.72.0,255.255.248.0,7018
60662,37.122.144.0,255.255.252.0,7018
47962,37.122.152.0,255.255.252.0,7018
25540,37.122.200.0,255.255.248.0,7018
35579,37.122.220.0,255.255.252.0,7018
51945,37.122.248.0,255.255.248.0,7018
48832,37.123.85.0,255.255.255.0,7018
35378,37.123.200.0,255.255.248.0,7018
215300,37.123.211.0,255.255.255.0,7018
50289,37.123.216.0,255.255.248.0,54004
8865,37.128.152.0,255.255.248.0,7018
198479,37.128.168.0,255.255.255.0,7018
15874,37.130.0.0,255.255.192.0,7018
50411,37.130.8.0,255.255.252.0,7018
34296,37.130.64.0,255.255.255.0,54004
199478,37.130.144.0,255.255.255.0,7018
34545,37.130.192.0,255.255.255.0,54004
205330,37.130.216.0,255.255.248.0,7018
202020,37.130.232.0,255.255.248.0,7018
47474,37.130.248.0,255.255.248.0,7018
51375,37.131.0.0,255.255.128.0,7018
35745,37.131.160.0,255.255.240.0,54004
60522,37.131.179.0,255.255.255.0,7018
25375,37.131.184.0,255.255.248.0,7018
44327,37.131.224.0,255.255.248.0,7018
61157,37.131.232.0,255.255.248.0,7018
15743,37.131.240.0,255.255.248.0,7018
200000,37.139.64.0,255.255.248.0,54004
50153,37.139.72.0,255.255.255.0,7018
35026,37.139.80.0,255.255.254.0,54004
198675,37.139.87.0,255.255.255.0,54004
12850,37.139.88.0,255.255.248.0,7018
57961,37.139.112.0,255.255.252.0,7018
8739,37.139.131.0,255.255.255.0,54004
41095,37.139.133.0,255.255.255.0,7018
57866,37.139.136.0,255.255.248.0,7018
42739,37.139.144.0,255.255.255.0,54004
25133,37.139.160.0,255.255.224.0,54004
3169,37.140.217.0,255.255.255.0,7018
44407,37.140.224.0,255.255.248.0,7018
202958,37.140.243.0,255.255.255.0,54004
34373,37.143.36.0,255.255.254.0,7018
20546,37.143.40.0,255.255.255.0,7018
29492,37.143.48.0,255.255.252.0,7018
198507,37.143.52.0,255.255.252.0,7018
199235,37.143.72.0,255.255.252.0,7018
196777,37.143.132.0,255.255.252.0,7018
51793,37.143.160.0,255.255.254.0,7018
34714,37.143.168.0,255.255.255.0,7018
29056,37.143.176.0,255.255.240.0,7018
43205,37.143.192.0,255.255.192.0,7018
31549,37.148.0.0,255.255.192.0,7018
205647,37.148.0.0,255.255.248.0,7018
20910,37.148.168.0,255.255.248.0,7018
58269,37.148.174.0,255.255.255.0,7018
61044,37.148.192.0,255.255.248.0,7018
34619,37.148.208.0,255.255.255.0,7018
39180,37.148.240.0,255.255.248.0,7018
57907,37.152.48.0,255.255.248.0,7018
211589,37.152.71.0,255.255.255.0,7018
196750,37.153.0.0,255.255.192.0,54004
41655,37.153.80.0,255.255.248.0,7018
26464,37.153.110.0,255.255.255.0,54004
39737,37.153.136.0,255.255.255.0,7018
39409,37.153.156.0,255.255.255.0,54004
216262,37.156.5.0,255.255.255.0,54004
203346,37.156.64.0,255.255.255.0,54004
200651,37.156.68.0,255.255.255.0,7018
8751,37.156.71.0,255.255.255.0,7018
206206,37.156.104.0,255.255.255.0,7018
1653,37.156.192.0,255.255.240.0,7018
62282,37.156.216.0,255.255.248.0,54004
8953,37.156.224.0,255.255.255.0,7018
41496,37.156.227.0,255.255.255.0,7018
198622,37.157.0.0,255.255.248.0,7018
6863,37.157.16.0,255.255.248.0,7018
31472,37.157.48.0,255.255.248.0,7018
3249,37.157.64.0,255.255.192.0,7018
57943,37.157.128.0,255.255.248.0,7018
8866,37.157.136.0,255.255.248.0,7018
6661,37.157.152.0,255.255.248.0,7018
43561,37.157.191.0,255.255.255.0,7018
42845,37.157.224.0,255.255.248.0,7018
29447,37.160.0.0,255.252.0.0,7018
39912,37.186.0.0,255.255.252.0,7018
8540,37.186.5.0,255.255.255.0,7018
48728,37.186.32.0,255.255.255.0,54004
50889,37.186.111.0,255.255.255.0,54004
20811,37.186.128.0,255.255.192.0,7018
25513,37.190.0.0,255.255.128.0,7018
57681,37.190.60.0,255.255.255.0,7018
48309,37.191.64.0,255.255.252.0,7018
42973,37.191.96.0,255.255.248.0,7018
202193,37.200.80.0,255.255.252.0,7018
24958,37.200.112.0,255.255.248.0,7018
24663,37.200.120.0,255.255.248.0,54004
6672,37.202.8.0,255.255.248.0,54004
47531,37.202.8.0,255.255.252.0,7018
62167,37.202.25.0,255.255.255.0,7018
6823,37.202.48.0,255.255.248.0,7018
8376,37.202.64.0,255.255.192.0,7018
214693,37.202.197.0,255.255.255.0,54004
213791,37.202.205.0,255.255.255.0,54004
272605,37.202.208.0,255.255.255.0,7018
267507,37.202.218.0,255.255.255.0,54004
12993,37.203.32.0,255.255.248.0,54004
44332,37.203.40.0,255.255.248.0,7018
206663,37.203.54.0,255.255.255.0,7018
39637,37.203.56.0,255.255.248.0,7018
50295,37.203.216.0,255.255.248.0,7018
44964,37.203.240.0,255.255.248.0,54004
21040,37.203.248.0,255.255.248.0,7018
41811,37.205.56.0,255.255.248.0,7018
58002,37.208.64.0,255.255.240.0,54004
41822,37.208.100.0,255.255.254.0,7018
58010,37.208.104.0,255.255.248.0,7018
29084,37.209.168.0,255.255.248.0,7018
12008,37.209.192.0,255.255.255.0,54004
31463,37.209.208.0,255.255.240.0,7018
16285,37.209.224.0,255.255.255.0,7018
9051,37.209.248.0,255.255.248.0,54004
42298,37.211.16.0,255.255.240.0,54004
43356,37.218.196.0,255.255.255.0,7018
47172,37.218.240.0,255.255.255.0,7018
47264,37.220.104.0,255.255.248.0,7018
50261,37.220.128.0,255.255.240.0,7018
13127,37.220.148.0,255.255.255.0,7018
196742,37.220.152.0,255.255.248.0,7018
34879,37.220.160.0,255.255.255.0,54004
201730,37.221.88.0,255.255.252.0,7018
200873,37.221.99.0,255.255.255.0,7018
198537,37.221.100.0,255.255.252.0,7018
12129,37.221.109.0,255.255.255.0,54004
33185,37.221.110.0,255.255.255.0,7018
51514,37.221.216.0,255.255.248.0,7018
198965,37.221.224.0,255.255.248.0,7018
39386,37.224.192.0,255.255.255.0,7018
35104,37.228.64.0,255.255.255.0,54004
34352,37.228.80.0,255.255.255.0,7018
39832,37.228.104.0,255.255.248.0,54004
50873,37.228.130.0,255.255.255.0,7018
204035,37.228.132.0,255.255.255.0,54004
209400,37.228.140.0,255.255.252.0,7018
270052,37.230.56.0,255.255.252.0,54004
203600,37.230.86.0,255.255.255.0,7018
201205,37.230.120.0,255.255.248.0,7018
210226,37.230.128.0,255.255.254.0,7018
200197,37.230.131.0,255.255.255.0,7018
197309,37.230.137.0,255.255.255.0,54004
212027,37.230.138.0,255.255.255.0,7018
48614,37.230.141.0,255.255.255.0,54004
48219,37.230.143.0,255.255.255.0,54004
197535,37.230.146.0,255.255.255.0,7018
60062,37.230.160.0,255.255.255.0,54004
42521,37.230.201.0,255.255.255.0,54004
48558,37.230.206.0,255.255.254.0,7018
201825,37.230.237.0,255.255.255.0,7018
56627,37.230.249.0,255.255.255.0,54004
47589,37.231.0.0,255.255.128.0,54004
31252,37.233.0.0,255.255.192.0,7018
35810,37.233.116.0,255.255.255.0,54004
20771,37.233.128.0,255.255.128.0,7018
50613,37.235.49.0,255.255.255.0,7018
28099,37.235.52.0,255.255.255.0,54004
58075,37.235.80.0,255.255.248.0,7018
35625,37.235.88.0,255.255.248.0,7018
39392,37.235.96.0,255.255.240.0,7018
35332,37.235.112.0,255.255.248.0,7018
41268,37.235.128.0,255.255.128.0,7018
25459,37.247.32.0,255.255.240.0,7018
34971,37.247.48.0,255.255.248.0,7018
34358,37.251.128.0,255.255.224.0,7018
29205,37.251.192.0,255.255.248.0,7018
59627,37.252.2.0,255.255.255.0,7018
34702,37.252.4.0,255.255.254.0,7018
58095,37.252.16.0,255.255.255.0,54004
196752,37.252.120.0,255.255.248.0,7018
48885,37.252.128.0,255.255.224.0,7018
29990,37.252.160.0,255.255.254.0,7018
44133,37.252.184.0,255.255.248.0,7018
44654,37.252.210.0,255.255.255.0,7018
393442,38.2.32.0,255.255.240.0,54004
7250,38.2.112.0,255.255.240.0,7018
32473,38.2.156.0,255.255.252.0,7018
21559,38.2.160.0,255.255.224.0,7018
26831,38.2.224.0,255.255.255.0,7018
16604,38.2.232.0,255.255.255.0,54004
20135,38.3.16.0,255.255.240.0,54004
398721,38.3.64.0,255.255.240.0,7018
274614,38.3.132.0,255.255.254.0,7018
52419,38.3.152.0,255.255.248.0,7018
138064,38.3.160.0,255.255.255.0,54004
273595,38.3.164.0,255.255.252.0,7018
61734,38.3.178.0,255.255.255.0,54004
265302,38.3.179.0,255.255.255.0,54004
140121,38.3.185.0,255.255.255.0,54004
264255,38.3.208.0,255.255.252.0,54004
270984,38.3.212.0,255.255.252.0,54004
203217,38.3.232.0,255.255.254.0,7018
398993,38.6.0.0,255.255.192.0,54004
398823,38.6.64.0,255.255.192.0,54004
271899,38.7.0.0,255.255.248.0,7018
28398,38.7.16.0,255.255.248.0,7018
263725,38.7.24.0,255.255.255.0,7018
265867,38.7.102.0,255.255.254.0,7018
272962,38.7.106.0,255.255.255.0,7018
272112,38.7.137.0,255.255.255.0,7018
205423,38.7.148.0,255.255.252.0,7018
399898,38.7.152.0,255.255.252.0,54004
207136,38.7.158.0,255.255.254.0,7018
268205,38.7.224.0,255.255.224.0,54004
56087,38.9.0.0,255.255.254.0,54004
264397,38.9.4.0,255.255.252.0,7018
265721,38.9.16.0,255.255.255.0,7018
267749,38.9.38.0,255.255.255.0,7018
17426,38.9.60.0,255.255.255.0,54004
266475,38.9.112.0,255.255.255.0,7018
23679,38.9.128.0,255.255.254.0,54004
272836,38.9.192.0,255.255.240.0,54004
271188,38.9.215.0,255.255.255.0,54004
271957,38.9.216.0,255.255.248.0,54004
135814,38.10.1.0,255.255.255.0,54004
267034,38.10.83.0,255.255.255.0,54004
136244,38.10.88.0,255.255.254.0,54004
267521,38.10.96.0,255.255.252.0,7018
270375,38.10.100.0,255.255.254.0,54004
264962,38.10.103.0,255.255.255.0,54004
263189,38.10.104.0,255.255.252.0,7018
263684,38.10.112.0,255.255.252.0,7018
263689,38.10.132.0,255.255.252.0,7018
272447,38.10.152.0,255.255.254.0,54004
269931,38.10.247.0,255.255.255.0,7018
269730,38.10.248.0,255.255.254.0,54004
139923,38.12.34.0,255.255.255.0,54004
151630,38.12.248.0,255.255.255.0,54004
27611,38.13.40.0,255.255.248.0,7018
25668,38.13.64.0,255.255.224.0,7018
17223,38.15.184.0,255.255.255.0,7018
29863,38.15.188.0,255.255.255.0,7018
272122,38.17.128.0,255.255.128.0,7018
27924,38.18.32.0,255.255.224.0,7018
32277,38.18.96.0,255.255.224.0,54004
40281,38.18.136.0,255.255.248.0,7018
141167,38.18.224.0,255.255.252.0,54004
28458,38.19.39.0,255.255.255.0,7018
270075,38.19.40.0,255.255.252.0,54004
272273,38.19.52.0,255.255.255.0,54004
22724,38.19.64.0,255.255.240.0,54004
263693,38.19.90.0,255.255.255.0,7018
269898,38.19.100.0,255.255.255.0,54004
31942,38.19.189.0,255.255.255.0,54004
9186,38.19.200.0,255.255.252.0,7018
265688,38.19.212.0,255.255.254.0,54004
52800,38.19.218.0,255.255.254.0,54004
273133,38.19.228.0,255.255.252.0,54004
264509,38.19.232.0,255.255.254.0,54004
150555,38.19.236.0,255.255.255.0,54004
28546,38.19.240.0,255.255.255.0,7018
265561,38.19.252.0,255.255.255.0,7018
52875,38.20.8.0,255.255.252.0,54004
26110,38.20.134.0,255.255.255.0,7018
138296,38.20.140.0,255.255.252.0,54004
63131,38.20.160.0,255.255.240.0,7018
134497,38.20.178.0,255.255.255.0,54004
397545,38.20.192.0,255.255.248.0,7018
399337,38.20.224.0,255.255.252.0,7018
40545,38.21.40.0,255.255.248.0,7018
13692,38.21.56.0,255.255.248.0,54004
136336,38.21.68.0,255.255.255.0,7018
262231,38.21.80.0,255.255.240.0,7018
55140,38.21.144.0,255.255.240.0,54004
11550,38.22.128.0,255.255.240.0,7018
28439,38.22.164.0,255.255.252.0,7018
265605,38.22.169.0,255.255.255.0,7018
21554,38.23.32.0,255.255.224.0,54004
265691,38.25.0.0,255.255.128.0,54004
61461,38.25.128.0,255.255.128.0,7018
53338,38.26.16.0,255.255.240.0,7018
29571,38.26.128.0,255.255.128.0,7018
23114,38.27.96.0,255.255.248.0,7018
14277,38.27.112.0,255.255.252.0,7018
11686,38.29.170.0,255.255.255.0,54004
2637,38.29.188.0,255.255.255.0,7018
400194,38.30.160.0,255.255.224.0,7018
216138,38.30.192.0,255.255.240.0,54004
23532,38.30.253.0,255.255.255.0,54004
46957,38.34.192.0,255.255.224.0,7018
30444,38.34.224.0,255.255.224.0,7018
33164,38.35.32.0,255.255.224.0,7018
265509,38.35.128.0,255.255.248.0,7018
394432,38.38.192.0,255.255.192.0,54004
139659,38.38.250.0,255.255.254.0,54004
203223,38.39.128.0,255.255.248.0,7018
40029,38.39.160.0,255.255.240.0,54004
269832,38.41.0.0,255.255.224.0,7018
26223,38.41.64.0,255.255.255.0,54004
53256,38.41.96.0,255.255.240.0,7018
6405,38.41.112.0,255.255.252.0,7018
13415,38.41.124.0,255.255.252.0,7018
3132,38.41.186.0,255.255.255.0,54004
271907,38.41.188.0,255.255.255.0,54004
266044,38.41.196.0,255.255.252.0,54004
203667,38.41.200.0,255.255.248.0,7018
264764,38.41.224.0,255.255.224.0,7018
133360,38.43.64.0,255.255.254.0,54004
327786,38.43.72.0,255.255.252.0,7018
268952,38.43.76.0,255.255.255.0,54004
269656,38.43.90.0,255.255.254.0,7018
399804,38.43.93.0,255.255.255.0,54004
269501,38.43.100.0,255.255.252.0,7018
61884,38.43.104.0,255.255.252.0,7018
33139,38.43.112.0,255.255.248.0,7018
272935,38.43.122.0,255.255.255.0,7018
46632,38.44.0.0,255.255.248.0,7018
272083,38.44.16.0,255.255.255.0,7018
267845,38.44.32.0,255.255.255.0,7018
37517,38.44.64.0,255.255.240.0,7018
64134,38.44.240.0,255.255.255.0,7018
142393,38.44.248.0,255.255.255.0,54004
393632,38.45.19.0,255.255.255.0,7018
13319,38.45.20.0,255.255.252.0,7018
35592,38.45.80.0,255.255.252.0,7018
19969,38.45.98.0,255.255.255.0,7018
137182,38.45.112.0,255.255.252.0,54004
46414,38.46.32.0,255.255.254.0,7018
393670,38.46.52.0,255.255.254.0,7018
398704,38.46.72.0,255.255.248.0,54004
14103,38.46.88.0,255.255.248.0,7018
394140,38.46.136.0,255.255.252.0,7018
398991,38.46.142.0,255.255.254.0,7018
138456,38.46.158.0,255.255.254.0,7018
142307,38.46.232.0,255.255.255.0,7018
38235,38.47.32.0,255.255.248.0,54004
133524,38.47.40.0,255.255.248.0,54004
136491,38.47.51.0,255.255.255.0,54004
149042,38.47.52.0,255.255.254.0,54004
9381,38.47.61.0,255.255.255.0,54004
140570,38.47.62.0,255.255.255.0,54004
932,38.47.96.0,255.255.224.0,54004
147019,38.47.128.0,255.255.255.0,7018
140443,38.47.176.0,255.255.255.0,54004
140227,38.47.192.0,255.255.255.0,54004
26133,38.49.224.0,255.255.224.0,54004
13576,38.50.52.0,255.255.252.0,54004
263262,38.50.56.0,255.255.252.0,54004
264758,38.50.60.0,255.255.255.0,7018
14979,38.50.64.0,255.255.248.0,7018
263834,38.50.96.0,255.255.224.0,7018
266539,38.50.128.0,255.255.224.0,7018
264685,38.51.22.0,255.255.255.0,7018
52322,38.51.26.0,255.255.255.0,7018
271942,38.51.52.0,255.255.255.0,7018
27813,38.51.64.0,255.255.240.0,7018
272102,38.51.120.0,255.255.255.0,54004
58952,38.51.128.0,255.255.252.0,54004
272111,38.51.132.0,255.255.255.0,7018
264111,38.51.152.0,255.255.255.0,54004
263686,38.51.228.0,255.255.252.0,7018
267708,38.51.232.0,255.255.252.0,54004
28032,38.51.248.0,255.255.252.0,54004
33152,38.52.0.0,255.255.192.0,54004
12150,38.52.64.0,255.255.224.0,7018
11172,38.52.116.0,255.255.254.0,7018
135300,38.52.120.0,255.255.248.0,54004
61512,38.52.132.0,255.255.252.0,54004
61622,38.52.149.0,255.255.255.0,54004
272851,38.52.152.0,255.255.248.0,7018
12684,38.52.172.0,255.255.252.0,54004
273026,38.52.182.0,255.255.254.0,7018
11432,38.52.204.0,255.255.255.0,54004
61598,38.52.206.0,255.255.255.0,54004
52468,38.52.211.0,255.255.255.0,54004
63139,38.54.46.0,255.255.255.0,54004
14430,38.55.80.0,255.255.255.0,7018
1054,38.55.108.0,255.255.255.0,7018
61817,38.56.0.0,255.255.240.0,54004
52945,38.56.16.0,255.255.252.0,54004
272276,38.56.22.0,255.255.255.0,54004
210129,38.56.32.0,255.255.224.0,7018
266734,38.56.76.0,255.255.252.0,7018
272873,38.56.83.0,255.255.255.0,7018
64116,38.56.96.0,255.255.255.0,7018
272848,38.56.97.0,255.255.255.0,54004
273950,38.56.98.0,255.255.255.0,7018
271803,38.56.103.0,255.255.255.0,54004
272806,38.56.108.0,255.255.255.0,7018
64146,38.56.120.0,255.255.255.0,7018
61765,38.56.196.0,255.255.255.0,54004
61770,38.56.240.0,255.255.252.0,7018
28451,38.56.248.0,255.255.255.0,7018
13631,38.57.54.0,255.255.255.0,54004
53764,38.57.96.0,255.255.255.0,7018
34756,38.57.106.0,255.255.255.0,7018
1031,38.57.115.0,255.255.255.0,7018
14016,38.57.187.0,255.255.255.0,7018
46783,38.57.234.0,255.255.255.0,7018
263167,38.58.32.0,255.255.255.0,7018
212087,38.58.40.0,255.255.255.0,7018
132139,38.58.109.0,255.255.255.0,54004
270126,38.58.144.0,255.255.254.0,7018
33037,38.58.196.0,255.255.255.0,7018
4226,38.59.192.0,255.255.254.0,7018
397162,38.59.222.0,255.255.255.0,54004
396420,38.62.64.0,255.255.255.0,7018
393437,38.64.76.0,255.255.255.0,54004
36062,38.64.81.0,255.255.255.0,7018
47027,38.64.204.0,255.255.252.0,54004
394284,38.64.222.0,255.255.255.0,54004
26523,38.64.244.0,255.255.255.0,54004
270158,38.65.174.0,255.255.255.0,7018
54240,38.65.204.0,255.255.254.0,7018
33097,38.65.223.0,255.255.255.0,7018
16524,38.66.48.0,255.255.254.0,54004
138998,38.66.108.0,255.255.252.0,54004
19754,38.67.10.0,255.255.255.0,54004
36054,38.67.21.0,255.255.255.0,7018
18859,38.67.32.0,255.255.224.0,7018
150150,38.67.211.0,255.255.255.0,54004
20205,38.67.212.0,255.255.254.0,7018
54650,38.68.2.0,255.255.255.0,7018
269946,38.68.176.0,255.255.255.0,54004
40220,38.68.251.0,255.255.255.0,7018
36225,38.69.129.0,255.255.255.0,54004
11077,38.69.130.0,255.255.255.0,54004
10099,38.69.152.0,255.255.255.0,7018
33604,38.69.196.0,255.255.252.0,7018
394684,38.69.222.0,255.255.254.0,7018
21788,38.70.24.0,255.255.254.0,7018
63897,38.70.74.0,255.255.255.0,54004
45250,38.70.77.0,255.255.255.0,54004
36445,38.70.160.0,255.255.240.0,7018
399647,38.70.188.0,255.255.252.0,54004
32212,38.70.200.0,255.255.248.0,7018
63981,38.71.22.0,255.255.255.0,54004
137816,38.71.47.0,255.255.255.0,54004
54620,38.72.76.0,255.255.255.0,7018
150447,38.72.88.0,255.255.255.0,54004
151704,38.72.138.0,255.255.254.0,54004
59538,38.75.44.0,255.255.255.0,54004
55285,38.75.194.0,255.255.255.0,7018
16724,38.75.229.0,255.255.255.0,54004
57624,38.76.16.0,255.255.255.0,7018
27257,38.76.71.0,255.255.255.0,7018
263767,38.76.136.0,255.255.252.0,7018
137897,38.76.140.0,255.255.255.0,54004
152565,38.76.192.0,255.255.240.0,54004
268314,38.76.224.0,255.255.240.0,54004
18530,38.76.240.0,255.255.254.0,54004
136510,38.76.247.0,255.255.255.0,7018
55066,38.76.248.0,255.255.255.0,7018
274105,38.76.250.0,255.255.255.0,7018
7828,38.77.37.0,255.255.255.0,54004
28394,38.77.68.0,255.255.252.0,7018
32098,38.77.72.0,255.255.255.0,7018
400043,38.77.227.0,255.255.255.0,7018
399077,38.77.232.0,255.255.255.0,7018
393294,38.77.248.0,255.255.255.0,54004
267700,38.78.150.0,255.255.255.0,7018
32890,38.78.194.0,255.255.254.0,7018
63397,38.79.7.0,255.255.255.0,7018
137526,38.79.142.0,255.255.255.0,54004
43376,38.79.154.0,255.255.255.0,7018
135188,38.80.32.0,255.255.255.0,54004
26413,38.80.82.0,255.255.254.0,7018
395748,38.81.101.0,255.255.255.0,7018
22742,38.81.108.0,255.255.252.0,7018
29838,38.81.194.0,255.255.255.0,54004
212616,38.82.22.0,255.255.255.0,7018
394034,38.83.38.0,255.255.254.0,7018
149485,38.83.62.0,255.255.255.0,7018
17216,38.83.128.0,255.255.252.0,7018
56504,38.83.202.0,255.255.255.0,7018
21826,38.84.58.0,255.255.255.0,54004
138571,38.84.168.0,255.255.248.0,54004
394356,38.86.64.0,255.255.252.0,7018
63351,38.86.161.0,255.255.255.0,7018
14877,38.87.49.0,255.255.255.0,7018
16698,38.87.72.0,255.255.248.0,7018
399728,38.87.123.0,255.255.255.0,7018
36640,38.87.240.0,255.255.252.0,7018
26479,38.88.24.0,255.255.248.0,7018
26968,38.88.80.0,255.255.255.0,54004
25837,38.89.164.0,255.255.255.0,7018
62523,38.89.244.0,255.255.252.0,7018
3653,38.91.54.0,255.255.255.0,54004
30247,38.92.4.0,255.255.254.0,7018
136744,38.92.36.0,255.255.254.0,54004
27759,38.92.116.0,255.255.252.0,7018
47096,38.92.128.0,255.255.252.0,7018
15011,38.92.152.0,255.255.252.0,7018
395466,38.92.160.0,255.255.248.0,54004
26725,38.93.184.0,255.255.248.0,54004
27578,38.94.112.0,255.255.252.0,7018
27335,38.94.165.0,255.255.255.0,7018
22687,38.95.98.0,255.255.255.0,7018
212628,38.95.160.0,255.255.255.0,54004
40128,38.95.220.0,255.255.252.0,7018
11888,38.96.244.0,255.255.255.0,7018
40511,38.98.1.0,255.255.255.0,7018
54270,38.98.62.0,255.255.255.0,7018
266694,38.98.65.0,255.255.255.0,54004
64010,38.98.98.0,255.255.255.0,7018
26068,38.98.180.0,255.255.255.0,7018
19214,38.99.49.0,255.255.255.0,54004
30103,38.99.124.0,255.255.255.0,54004
20075,38.100.22.0,255.255.255.0,7018
208621,38.101.112.0,255.255.255.0,54004
64208,38.101.150.0,255.255.255.0,7018
7219,38.101.217.0,255.255.255.0,7018
40470,38.102.69.0,255.255.255.0,7018
132641,38.102.78.0,255.255.255.0,54004
21886,38.103.42.0,255.255.255.0,7018
15301,38.103.166.0,255.255.255.0,54004
14380,38.103.172.0,255.255.252.0,54004
19955,38.103.189.0,255.255.255.0,7018
23486,38.103.228.0,255.255.252.0,7018
44431,38.105.15.0,255.255.255.0,7018
14969,38.105.200.0,255.255.255.0,54004
30666,38.105.204.0,255.255.252.0,7018
30593,38.105.239.0,255.255.255.0,7018
396850,38.106.128.0,255.255.248.0,7018
141983,38.106.187.0,255.255.255.0,7018
53865,38.107.82.0,255.255.255.0,54004
7341,38.107.152.0,255.255.252.0,7018
393398,38.107.221.0,255.255.255.0,54004
399521,38.108.9.0,255.255.255.0,7018
42228,38.108.97.0,255.255.255.0,54004
25788,38.108.229.0,255.255.255.0,7018
40841,38.108.243.0,255.255.255.0,7018
60800,38.109.11.0,255.255.255.0,7018
54087,38.109.67.0,255.255.255.0,7018
14163,38.109.104.0,255.255.255.0,7018
46484,38.109.230.0,255.255.254.0,7018
26747,38.109.236.0,255.255.252.0,7018
63010,38.110.48.0,255.255.255.0,7018
394111,38.110.132.0,255.255.252.0,7018
135069,38.110.164.0,255.255.252.0,7018
22006,38.110.240.0,255.255.248.0,7018
32489,38.111.104.0,255.255.255.0,54004
10111,38.111.220.0,255.255.255.0,54004
22926,38.114.64.0,255.255.248.0,7018
34,38.115.62.0,255.255.255.0,54004
208962,38.117.87.0,255.255.255.0,7018
19116,38.119.167.0,255.255.255.0,54004
9246,38.121.24.0,255.255.248.0,54004
13845,38.121.74.0,255.255.255.0,7018
394065,38.121.181.0,255.255.255.0,54004
266841,38.121.208.0,255.255.240.0,54004
11597,38.123.84.0,255.255.255.0,54004
36443,38.123.90.0,255.255.254.0,7018
152644,38.123.103.0,255.255.255.0,54004
401322,38.123.174.0,255.255.255.0,7018
399790,38.124.141.0,255.255.255.0,7018
2711,38.124.248.0,255.255.255.0,7018
10886,38.124.249.0,255.255.255.0,54004
14350,38.125.29.0,255.255.255.0,7018
4058,38.125.165.0,255.255.255.0,54004
204731,38.126.80.0,255.255.240.0,7018
46131,38.126.176.0,255.255.248.0,54004
25829,38.127.143.0,255.255.255.0,7018
36703,38.128.98.0,255.255.255.0,7018
36666,38.128.236.0,255.255.254.0,54004
141140,38.129.9.0,255.255.255.0,54004
400687,38.129.10.0,255.255.255.0,7018
200904,38.130.75.0,255.255.255.0,7018
33623,38.130.158.0,255.255.254.0,7018
139056,38.130.248.0,255.255.252.0,54004
263237,38.131.8.0,255.255.255.0,54004
63242,38.131.224.0,255.255.252.0,7018
19122,38.132.48.0,255.255.240.0,7018
30298,38.133.68.0,255.255.254.0,7018
11191,38.133.96.0,255.255.252.0,7018
40123,38.133.160.0,255.255.255.0,7018
20200,38.135.184.0,255.255.252.0,54004
133661,38.137.0.0,255.255.192.0,7018
262474,38.137.184.0,255.255.248.0,54004
64130,38.137.193.0,255.255.255.0,54004
272978,38.137.198.0,255.255.255.0,54004
273934,38.137.200.0,255.255.254.0,7018
18519,38.137.224.0,255.255.248.0,54004
50115,38.137.248.0,255.255.252.0,54004
395478,38.141.44.0,255.255.252.0,7018
263807,38.143.152.0,255.255.255.0,7018
398448,38.146.80.0,255.255.255.0,7018
13977,38.147.211.0,255.255.255.0,7018
153098,38.150.18.0,255.255.254.0,54004
17893,38.150.36.0,255.255.254.0,7018
18013,38.150.93.0,255.255.255.0,54004
272118,38.150.94.0,255.255.255.0,54004
24534,38.150.100.0,255.255.255.0,54004
52762,38.156.0.0,255.255.252.0,54004
272156,38.156.13.0,255.255.255.0,7018
265622,38.156.15.0,255.255.255.0,7018
265435,38.156.24.0,255.255.254.0,54004
267242,38.156.64.0,255.255.252.0,54004
272739,38.156.71.0,255.255.255.0,54004
202561,38.156.72.0,255.255.255.0,7018
273678,38.156.90.0,255.255.255.0,54004
151006,38.156.95.0,255.255.255.0,54004
263793,38.156.96.0,255.255.224.0,7018
152475,38.156.240.0,255.255.254.0,54004
27951,38.156.255.0,255.255.255.0,54004
33647,38.158.32.0,255.255.224.0,7018
6208,38.158.208.0,255.255.240.0,7018
27976,38.159.40.0,255.255.248.0,7018
265634,38.159.160.0,255.255.252.0,7018
263532,38.159.168.0,255.255.252.0,54004
263462,38.159.188.0,255.255.252.0,7018
4618,38.159.240.0,255.255.240.0,54004
266853,38.172.40.0,255.255.255.0,7018
135834,38.172.43.0,255.255.255.0,54004
60847,38.172.48.0,255.255.255.0,7018
266072,38.172.141.0,255.255.255.0,54004
140026,38.172.142.0,255.255.255.0,54004
53162,38.172.192.0,255.255.255.0,54004
266732,38.172.194.0,255.255.255.0,7018
214331,38.172.195.0,255.255.255.0,7018
199221,38.172.201.0,255.255.255.0,7018
150161,38.175.0.0,255.255.252.0,54004
20318,38.175.64.0,255.255.224.0,7018
917,38.175.96.0,255.255.255.0,54004
35487,38.175.112.0,255.255.255.0,54004
15081,38.179.0.0,255.255.192.0,54004
24516,38.179.96.0,255.255.224.0,7018
10929,38.180.12.0,255.255.254.0,7018
135357,38.181.128.0,255.255.128.0,54004
213753,38.182.0.0,255.255.252.0,7018
140224,38.182.136.0,255.255.255.0,54004
269641,38.183.94.0,255.255.255.0,54004
147185,38.183.96.0,255.255.255.0,54004
268085,38.183.124.0,255.255.252.0,54004
140457,38.183.144.0,255.255.252.0,54004
273084,38.183.182.0,255.255.254.0,7018
273380,38.183.204.0,255.255.252.0,54004
152372,38.183.218.0,255.255.255.0,54004
19112,38.187.128.0,255.255.240.0,7018
984,38.187.210.0,255.255.255.0,54004
266757,38.188.60.0,255.255.255.0,7018
138754,38.188.65.0,255.255.255.0,7018
273656,38.188.104.0,255.255.252.0,54004
213305,38.188.112.0,255.255.240.0,7018
147279,38.188.203.0,255.255.255.0,54004
266809,38.188.240.0,255.255.255.0,54004
27887,38.189.128.0,255.255.224.0,7018
269690,38.190.12.0,255.255.252.0,54004
272942,38.190.26.0,255.255.254.0,7018
273765,38.190.28.0,255.255.252.0,54004
266020,38.190.73.0,255.255.255.0,7018
273624,38.190.76.0,255.255.254.0,54004
214206,38.190.133.0,255.255.255.0,7018
133199,38.190.192.0,255.255.192.0,54004
61615,38.191.36.0,255.255.252.0,54004
273067,38.191.84.0,255.255.252.0,7018
139989,38.191.91.0,255.255.255.0,54004
149718,38.191.122.0,255.255.255.0,54004
264023,38.191.124.0,255.255.252.0,54004
273103,38.191.192.0,255.255.255.0,54004
267335,38.191.232.0,255.255.252.0,7018
273456,38.196.148.0,255.255.255.0,7018
142362,38.196.156.0,255.255.254.0,54004
137551,38.196.182.0,255.255.254.0,54004
151690,38.196.186.0,255.255.255.0,54004
273312,38.196.224.0,255.255.254.0,7018
273335,38.196.250.0,255.255.255.0,54004
272711,38.199.0.0,255.255.255.0,54004
269804,38.199.71.0,255.255.255.0,54004
267705,38.199.112.0,255.255.248.0,7018
135097,38.207.122.0,255.255.255.0,54004
52507,38.210.60.0,255.255.255.0,7018
265590,38.210.68.0,255.255.255.0,7018
267833,38.210.101.0,255.255.255.0,7018
263656,38.210.180.0,255.255.252.0,7018
210099,38.210.193.0,255.255.255.0,54004
64123,38.210.207.0,255.255.255.0,7018
265484,38.210.228.0,255.255.252.0,54004
273408,38.210.255.0,255.255.255.0,54004
45410,38.211.6.0,255.255.255.0,7018
213685,38.211.7.0,255.255.255.0,54004
263016,38.211.12.0,255.255.252.0,54004
152032,38.211.24.0,255.255.255.0,54004
265798,38.211.32.0,255.255.255.0,7018
17557,38.211.45.0,255.255.255.0,54004
135847,38.211.52.0,255.255.255.0,54004
269010,38.211.96.0,255.255.254.0,7018
272721,38.211.101.0,255.255.255.0,7018
268335,38.211.113.0,255.255.255.0,54004
274042,38.211.120.0,255.255.252.0,7018
64139,38.211.147.0,255.255.255.0,54004
274607,38.211.155.0,255.255.255.0,54004
37381,38.211.208.0,255.255.255.0,7018
328442,38.211.216.0,255.255.255.0,7018
263152,38.211.234.0,255.255.255.0,54004
137853,38.211.246.0,255.255.254.0,54004
272713,38.211.248.0,255.255.255.0,54004
263966,38.211.252.0,255.255.255.0,54004
4581,38.212.0.0,255.255.192.0,7018
262282,38.224.16.0,255.255.255.0,54004
272030,38.224.20.0,255.255.255.0,54004
273339,38.224.30.0,255.255.254.0,7018
270949,38.224.100.0,255.255.255.0,54004
202675,38.224.108.0,255.255.255.0,7018
141312,38.224.112.0,255.255.255.0,7018
268471,38.224.128.0,255.255.254.0,54004
38001,38.224.132.0,255.255.254.0,54004
266444,38.224.134.0,255.255.255.0,54004
272190,38.224.137.0,255.255.255.0,54004
268207,38.224.144.0,255.255.252.0,54004
272195,38.224.182.0,255.255.254.0,54004
329429,38.224.184.0,255.255.255.0,7018
61642,38.224.192.0,255.255.240.0,54004
270457,38.224.215.0,255.255.255.0,54004
272626,38.224.240.0,255.255.252.0,54004
273573,38.224.248.0,255.255.254.0,54004
27729,38.225.80.0,255.255.252.0,7018
263098,38.225.208.0,255.255.255.0,54004
269070,38.225.219.0,255.255.255.0,54004
27884,38.225.232.0,255.255.252.0,7018
271341,38.225.244.0,255.255.255.0,54004
274726,38.225.246.0,255.255.254.0,54004
262342,38.226.2.0,255.255.255.0,54004
268707,38.226.3.0,255.255.255.0,54004
52465,38.226.15.0,255.255.255.0,7018
263035,38.226.18.0,255.255.255.0,54004
272464,38.226.19.0,255.255.255.0,54004
327987,38.226.22.0,255.255.255.0,7018
264628,38.226.100.0,255.255.252.0,7018
266080,38.226.106.0,255.255.254.0,54004
28585,38.226.110.0,255.255.255.0,54004
268248,38.226.112.0,255.255.254.0,54004
274757,38.226.114.0,255.255.254.0,54004
38826,38.226.122.0,255.255.254.0,7018
267797,38.226.160.0,255.255.240.0,7018
271023,38.226.184.0,255.255.248.0,54004
61768,38.226.196.0,255.255.255.0,54004
264244,38.226.200.0,255.255.255.0,54004
265620,38.226.201.0,255.255.255.0,7018
329437,38.226.202.0,255.255.255.0,7018
267427,38.226.204.0,255.255.254.0,54004
267578,38.226.206.0,255.255.254.0,54004
56106,38.226.247.0,255.255.255.0,54004
272925,38.226.251.0,255.255.255.0,7018
23028,38.229.33.0,255.255.255.0,54004
398113,38.229.96.0,255.255.224.0,54004
213122,38.240.49.0,255.255.255.0,54004
48945,38.242.160.0,255.255.248.0,7018
62682,38.246.48.0,255.255.248.0,7018
263242,38.246.58.0,255.255.255.0,54004
274748,38.246.78.0,255.255.254.0,54004
27323,38.246.149.0,255.255.255.0,54004
131274,38.247.67.0,255.255.255.0,54004
26225,38.247.123.0,255.255.255.0,54004
1421,38.247.184.0,255.255.248.0,7018
272022,38.250.4.0,255.255.255.0,54004
61866,38.250.88.0,255.255.252.0,54004
263516,38.250.92.0,255.255.254.0,54004
264838,38.250.99.0,255.255.255.0,7018
269843,38.250.115.0,255.255.255.0,54004
61503,38.250.124.0,255.255.252.0,54004
262354,38.250.200.0,255.255.254.0,54004
264524,38.250.202.0,255.255.254.0,54004
52613,38.250.204.0,255.255.254.0,54004
273461,38.250.224.0,255.255.252.0,54004
268696,38.250.240.0,255.255.252.0,7018
28213,38.250.252.0,255.255.254.0,7018
328539,38.252.32.0,255.255.255.0,7018
266366,38.252.64.0,255.255.252.0,7018
40880,38.252.76.0,255.255.252.0,7018
267120,38.252.80.0,255.255.255.0,54004
272610,38.252.148.0,255.255.254.0,54004
398947,38.252.192.0,255.255.252.0,7018
273000,38.252.208.0,255.255.255.0,7018
273976,38.252.217.0,255.255.255.0,54004
273044,38.253.64.0,255.255.254.0,7018
45650,38.253.67.0,255.255.255.0,7018
134177,38.253.70.0,255.255.254.0,54004
400699,38.253.72.0,255.255.255.0,54004
13876,38.253.112.0,255.255.254.0,7018
141146,38.253.239.0,255.255.255.0,54004
142386,38.253.240.0,255.255.255.0,54004
22874,38.254.20.0,255.255.255.0,7018
264605,38.254.96.0,255.255.252.0,7018
139628,38.254.120.0,255.255.252.0,54004
35699,38.254.126.0,255.255.255.0,7018
133982,38.254.160.0,255.255.255.0,54004
9922,39.1.0.0,255.255.240.0,7018
18419,39.1.96.0,255.255.240.0,7018
141031,39.34.168.0,255.255.255.0,54004
142403,39.109.104.0,255.255.255.0,54004
24400,39.134.86.0,255.255.254.0,54004
56048,39.134.133.0,255.255.255.0,54004
7896,40.135.25.0,255.255.255.0,54004
36994,41.0.0.0,255.255.0.0,7018
8452,41.32.0.0,255.240.0.0,7018
37168,41.48.0.0,255.248.0.0,7018
37105,41.56.0.0,255.255.0.0,7018
36866,41.57.96.0,255.255.240.0,7018
37442,41.57.124.0,255.255.252.0,7018
36923,41.58.0.0,255.255.0.0,7018
33765,41.59.0.0,255.255.0.0,7018
327795,41.59.251.0,255.255.255.0,7018
37332,41.60.32.0,255.255.248.0,7018
36943,41.61.0.0,255.255.0.0,7018
37705,41.62.0.0,255.255.0.0,7018
37037,41.63.128.0,255.255.240.0,54004
36907,41.63.160.0,255.255.240.0,7018
37009,41.63.192.0,255.255.192.0,54004
36992,41.64.0.0,255.255.0.0,7018
51265,41.66.64.0,255.255.192.0,7018
37179,41.66.128.0,255.255.192.0,7018
29614,41.66.192.0,255.255.192.0,7018
36974,41.67.64.0,255.255.240.0,7018
30998,41.67.128.0,255.255.192.0,7018
24835,41.68.0.0,255.254.0.0,7018
37053,41.71.0.0,255.255.128.0,7018
20598,41.71.128.0,255.255.255.0,7018
37154,41.72.96.0,255.255.224.0,7018
37153,41.72.128.0,255.255.224.0,7018
30985,41.73.96.0,255.255.224.0,7018
30988,41.73.128.0,255.255.248.0,7018
37350,41.73.158.0,255.255.255.0,7018
36965,41.73.160.0,255.255.224.0,54004
37035,41.73.192.0,255.255.224.0,54004
36930,41.73.192.0,255.255.255.0,54004
16284,41.73.224.0,255.255.255.0,7018
37292,41.74.0.0,255.255.248.0,7018
36963,41.74.48.0,255.255.240.0,7018
37228,41.74.160.0,255.255.240.0,54004
37235,41.74.192.0,255.255.252.0,7018
11259,41.74.240.0,255.255.240.0,7018
36924,41.75.64.0,255.255.240.0,7018
37282,41.75.80.0,255.255.240.0,7018
37276,41.75.96.0,255.255.240.0,7018
37187,41.75.112.0,255.255.240.0,7018
36968,41.75.128.0,255.255.240.0,7018
37113,41.75.160.0,255.255.240.0,7018
37133,41.75.208.0,255.255.240.0,7018
42235,41.76.0.0,255.255.248.0,7018
37057,41.76.16.0,255.255.248.0,7018
37333,41.76.32.0,255.255.255.0,7018
30999,41.76.40.0,255.255.248.0,7018
37525,41.76.56.0,255.255.248.0,7018
37209,41.76.80.0,255.255.255.0,7018
327979,41.76.104.0,255.255.248.0,7018
37172,41.76.112.0,255.255.248.0,7018
37199,41.76.128.0,255.255.248.0,7018
37223,41.76.144.0,255.255.248.0,7018
37230,41.76.152.0,255.255.255.0,7018
37219,41.76.168.0,255.255.248.0,7018
37225,41.76.176.0,255.255.248.0,7018
37280,41.76.192.0,255.255.255.0,7018
37239,41.76.200.0,255.255.248.0,7018
37611,41.76.208.0,255.255.248.0,7018
37254,41.76.216.0,255.255.248.0,7018
327693,41.76.224.0,255.255.248.0,7018
37678,41.76.240.0,255.255.248.0,7018
37287,41.77.0.0,255.255.248.0,7018
37098,41.77.8.0,255.255.255.0,7018
37673,41.77.24.0,255.255.252.0,7018
37670,41.77.48.0,255.255.248.0,7018
36985,41.77.56.0,255.255.248.0,7018
37063,41.77.72.0,255.255.248.0,7018
37515,41.77.96.0,255.255.248.0,7018
32653,41.77.152.0,255.255.248.0,7018
37398,41.77.168.0,255.255.252.0,7018
37447,41.77.220.0,255.255.255.0,54004
37353,41.78.4.0,255.255.252.0,7018
37661,41.78.8.0,255.255.252.0,7018
37119,41.78.16.0,255.255.255.0,7018
37159,41.78.28.0,255.255.252.0,7018
37157,41.78.36.0,255.255.252.0,7018
37440,41.78.57.0,255.255.255.0,7018
37371,41.78.72.0,255.255.255.0,54004
37184,41.78.76.0,255.255.252.0,54004
37018,41.78.80.0,255.255.252.0,7018
37192,41.78.88.0,255.255.252.0,7018
14988,41.78.92.0,255.255.252.0,7018
37211,41.78.108.0,255.255.252.0,7018
37229,41.78.136.0,255.255.252.0,7018
36909,41.78.168.0,255.255.252.0,54004
36920,41.78.172.0,255.255.255.0,7018
37675,41.78.184.0,255.255.255.0,7018
37271,41.78.188.0,255.255.252.0,7018
37453,41.78.192.0,255.255.255.0,54004
22351,41.78.196.0,255.255.255.0,54004
37308,41.78.208.0,255.255.255.0,7018
327698,41.78.212.0,255.255.252.0,7018
37317,41.78.220.0,255.255.252.0,7018
37491,41.78.228.0,255.255.252.0,7018
37302,41.78.232.0,255.255.252.0,7018
37294,41.78.248.0,255.255.252.0,7018
37305,41.79.8.0,255.255.252.0,7018
37314,41.79.20.0,255.255.252.0,7018
37406,41.79.24.0,255.255.252.0,54004
37336,41.79.44.0,255.255.252.0,54004
37337,41.79.48.0,255.255.255.0,7018
37343,41.79.60.0,255.255.254.0,7018
37347,41.79.64.0,255.255.255.0,7018
37349,41.79.68.0,255.255.252.0,54004
37352,41.79.76.0,255.255.252.0,7018
37358,41.79.80.0,255.255.252.0,7018
37363,41.79.92.0,255.255.252.0,7018
37368,41.79.104.0,255.255.252.0,7018
37315,41.79.108.0,255.255.252.0,7018
37575,41.79.124.0,255.255.252.0,7018
37395,41.79.136.0,255.255.252.0,7018
37403,41.79.148.0,255.255.252.0,7018
132692,41.79.175.0,255.255.255.0,54004
37412,41.79.180.0,255.255.255.0,7018
328471,41.79.192.0,255.255.252.0,7018
37425,41.79.196.0,255.255.252.0,54004
328366,41.79.212.0,255.255.252.0,7018
327794,41.79.220.0,255.255.255.0,7018
37545,41.79.224.0,255.255.252.0,54004
37677,41.79.233.0,255.255.255.0,7018
37236,41.79.240.0,255.255.252.0,7018
33771,41.80.0.0,255.254.0.0,7018
37061,41.80.32.0,255.255.248.0,7018
8346,41.82.0.0,255.254.0.0,7018
37273,41.84.192.0,255.255.224.0,54004
19711,41.84.224.0,255.255.224.0,7018
22355,41.85.0.0,255.255.128.0,7018
28683,41.85.160.0,255.255.224.0,7018
37183,41.85.192.0,255.255.255.0,7018
36958,41.86.32.0,255.255.224.0,7018
10474,41.86.109.0,255.255.255.0,7018
37480,41.86.128.0,255.255.224.0,7018
37090,41.86.224.0,255.255.224.0,7018
37248,41.87.64.0,255.255.224.0,7018
206283,41.87.88.0,255.255.252.0,54004
37100,41.87.96.0,255.255.224.0,7018
36925,41.87.128.0,255.255.224.0,7018
33763,41.87.176.0,255.255.248.0,7018
36914,41.89.0.0,255.255.0.0,7018
36955,41.92.201.0,255.255.255.0,7018
37182,41.93.0.0,255.255.128.0,7018
36947,41.96.0.0,255.240.0.0,7018
16637,41.112.0.0,255.240.0.0,7018
24863,41.128.0.0,255.255.0.0,7018
20011,41.132.0.0,255.255.192.0,7018
23889,41.136.0.0,255.255.0.0,7018
36884,41.137.0.0,255.255.0.0,7018
198949,41.137.107.0,255.255.255.0,54004
37385,41.138.32.0,255.255.240.0,7018
37124,41.138.80.0,255.255.248.0,7018
37136,41.138.88.0,255.255.252.0,7018
36916,41.138.92.0,255.255.252.0,7018
25543,41.138.96.0,255.255.224.0,7018
30619,41.138.225.0,255.255.255.0,7018
328306,41.138.245.0,255.255.255.0,7018
6713,41.140.0.0,255.252.0.0,7018
5713,41.144.0.0,255.248.0.0,7018
16058,41.158.0.0,255.254.0.0,7018
36937,41.160.0.0,255.240.0.0,7018
36874,41.177.0.0,255.255.0.0,7018
37028,41.183.0.0,255.255.0.0,7018
29091,41.184.0.0,255.255.0.0,7018
36890,41.186.0.0,255.255.0.0,7018
20928,41.187.0.0,255.255.0.0,7018
37054,41.188.0.0,255.255.192.0,54004
37084,41.188.128.0,255.255.192.0,54004
30986,41.189.160.0,255.255.224.0,7018
30990,41.189.224.0,255.255.255.0,54004
37076,41.190.1.0,255.255.255.0,7018
37030,41.190.88.0,255.255.252.0,7018
37638,41.190.232.0,255.255.254.0,54004
37190,41.191.68.0,255.255.252.0,7018
37087,41.191.96.0,255.255.252.0,7018
37094,41.191.104.0,255.255.255.0,7018
11845,41.193.0.0,255.255.0.0,7018
37619,41.197.0.0,255.255.0.0,54004
329523,41.198.188.0,255.255.255.0,7018
33779,41.200.64.0,255.255.192.0,7018
25818,41.202.32.0,255.255.224.0,54004
36912,41.202.192.0,255.255.224.0,7018
328198,41.202.224.0,255.255.224.0,7018
37148,41.203.64.0,255.255.224.0,7018
36970,41.203.117.0,255.255.255.0,7018
37269,41.203.118.0,255.255.255.0,7018
29918,41.203.160.0,255.255.240.0,7018
33567,41.203.176.0,255.255.240.0,7018
36864,41.203.192.0,255.255.240.0,7018
36902,41.203.240.0,255.255.240.0,7018
32398,41.204.0.0,255.255.224.0,7018
15964,41.204.64.0,255.255.224.0,7018
328411,41.204.96.0,255.255.248.0,54004
30992,41.205.0.0,255.255.224.0,7018
36905,41.205.64.0,255.255.224.0,7018
29465,41.206.0.0,255.255.224.0,7018
15808,41.206.32.0,255.255.224.0,7018
36915,41.207.64.0,255.255.224.0,54004
36868,41.207.128.0,255.255.255.0,54004
24691,41.207.160.0,255.255.224.0,54004
37540,41.207.248.0,255.255.252.0,7018
21003,41.208.64.0,255.255.192.0,7018
9129,41.209.3.0,255.255.255.0,7018
15706,41.209.64.0,255.255.192.0,7018
20294,41.210.128.0,255.255.192.0,7018
15399,41.212.0.0,255.255.128.0,54004
37002,41.213.128.0,255.255.248.0,7018
36962,41.216.64.0,255.255.224.0,7018
37088,41.216.160.0,255.255.240.0,7018
213035,41.216.181.0,255.255.255.0,7018
37672,41.216.232.0,255.255.255.0,7018
37340,41.217.0.0,255.255.254.0,7018
36908,41.217.200.0,255.255.252.0,54004
37125,41.217.204.0,255.255.255.0,7018
37109,41.217.220.0,255.255.252.0,7018
37482,41.217.240.0,255.255.255.0,7018
37196,41.219.0.0,255.255.224.0,7018
29032,41.220.0.0,255.255.254.0,7018
37204,41.220.16.0,255.255.240.0,7018
25139,41.220.32.0,255.255.240.0,7018
36945,41.220.192.0,255.255.248.0,7018
36865,41.221.64.0,255.255.240.0,7018
37075,41.221.80.0,255.255.240.0,7018
17400,41.221.240.0,255.255.255.0,7018
37143,41.222.56.0,255.255.252.0,54004
36938,41.222.78.0,255.255.255.0,7018
37622,41.222.96.0,255.255.252.0,7018
328446,41.222.120.0,255.255.255.0,7018
37049,41.222.136.0,255.255.252.0,7018
25163,41.222.150.0,255.255.255.0,7018
36913,41.222.184.0,255.255.252.0,7018
37020,41.222.196.0,255.255.255.0,7018
37415,41.222.216.0,255.255.252.0,7018
37055,41.222.228.0,255.255.252.0,7018
37011,41.222.236.0,255.255.252.0,7018
36917,41.223.40.0,255.255.255.0,7018
37665,41.223.48.0,255.255.252.0,7018
36926,41.223.57.0,255.255.255.0,7018
37014,41.223.72.0,255.255.252.0,7018
37414,41.223.104.0,255.255.255.0,54004
328250,41.223.108.0,255.255.255.0,54004
37013,41.223.228.0,255.255.252.0,54004
37008,41.223.232.0,255.255.252.0,7018
32437,41.223.244.0,255.255.252.0,7018
2609,41.224.0.0,255.248.0.0,7018
37492,41.224.0.0,255.255.224.0,7018
327934,41.224.41.0,255.255.255.0,7018
37693,41.227.64.0,255.255.224.0,7018
37504,41.231.6.0,255.255.255.0,7018
37684,41.242.0.0,255.255.252.0,54004
37685,41.242.4.0,255.255.252.0,7018
37688,41.242.48.0,255.255.255.0,7018
37605,41.242.64.0,255.255.255.0,7018
328036,41.242.80.0,255.255.252.0,7018
37613,41.242.112.0,255.255.252.0,7018
22690,41.242.140.0,255.255.252.0,7018
328594,41.242.152.0,255.255.248.0,7018
327708,41.243.63.0,255.255.255.0,7018
56140,42.0.28.0,255.255.255.0,54004
46015,42.1.60.0,255.255.252.0,7018
131429,42.1.64.0,255.255.254.0,54004
55690,42.62.176.0,255.255.255.0,54004
58542,42.81.0.0,255.255.0.0,7018
18135,42.83.0.0,255.255.192.0,7018
24151,42.83.128.0,255.255.255.0,54004
135918,42.96.0.0,255.255.252.0,54004
131423,42.96.16.0,255.255.252.0,54004
45903,42.96.32.0,255.255.224.0,54004
38732,42.96.32.0,255.255.255.0,54004
38733,42.96.33.0,255.255.255.0,54004
23661,42.123.32.0,255.255.252.0,54004
17682,42.187.124.0,255.255.252.0,7018
38365,42.199.0.0,255.255.128.0,54004
19551,42.200.61.0,255.255.255.0,7018
17799,42.248.152.0,255.255.248.0,7018
139341,43.131.10.0,255.255.255.0,54004
18004,43.152.164.0,255.255.255.0,54004
131161,43.222.0.0,255.255.0.0,7018
38631,43.223.0.0,255.255.0.0,54004
131646,43.224.23.0,255.255.255.0,54004
9873,43.224.36.0,255.255.252.0,54004
45558,43.224.43.0,255.255.255.0,54004
138950,43.224.56.0,255.255.252.0,7018
17559,43.224.60.0,255.255.252.0,7018
132167,43.224.84.0,255.255.255.0,54004
133847,43.224.88.0,255.255.252.0,54004
58682,43.224.115.0,255.255.255.0,7018
9441,43.224.116.0,255.255.255.0,7018
132347,43.224.120.0,255.255.255.0,54004
132124,43.224.124.0,255.255.252.0,7018
56268,43.224.128.0,255.255.252.0,7018
17439,43.224.136.0,255.255.255.0,54004
139021,43.224.152.0,255.255.254.0,54004
45701,43.224.168.0,255.255.255.0,54004
133159,43.224.180.0,255.255.252.0,54004
18200,43.224.192.0,255.255.252.0,54004
133234,43.224.220.0,255.255.255.0,54004
4808,43.224.240.0,255.255.255.0,54004
63855,43.224.244.0,255.255.254.0,7018
131291,43.224.251.0,255.255.255.0,7018
64006,43.225.12.0,255.255.252.0,54004
55862,43.225.16.0,255.255.255.0,54004
133685,43.225.20.0,255.255.255.0,7018
58511,43.225.32.0,255.255.252.0,54004
133929,43.225.59.0,255.255.255.0,54004
59162,43.225.68.0,255.255.255.0,54004
142488,43.225.72.0,255.255.254.0,54004
133676,43.225.74.0,255.255.255.0,54004
133865,43.225.84.0,255.255.254.0,54004
136030,43.225.98.0,255.255.255.0,54004
4594,43.225.100.0,255.255.252.0,54004
38478,43.225.105.0,255.255.255.0,54004
132198,43.225.108.0,255.255.255.0,54004
45269,43.225.144.0,255.255.252.0,7018
133115,43.225.156.0,255.255.255.0,54004
133001,43.225.160.0,255.255.254.0,54004
134884,43.225.168.0,255.255.254.0,54004
58921,43.225.176.0,255.255.255.0,54004
58965,43.225.192.0,255.255.252.0,54004
963,43.225.196.0,255.255.255.0,7018
45753,43.225.197.0,255.255.255.0,7018
133878,43.225.200.0,255.255.252.0,54004
137691,43.225.208.0,255.255.252.0,7018
135244,43.226.2.0,255.255.254.0,54004
137236,43.226.12.0,255.255.252.0,54004
38851,43.226.232.0,255.255.252.0,54004
136480,43.227.12.0,255.255.252.0,54004
132770,43.227.20.0,255.255.255.0,7018
38532,43.227.231.0,255.255.255.0,54004
63928,43.227.237.0,255.255.255.0,7018
45235,43.227.244.0,255.255.252.0,54004
56309,43.228.84.0,255.255.252.0,54004
18001,43.228.108.0,255.255.252.0,54004
17882,43.228.128.0,255.255.255.0,7018
64096,43.228.180.0,255.255.252.0,54004
24550,43.228.192.0,255.255.252.0,54004
134809,43.228.200.0,255.255.252.0,54004
6364,43.228.212.0,255.255.252.0,54004
133073,43.228.227.0,255.255.255.0,54004
132923,43.228.228.0,255.255.254.0,7018
142520,43.228.230.0,255.255.255.0,54004
63932,43.229.12.0,255.255.252.0,54004
23949,43.229.20.0,255.255.255.0,54004
63888,43.229.28.0,255.255.255.0,54004
132280,43.229.44.0,255.255.252.0,54004
6507,43.229.64.0,255.255.252.0,54004
45433,43.229.72.0,255.255.255.0,54004
136039,43.229.124.0,255.255.252.0,7018
153706,43.229.153.0,255.255.255.0,54004
59165,43.229.224.0,255.255.252.0,7018
58558,43.230.5.0,255.255.255.0,7018
132825,43.230.10.0,255.255.255.0,54004
38769,43.230.28.0,255.255.255.0,54004
43519,43.230.48.0,255.255.255.0,7018
134375,43.230.64.0,255.255.252.0,54004
140900,43.230.92.0,255.255.255.0,54004
18106,43.230.96.0,255.255.254.0,54004
132754,43.230.104.0,255.255.252.0,7018
58907,43.230.108.0,255.255.252.0,54004
133954,43.230.120.0,255.255.252.0,54004
45725,43.230.152.0,255.255.252.0,54004
133647,43.230.156.0,255.255.255.0,54004
56082,43.230.188.0,255.255.254.0,54004
23673,43.230.192.0,255.255.252.0,54004
132335,43.230.200.0,255.255.255.0,54004
135386,43.230.204.0,255.255.252.0,54004
133380,43.231.0.0,255.255.255.0,54004
55944,43.231.28.0,255.255.255.0,7018
58765,43.231.48.0,255.255.255.0,54004
133648,43.231.56.0,255.255.252.0,7018
56229,43.231.72.0,255.255.255.0,54004
4816,43.231.96.0,255.255.252.0,7018
150706,43.231.184.0,255.255.255.0,54004
137443,43.231.185.0,255.255.255.0,54004
149014,43.231.187.0,255.255.255.0,54004
132255,43.231.192.0,255.255.252.0,54004
132245,43.231.203.0,255.255.255.0,7018
136902,43.231.205.0,255.255.255.0,7018
134069,43.231.224.0,255.255.252.0,7018
131303,43.231.228.0,255.255.255.0,7018
133712,43.231.248.0,255.255.255.0,54004
17506,43.232.0.0,255.252.0.0,7018
58640,43.239.68.0,255.255.255.0,54004
24459,43.239.96.0,255.255.254.0,54004
132829,43.239.100.0,255.255.255.0,54004
138598,43.239.101.0,255.255.255.0,54004
10143,43.239.102.0,255.255.255.0,54004
38726,43.239.188.0,255.255.252.0,54004
138663,43.239.204.0,255.255.255.0,7018
136780,43.239.206.0,255.255.254.0,54004
56201,43.239.212.0,255.255.254.0,54004
45538,43.239.224.0,255.255.252.0,54004
56109,43.239.233.0,255.255.255.0,54004
58906,43.240.5.0,255.255.255.0,7018
56030,43.240.32.0,255.255.252.0,54004
133389,43.240.40.0,255.255.252.0,54004
17709,43.240.104.0,255.255.252.0,7018
38794,43.240.112.0,255.255.252.0,54004
58713,43.240.120.0,255.255.254.0,7018
138421,43.240.125.0,255.255.255.0,54004
150210,43.240.226.0,255.255.255.0,54004
142360,43.240.227.0,255.255.255.0,54004
58389,43.240.228.0,255.255.255.0,54004
58552,43.240.229.0,255.255.255.0,54004
136308,43.240.232.0,255.255.255.0,7018
58678,43.241.28.0,255.255.255.0,54004
45638,43.241.52.0,255.255.255.0,54004
134033,43.241.64.0,255.255.255.0,54004
140174,43.241.66.0,255.255.255.0,54004
58910,43.241.96.0,255.255.252.0,54004
18033,43.241.106.0,255.255.255.0,54004
133720,43.241.124.0,255.255.255.0,54004
152087,43.241.246.0,255.255.254.0,7018
55359,43.242.41.0,255.255.255.0,7018
134366,43.242.52.0,255.255.255.0,7018
55649,43.242.140.0,255.255.252.0,7018
58627,43.242.236.0,255.255.255.0,7018
132787,43.242.244.0,255.255.255.0,54004
56294,43.243.0.0,255.255.255.0,54004
132857,43.243.56.0,255.255.254.0,7018
132268,43.243.58.0,255.255.254.0,54004
150027,43.243.80.0,255.255.255.0,54004
138546,43.243.96.0,255.255.252.0,7018
133606,43.243.120.0,255.255.252.0,54004
59257,43.243.132.0,255.255.252.0,54004
24122,43.243.204.0,255.255.255.0,54004
132996,43.243.212.0,255.255.255.0,54004
58779,43.243.224.0,255.255.254.0,54004
38583,43.243.236.0,255.255.255.0,54004
55766,43.243.238.0,255.255.255.0,54004
55555,43.245.28.0,255.255.252.0,54004
139898,43.245.56.0,255.255.252.0,54004
132405,43.245.72.0,255.255.248.0,54004
58666,43.245.80.0,255.255.252.0,54004
55427,43.245.92.0,255.255.252.0,54004
133130,43.245.112.0,255.255.252.0,54004
133944,43.245.116.0,255.255.254.0,7018
58717,43.245.140.0,255.255.252.0,54004
131476,43.245.169.0,255.255.255.0,54004
133043,43.245.172.0,255.255.252.0,54004
58505,43.245.176.0,255.255.255.0,54004
55666,43.245.184.0,255.255.252.0,54004
58376,43.245.188.0,255.255.252.0,54004
24323,43.245.192.0,255.255.255.0,54004
59318,43.245.200.0,255.255.254.0,54004
131207,43.245.202.0,255.255.255.0,54004
9260,43.245.205.0,255.255.255.0,54004
58752,43.245.232.0,255.255.254.0,54004
56186,43.245.240.0,255.255.252.0,7018
135076,43.245.244.0,255.255.252.0,54004
142502,43.246.104.0,255.255.255.0,7018
142501,43.246.105.0,255.255.255.0,7018
134326,43.246.136.0,255.255.252.0,7018
134294,43.246.140.0,255.255.255.0,54004
136639,43.246.160.0,255.255.255.0,54004
17666,43.246.164.0,255.255.255.0,54004
139076,43.246.199.0,255.255.255.0,7018
137449,43.246.202.0,255.255.255.0,54004
132883,43.246.208.0,255.255.255.0,54004
141742,43.246.216.0,255.255.252.0,54004
141711,43.246.224.0,255.255.255.0,54004
56132,43.246.232.0,255.255.252.0,54004
132751,43.246.240.0,255.255.255.0,54004
38320,43.247.12.0,255.255.252.0,54004
59322,43.247.16.0,255.255.252.0,54004
24523,43.247.20.0,255.255.254.0,54004
133613,43.247.24.0,255.255.252.0,54004
45312,43.247.32.0,255.255.252.0,54004
17887,43.247.56.0,255.255.252.0,7018
9268,43.247.64.0,255.255.252.0,7018
134555,43.247.80.0,255.255.252.0,7018
55947,43.247.156.0,255.255.255.0,7018
132761,43.247.160.0,255.255.252.0,54004
45267,43.247.172.0,255.255.252.0,7018
18103,43.248.24.0,255.255.255.0,54004
9297,43.248.44.0,255.255.252.0,7018
132529,43.248.52.0,255.255.252.0,54004
151712,43.248.58.0,255.255.254.0,54004
132296,43.248.68.0,255.255.252.0,7018
55341,43.248.72.0,255.255.252.0,54004
53587,43.248.168.0,255.255.255.0,54004
58474,43.248.212.0,255.255.255.0,54004
15412,43.248.216.0,255.255.252.0,7018
133275,43.248.237.0,255.255.255.0,54004
59217,43.248.248.0,255.255.252.0,7018
58927,43.249.116.0,255.255.252.0,7018
58405,43.249.184.0,255.255.255.0,7018
132449,43.249.196.0,255.255.255.0,54004
45298,43.249.208.0,255.255.252.0,54004
9266,43.250.24.0,255.255.252.0,54004
131459,43.250.40.0,255.255.252.0,7018
141177,43.250.48.0,255.255.254.0,7018
50049,43.250.52.0,255.255.252.0,54004
133352,43.250.76.0,255.255.255.0,54004
23888,43.250.84.0,255.255.255.0,54004
132110,43.250.104.0,255.255.255.0,54004
141718,43.250.124.0,255.255.255.0,54004
133315,43.250.132.0,255.255.252.0,54004
151999,43.250.182.0,255.255.254.0,54004
132615,43.250.224.0,255.255.252.0,7018
10084,43.250.232.0,255.255.255.0,7018
45356,43.250.240.0,255.255.252.0,7018
7483,43.251.56.0,255.255.254.0,54004
136462,43.251.64.0,255.255.255.0,54004
45766,43.251.84.0,255.255.252.0,54004
17766,43.251.108.0,255.255.252.0,54004
24028,43.251.136.0,255.255.255.0,7018
45780,43.251.152.0,255.255.254.0,54004
57433,43.251.162.0,255.255.255.0,54004
45804,43.251.168.0,255.255.255.0,54004
46023,43.252.8.0,255.255.252.0,54004
131178,43.252.16.0,255.255.252.0,54004
45144,43.252.36.0,255.255.255.0,54004
38277,43.252.40.0,255.255.255.0,54004
137872,43.252.52.0,255.255.255.0,54004
55785,43.252.68.0,255.255.252.0,54004
38758,43.252.72.0,255.255.252.0,54004
132420,43.252.88.0,255.255.255.0,54004
17465,43.252.92.0,255.255.252.0,7018
142327,43.252.104.0,255.255.255.0,54004
45305,43.252.105.0,255.255.255.0,54004
135126,43.252.112.0,255.255.252.0,7018
35908,43.252.120.0,255.255.252.0,7018
10032,43.252.132.0,255.255.255.0,54004
58404,43.252.136.0,255.255.255.0,54004
56233,43.252.144.0,255.255.254.0,54004
149746,43.252.158.0,255.255.255.0,54004
45884,43.252.204.0,255.255.252.0,54004
142132,43.252.211.0,255.255.255.0,54004
133469,43.252.220.0,255.255.254.0,7018
58481,43.252.222.0,255.255.255.0,54004
55701,43.252.236.0,255.255.254.0,54004
10226,43.252.244.0,255.255.252.0,7018
23860,43.252.248.0,255.255.252.0,54004
17686,43.253.0.0,255.255.192.0,7018
131149,43.254.16.0,255.255.252.0,7018
134331,43.254.32.0,255.255.252.0,54004
18059,43.254.80.0,255.255.255.0,54004
134542,43.254.100.0,255.255.255.0,54004
56272,43.254.108.0,255.255.255.0,54004
58482,43.254.124.0,255.255.252.0,54004
131447,43.254.132.0,255.255.252.0,54004
136523,43.254.133.0,255.255.255.0,54004
135063,43.254.134.0,255.255.255.0,7018
58659,43.254.204.0,255.255.254.0,54004
131584,43.255.12.0,255.255.252.0,54004
18119,43.255.24.0,255.255.252.0,54004
23620,43.255.40.0,255.255.252.0,7018
23884,43.255.60.0,255.255.255.0,54004
58424,43.255.112.0,255.255.254.0,54004
58436,43.255.124.0,255.255.252.0,54004
23838,43.255.160.0,255.255.252.0,54004
135817,43.255.164.0,255.255.252.0,54004
7377,44.0.0.0,255.128.0.0,54004
6140,44.2.52.0,255.255.254.0,7018
30640,44.4.128.0,255.255.252.0,7018
46577,44.6.128.0,255.255.255.0,7018
195,44.8.5.0,255.255.255.0,54004
198785,44.9.0.0,255.255.240.0,7018
49268,44.11.0.0,255.255.0.0,7018
63479,44.12.6.0,255.255.255.0,54004
226,44.16.15.0,255.255.255.0,54004
25905,44.26.164.0,255.255.255.0,54004
202340,44.30.22.0,255.255.255.0,54004
44354,44.30.31.0,255.255.255.0,54004
215296,44.30.34.0,255.255.255.0,54004
139299,44.30.35.0,255.255.255.0,54004
53988,44.30.48.0,255.255.255.0,54004
212415,44.30.50.0,255.255.255.0,54004
137399,44.30.65.0,255.255.255.0,54004
48777,44.31.0.0,255.255.252.0,7018
211638,44.31.6.0,255.255.255.0,7018
206477,44.31.16.0,255.255.255.0,7018
38074,44.31.25.0,255.255.255.0,54004
57483,44.31.27.0,255.255.255.0,54004
135421,44.31.30.0,255.255.255.0,54004
215563,44.31.32.0,255.255.255.0,54004
211244,44.31.38.0,255.255.255.0,7018
4764,44.31.39.0,255.255.255.0,7018
262985,44.31.41.0,255.255.255.0,54004
6556,44.31.46.0,255.255.255.0,54004
200334,44.31.49.0,255.255.255.0,54004
208907,44.31.52.0,255.255.255.0,54004
16942,44.31.57.0,255.255.255.0,7018
4540,44.31.63.0,255.255.255.0,7018
210821,44.31.68.0,255.255.255.0,7018
38254,44.31.69.0,255.255.255.0,54004
34019,44.31.71.0,255.255.255.0,54004
210667,44.31.80.0,255.255.255.0,54004
39401,44.31.90.0,255.255.255.0,7018
39702,44.31.99.0,255.255.255.0,7018
51574,44.31.121.0,255.255.255.0,7018
396503,44.31.125.0,255.255.255.0,54004
203478,44.31.126.0,255.255.255.0,7018
11994,44.31.128.0,255.255.252.0,7018
197922,44.31.138.0,255.255.254.0,7018
199518,44.31.140.0,255.255.255.0,54004
13132,44.31.143.0,255.255.255.0,7018
398419,44.31.168.0,255.255.255.0,7018
202224,44.31.176.0,255.255.255.0,7018
43406,44.31.191.0,255.255.255.0,7018
18451,44.31.194.0,255.255.255.0,7018
57883,44.31.204.0,255.255.252.0,54004
212245,44.31.218.0,255.255.255.0,54004
32681,44.31.228.0,255.255.255.0,7018
150325,44.31.252.0,255.255.255.0,7018
17705,44.31.255.0,255.255.255.0,54004
208563,44.32.70.0,255.255.255.0,54004
149766,44.32.80.0,255.255.248.0,54004
214930,44.32.90.0,255.255.255.0,54004
37989,44.32.99.0,255.255.255.0,54004
399888,44.32.102.0,255.255.255.0,54004
214380,44.32.106.0,255.255.254.0,54004
203649,44.32.142.0,255.255.255.0,54004
210890,44.32.151.0,255.255.255.0,7018
209650,44.32.157.0,255.255.255.0,54004
51087,44.32.175.0,255.255.255.0,7018
214575,44.32.192.0,255.255.255.0,54004
6181,44.32.193.0,255.255.255.0,7018
204003,44.32.197.0,255.255.255.0,7018
6315,44.40.48.0,255.255.255.0,54004
54489,44.110.0.0,255.255.255.0,7018
25999,44.135.160.0,255.255.248.0,54004
23181,44.135.168.0,255.255.254.0,54004
26288,44.135.197.0,255.255.255.0,7018
22113,44.135.199.0,255.255.255.0,7018
9449,44.136.124.0,255.255.255.0,54004
38220,44.136.139.0,255.255.255.0,54004
38887,44.136.158.0,255.255.254.0,54004
56199,44.136.161.0,255.255.255.0,54004
1101,44.137.0.0,255.255.0.0,7018
1213,44.155.0.0,255.255.0.0,7018
200373,45.3.32.0,255.255.255.0,7018
25255,45.3.56.0,255.255.255.0,7018
1312,45.3.64.0,255.255.192.0,7018
265662,45.4.0.0,255.255.252.0,54004
262643,45.4.4.0,255.255.252.0,54004
262459,45.4.20.0,255.255.252.0,7018
266036,45.4.28.0,255.255.252.0,54004
273683,45.4.40.0,255.255.252.0,54004
266037,45.4.48.0,255.255.252.0,54004
266040,45.4.52.0,255.255.252.0,54004
266038,45.4.56.0,255.255.252.0,54004
266039,45.4.60.0,255.255.252.0,7018
28220,45.4.64.0,255.255.252.0,54004
266069,45.4.68.0,255.255.252.0,54004
265933,45.4.80.0,255.255.252.0,7018
262234,45.4.84.0,255.255.255.0,54004
266071,45.4.120.0,255.255.252.0,54004
22869,45.4.128.0,255.255.252.0,7018
266062,45.4.132.0,255.255.252.0,54004
266049,45.4.144.0,255.255.252.0,54004
55293,45.4.172.0,255.255.252.0,7018
266097,45.4.176.0,255.255.254.0,54004
266429,45.4.178.0,255.255.255.0,54004
266089,45.4.188.0,255.255.252.0,54004
266087,45.4.192.0,255.255.255.0,54004
263238,45.4.200.0,255.255.252.0,7018
266060,45.4.224.0,255.255.255.0,54004
266059,45.4.232.0,255.255.252.0,7018
11835,45.4.236.0,255.255.252.0,54004
265661,45.4.252.0,255.255.254.0,54004
265695,45.5.8.0,255.255.252.0,7018
16906,45.5.12.0,255.255.255.0,7018
266068,45.5.14.0,255.255.255.0,54004
266083,45.5.16.0,255.255.252.0,7018
266931,45.5.32.0,255.255.252.0,54004
266107,45.5.44.0,255.255.252.0,54004
266081,45.5.48.0,255.255.252.0,54004
266082,45.5.72.0,255.255.252.0,54004
265680,45.5.76.0,255.255.255.0,7018
52974,45.5.80.0,255.255.252.0,7018
266084,45.5.88.0,255.255.252.0,54004
28419,45.5.92.0,255.255.252.0,7018
266096,45.5.104.0,255.255.252.0,54004
266092,45.5.108.0,255.255.255.0,54004
266094,45.5.112.0,255.255.252.0,7018
265684,45.5.116.0,255.255.255.0,54004
266098,45.5.136.0,255.255.252.0,54004
269633,45.5.140.0,255.255.252.0,7018
266103,45.5.144.0,255.255.252.0,7018
266114,45.5.156.0,255.255.252.0,7018
266194,45.5.177.0,255.255.255.0,54004
266105,45.5.196.0,255.255.252.0,7018
266106,45.5.200.0,255.255.252.0,54004
266100,45.5.208.0,255.255.254.0,54004
266101,45.5.212.0,255.255.252.0,54004
263569,45.5.220.0,255.255.252.0,7018
265686,45.6.4.0,255.255.255.0,7018
265819,45.6.8.0,255.255.252.0,7018
266117,45.6.12.0,255.255.252.0,54004
266119,45.6.16.0,255.255.252.0,7018
266118,45.6.24.0,255.255.252.0,54004
266121,45.6.28.0,255.255.252.0,54004
270814,45.6.32.0,255.255.252.0,54004
266152,45.6.36.0,255.255.252.0,54004
16371,45.6.48.0,255.255.252.0,7018
266129,45.6.92.0,255.255.252.0,54004
266185,45.6.96.0,255.255.252.0,54004
266181,45.6.100.0,255.255.252.0,7018
266130,45.6.108.0,255.255.252.0,54004
266131,45.6.112.0,255.255.252.0,7018
266157,45.6.116.0,255.255.254.0,54004
266136,45.6.136.0,255.255.252.0,54004
28649,45.6.148.0,255.255.252.0,54004
266231,45.6.156.0,255.255.252.0,7018
266196,45.6.160.0,255.255.255.0,54004
266140,45.6.164.0,255.255.252.0,54004
266138,45.6.168.0,255.255.252.0,54004
266139,45.6.172.0,255.255.252.0,54004
266232,45.6.180.0,255.255.252.0,54004
266164,45.6.184.0,255.255.252.0,54004
266169,45.6.188.0,255.255.254.0,54004
266545,45.6.192.0,255.255.252.0,54004
266246,45.6.204.0,255.255.252.0,54004
266250,45.6.208.0,255.255.252.0,54004
266247,45.6.216.0,255.255.252.0,7018
266248,45.6.220.0,255.255.252.0,54004
265724,45.6.224.0,255.255.252.0,54004
61649,45.6.232.0,255.255.252.0,54004
264386,45.6.240.0,255.255.255.0,54004
266606,45.7.12.0,255.255.252.0,7018
266560,45.7.16.0,255.255.252.0,54004
52892,45.7.20.0,255.255.252.0,7018
266568,45.7.24.0,255.255.255.0,54004
266565,45.7.40.0,255.255.255.0,54004
265534,45.7.44.0,255.255.255.0,7018
28146,45.7.48.0,255.255.255.0,7018
266561,45.7.60.0,255.255.255.0,7018
20207,45.7.96.0,255.255.252.0,7018
266583,45.7.100.0,255.255.255.0,54004
28598,45.7.104.0,255.255.252.0,54004
266571,45.7.108.0,255.255.252.0,54004
266573,45.7.112.0,255.255.252.0,7018
266584,45.7.116.0,255.255.252.0,54004
53062,45.7.128.0,255.255.255.0,54004
265535,45.7.137.0,255.255.255.0,7018
266605,45.7.144.0,255.255.252.0,7018
266593,45.7.152.0,255.255.252.0,54004
262729,45.7.156.0,255.255.252.0,7018
266592,45.7.164.0,255.255.252.0,7018
266591,45.7.172.0,255.255.252.0,54004
266626,45.7.176.0,255.255.252.0,54004
266599,45.7.180.0,255.255.255.0,54004
266607,45.7.192.0,255.255.252.0,54004
266608,45.7.196.0,255.255.252.0,54004
266614,45.7.200.0,255.255.252.0,54004
28580,45.7.204.0,255.255.252.0,54004
28201,45.7.212.0,255.255.252.0,7018
266598,45.7.220.0,255.255.252.0,7018
52368,45.7.228.0,255.255.255.0,54004
266602,45.7.232.0,255.255.252.0,54004
52444,45.7.240.0,255.255.252.0,7018
206276,45.8.12.0,255.255.252.0,7018
49468,45.8.45.0,255.255.255.0,7018
49478,45.8.91.0,255.255.255.0,7018
62010,45.8.110.0,255.255.255.0,54004
4785,45.8.115.0,255.255.255.0,7018
44205,45.8.120.0,255.255.252.0,7018
199508,45.8.128.0,255.255.252.0,7018
200370,45.8.160.0,255.255.255.0,7018
57025,45.8.204.0,255.255.255.0,7018
210732,45.8.205.0,255.255.255.0,7018
203473,45.8.231.0,255.255.255.0,54004
49033,45.8.236.0,255.255.252.0,7018
31736,45.8.240.0,255.255.252.0,7018
4842,45.9.11.0,255.255.255.0,54004
211393,45.9.23.0,255.255.255.0,7018
62206,45.9.29.0,255.255.255.0,54004
209046,45.9.44.0,255.255.252.0,7018
51964,45.9.52.0,255.255.255.0,54004
35421,45.9.56.0,255.255.255.0,7018
202942,45.9.64.0,255.255.255.0,7018
33986,45.9.96.0,255.255.252.0,7018
12709,45.9.100.0,255.255.252.0,7018
212327,45.9.136.0,255.255.252.0,7018
204161,45.9.140.0,255.255.255.0,7018
211619,45.9.156.0,255.255.255.0,54004
133495,45.9.157.0,255.255.255.0,54004
42864,45.9.169.0,255.255.255.0,7018
42490,45.9.180.0,255.255.252.0,7018
62142,45.9.192.0,255.255.255.0,7018
211366,45.9.193.0,255.255.255.0,7018
208975,45.9.195.0,255.255.255.0,54004
51920,45.9.200.0,255.255.252.0,7018
35793,45.9.208.0,255.255.252.0,7018
59909,45.9.220.0,255.255.252.0,7018
51616,45.9.224.0,255.255.252.0,7018
57608,45.9.233.0,255.255.255.0,7018
5588,45.9.235.0,255.255.255.0,7018
209859,45.10.0.0,255.255.255.0,7018
207054,45.10.12.0,255.255.252.0,7018
39521,45.10.16.0,255.255.255.0,54004
23422,45.10.21.0,255.255.255.0,54004
203050,45.10.37.0,255.255.255.0,7018
57521,45.10.39.0,255.255.255.0,54004
198034,45.10.44.0,255.255.255.0,7018
57752,45.10.45.0,255.255.255.0,7018
25431,45.10.48.0,255.255.255.0,7018
59514,45.10.88.0,255.255.255.0,7018
210874,45.10.100.0,255.255.252.0,7018
213220,45.10.111.0,255.255.255.0,54004
61154,45.10.136.0,255.255.255.0,7018
2821,45.10.139.0,255.255.255.0,7018
47954,45.10.140.0,255.255.252.0,54004
214941,45.10.151.0,255.255.255.0,7018
207137,45.10.157.0,255.255.255.0,7018
16262,45.10.174.0,255.255.255.0,7018
198330,45.10.180.0,255.255.252.0,7018
208837,45.10.190.0,255.255.255.0,7018
29075,45.10.224.0,255.255.254.0,7018
57724,45.10.240.0,255.255.255.0,7018
30823,45.11.16.0,255.255.252.0,54004
62103,45.11.23.0,255.255.255.0,7018
40401,45.11.36.0,255.255.255.0,54004
202004,45.11.60.0,255.255.252.0,7018
134823,45.11.78.0,255.255.255.0,54004
57695,45.11.104.0,255.255.254.0,54004
23961,45.11.104.0,255.255.255.0,54004
201333,45.11.116.0,255.255.252.0,7018
39761,45.11.132.0,255.255.252.0,7018
200851,45.11.160.0,255.255.252.0,54004
216323,45.11.199.0,255.255.255.0,7018
39090,45.11.204.0,255.255.252.0,7018
49824,45.12.24.0,255.255.255.0,54004
208959,45.12.61.0,255.255.255.0,54004
131642,45.12.62.0,255.255.254.0,54004
216300,45.12.68.0,255.255.255.0,7018
8412,45.12.96.0,255.255.255.0,7018
60150,45.12.100.0,255.255.252.0,54004
59780,45.12.116.0,255.255.252.0,7018
61397,45.12.156.0,255.255.252.0,7018
553,45.12.171.0,255.255.255.0,7018
201838,45.12.172.0,255.255.252.0,7018
202914,45.12.178.0,255.255.255.0,7018
680,45.12.192.0,255.255.252.0,7018
202596,45.12.240.0,255.255.252.0,7018
60377,45.13.4.0,255.255.252.0,7018
60757,45.13.16.0,255.255.254.0,54004
49910,45.13.24.0,255.255.255.0,7018
33922,45.13.52.0,255.255.252.0,7018
208956,45.13.65.0,255.255.255.0,54004
51548,45.13.96.0,255.255.252.0,7018
2027,45.13.104.0,255.255.252.0,54004
34854,45.13.118.0,255.255.255.0,7018
212815,45.13.119.0,255.255.255.0,54004
200781,45.13.124.0,255.255.252.0,7018
212700,45.13.146.0,255.255.254.0,7018
199275,45.13.156.0,255.255.252.0,7018
206014,45.13.156.0,255.255.255.0,7018
48213,45.13.172.0,255.255.252.0,7018
204995,45.13.220.0,255.255.255.0,7018
1759,45.14.40.0,255.255.252.0,7018
42032,45.14.60.0,255.255.252.0,7018
206499,45.14.68.0,255.255.255.0,7018
35758,45.14.73.0,255.255.255.0,7018
215424,45.14.76.0,255.255.252.0,7018
57389,45.14.92.0,255.255.252.0,7018
8888,45.14.105.0,255.255.255.0,7018
6768,45.14.108.0,255.255.252.0,7018
215955,45.14.167.0,255.255.255.0,7018
208924,45.14.172.0,255.255.255.0,54004
200187,45.14.173.0,255.255.255.0,7018
31742,45.14.228.0,255.255.252.0,7018
206236,45.14.232.0,255.255.254.0,7018
13009,45.14.252.0,255.255.255.0,7018
3342,45.15.7.0,255.255.255.0,7018
49775,45.15.40.0,255.255.255.0,7018
12357,45.15.48.0,255.255.252.0,7018
28875,45.15.80.0,255.255.255.0,7018
34568,45.15.100.0,255.255.255.0,7018
33984,45.15.101.0,255.255.255.0,7018
60042,45.15.157.0,255.255.255.0,7018
57986,45.15.200.0,255.255.255.0,7018
33930,45.15.212.0,255.255.252.0,7018
197915,45.15.216.0,255.255.252.0,7018
57468,45.15.220.0,255.255.252.0,7018
48399,45.15.254.0,255.255.255.0,54004
19787,45.33.202.0,255.255.254.0,7018
15305,45.33.222.0,255.255.254.0,7018
998,45.38.26.0,255.255.255.0,7018
40950,45.38.51.0,255.255.255.0,54004
62160,45.38.85.0,255.255.255.0,7018
64445,45.38.99.0,255.255.255.0,7018
268624,45.39.210.0,255.255.255.0,54004
5009,45.41.16.0,255.255.252.0,7018
399924,45.41.32.0,255.255.255.0,54004
62874,45.41.128.0,255.255.252.0,7018
22653,45.41.186.0,255.255.254.0,7018
33154,45.41.203.0,255.255.255.0,7018
54841,45.41.236.0,255.255.252.0,7018
397301,45.41.253.0,255.255.255.0,54004
33339,45.42.28.0,255.255.252.0,7018
51791,45.42.42.0,255.255.255.0,7018
33132,45.42.56.0,255.255.248.0,7018
21743,45.42.141.0,255.255.255.0,7018
398335,45.42.156.0,255.255.252.0,7018
396509,45.42.160.0,255.255.252.0,54004
395768,45.42.192.0,255.255.252.0,7018
399135,45.42.244.0,255.255.255.0,54004
204928,45.42.247.0,255.255.255.0,7018
398395,45.43.12.0,255.255.254.0,54004
201106,45.43.29.0,255.255.255.0,54004
5089,45.43.168.0,255.255.252.0,7018
53828,45.43.240.0,255.255.240.0,54004
54198,45.44.103.0,255.255.255.0,7018
30221,45.45.139.0,255.255.255.0,7018
399760,45.45.148.0,255.255.255.0,7018
32030,45.45.168.0,255.255.255.0,54004
32298,45.45.171.0,255.255.255.0,7018
22534,45.45.180.0,255.255.252.0,54004
395567,45.45.213.0,255.255.255.0,7018
1011,45.45.248.0,255.255.255.0,54004
63911,45.54.11.0,255.255.255.0,54004
29997,45.54.64.0,255.255.255.0,54004
64200,45.56.203.0,255.255.255.0,54004
11979,45.56.208.0,255.255.248.0,7018
40092,45.56.216.0,255.255.248.0,54004
203101,45.56.224.0,255.255.248.0,7018
18447,45.58.62.0,255.255.255.0,7018
19679,45.58.64.0,255.255.240.0,54004
13347,45.58.251.0,255.255.255.0,7018
54182,45.59.72.0,255.255.248.0,54004
11796,45.59.108.0,255.255.252.0,54004
906,45.59.184.0,255.255.255.0,54004
52041,45.61.173.0,255.255.255.0,7018
29848,45.62.0.0,255.255.224.0,7018
31882,45.62.128.0,255.255.224.0,7018
13150,45.62.176.0,255.255.255.0,54004
31798,45.62.192.0,255.255.255.0,54004
38778,45.64.4.0,255.255.254.0,54004
45773,45.64.24.0,255.255.255.0,54004
38841,45.64.28.0,255.255.252.0,54004
9650,45.64.68.0,255.255.252.0,7018
134739,45.64.72.0,255.255.255.0,54004
135360,45.64.97.0,255.255.255.0,7018
45786,45.64.100.0,255.255.252.0,54004
133399,45.64.116.0,255.255.252.0,7018
9927,45.64.120.0,255.255.255.0,54004
45634,45.64.128.0,255.255.252.0,54004
134844,45.64.148.0,255.255.252.0,7018
38200,45.64.164.0,255.255.255.0,54004
132933,45.64.188.0,255.255.252.0,54004
18015,45.64.203.0,255.255.255.0,7018
132563,45.64.216.0,255.255.255.0,54004
131627,45.64.228.0,255.255.252.0,7018
17924,45.64.240.0,255.255.252.0,54004
17660,45.64.248.0,255.255.252.0,7018
18024,45.64.251.0,255.255.255.0,7018
45294,45.64.252.0,255.255.255.0,7018
134134,45.65.58.0,255.255.255.0,54004
265715,45.65.148.0,255.255.252.0,54004
7063,45.65.156.0,255.255.252.0,7018
266266,45.65.180.0,255.255.255.0,7018
28343,45.65.196.0,255.255.252.0,54004
266268,45.65.208.0,255.255.252.0,54004
266525,45.65.212.0,255.255.252.0,54004
266725,45.65.224.0,255.255.252.0,7018
262617,45.65.228.0,255.255.252.0,54004
269822,45.65.232.0,255.255.252.0,54004
35360,45.66.4.0,255.255.252.0,7018
207668,45.66.20.0,255.255.254.0,7018
50107,45.66.24.0,255.255.252.0,54004
200736,45.66.40.0,255.255.252.0,7018
31287,45.66.44.0,255.255.255.0,7018
35224,45.66.76.0,255.255.252.0,7018
13135,45.66.88.0,255.255.252.0,7018
50017,45.66.88.0,255.255.255.0,7018
31617,45.66.100.0,255.255.252.0,7018
43619,45.66.108.0,255.255.252.0,7018
24929,45.66.140.0,255.255.252.0,7018
212751,45.66.144.0,255.255.255.0,54004
141968,45.66.153.0,255.255.255.0,54004
35482,45.66.180.0,255.255.255.0,7018
201746,45.66.212.0,255.255.254.0,7018
209408,45.66.224.0,255.255.252.0,7018
203434,45.66.232.0,255.255.254.0,7018
39257,45.67.28.0,255.255.252.0,7018
209805,45.67.32.0,255.255.255.0,7018
202838,45.67.33.0,255.255.255.0,54004
139648,45.67.53.0,255.255.255.0,54004
211858,45.67.82.0,255.255.255.0,7018
207910,45.67.83.0,255.255.255.0,54004
209970,45.67.112.0,255.255.252.0,7018
62013,45.67.118.0,255.255.254.0,7018
39679,45.67.156.0,255.255.255.0,7018
215366,45.67.157.0,255.255.255.0,7018
39878,45.67.168.0,255.255.252.0,7018
39328,45.67.180.0,255.255.252.0,7018
273189,45.67.246.0,255.255.254.0,7018
64150,45.68.33.0,255.255.255.0,54004
64112,45.68.47.0,255.255.255.0,54004
273165,45.68.52.0,255.255.255.0,54004
274106,45.68.96.0,255.255.255.0,7018
265817,45.70.8.0,255.255.255.0,7018
267544,45.70.32.0,255.255.252.0,7018
264162,45.70.52.0,255.255.252.0,54004
267566,45.70.64.0,255.255.252.0,54004
265447,45.70.72.0,255.255.255.0,54004
267616,45.70.92.0,255.255.252.0,54004
267567,45.70.100.0,255.255.252.0,54004
61937,45.70.104.0,255.255.252.0,54004
267563,45.70.128.0,255.255.252.0,54004
263537,45.70.140.0,255.255.252.0,54004
267654,45.70.156.0,255.255.252.0,54004
267575,45.70.160.0,255.255.252.0,54004
267576,45.70.176.0,255.255.252.0,54004
267594,45.70.188.0,255.255.252.0,54004
267587,45.70.212.0,255.255.252.0,54004
267588,45.70.216.0,255.255.255.0,54004
265826,45.70.228.0,255.255.252.0,54004
267610,45.70.248.0,255.255.252.0,54004
267595,45.71.12.0,255.255.252.0,7018
262689,45.71.24.0,255.255.252.0,54004
268738,45.71.28.0,255.255.252.0,54004
267634,45.71.40.0,255.255.255.0,54004
273316,45.71.42.0,255.255.254.0,54004
265830,45.71.44.0,255.255.252.0,54004
27983,45.71.56.0,255.255.252.0,54004
264525,45.71.80.0,255.255.252.0,7018
267618,45.71.88.0,255.255.255.0,54004
267614,45.71.108.0,255.255.252.0,7018
267620,45.71.124.0,255.255.252.0,54004
267664,45.71.132.0,255.255.252.0,54004
266917,45.71.140.0,255.255.252.0,54004
267638,45.71.160.0,255.255.252.0,54004
267621,45.71.164.0,255.255.252.0,54004
3816,45.71.180.0,255.255.255.0,7018
262186,45.71.181.0,255.255.255.0,54004
267642,45.71.192.0,255.255.252.0,54004
265828,45.71.196.0,255.255.252.0,7018
28100,45.71.204.0,255.255.255.0,7018
269597,45.71.208.0,255.255.252.0,7018
267623,45.71.212.0,255.255.254.0,54004
267629,45.71.216.0,255.255.252.0,7018
26292,45.73.128.0,255.255.240.0,7018
34450,45.74.3.0,255.255.255.0,7018
38628,45.75.0.0,255.255.128.0,7018
49425,45.75.128.0,255.255.128.0,7018
23252,45.78.96.0,255.255.224.0,7018
150436,45.78.192.0,255.255.248.0,54004
41652,45.80.0.0,255.255.252.0,7018
47454,45.80.40.0,255.255.252.0,7018
208954,45.80.44.0,255.255.252.0,7018
39640,45.80.82.0,255.255.255.0,7018
208905,45.80.88.0,255.255.252.0,7018
208898,45.80.132.0,255.255.254.0,7018
25581,45.81.12.0,255.255.252.0,7018
211056,45.81.16.0,255.255.255.0,54004
328543,45.81.34.0,255.255.255.0,54004
43197,45.81.37.0,255.255.255.0,54004
208882,45.81.40.0,255.255.255.0,7018
41644,45.81.64.0,255.255.252.0,7018
208859,45.81.144.0,255.255.255.0,7018
64236,45.81.150.0,255.255.255.0,54004
216392,45.81.152.0,255.255.254.0,7018
42487,45.81.172.0,255.255.252.0,7018
52075,45.81.196.0,255.255.252.0,7018
60456,45.81.204.0,255.255.252.0,7018
20565,45.81.208.0,255.255.252.0,7018
60439,45.82.92.0,255.255.255.0,7018
42184,45.82.124.0,255.255.252.0,7018
60587,45.82.168.0,255.255.252.0,7018
200023,45.82.184.0,255.255.252.0,7018
50316,45.82.202.0,255.255.255.0,7018
59842,45.82.208.0,255.255.255.0,7018
212372,45.83.0.0,255.255.254.0,54004
212396,45.83.30.0,255.255.255.0,7018
208821,45.83.32.0,255.255.255.0,54004
204548,45.83.41.0,255.255.255.0,7018
29014,45.83.108.0,255.255.252.0,7018
21476,45.83.156.0,255.255.252.0,7018
57793,45.83.168.0,255.255.252.0,54004
42156,45.83.172.0,255.255.252.0,54004
211588,45.83.205.0,255.255.255.0,7018
39351,45.83.220.0,255.255.255.0,7018
203391,45.83.248.0,255.255.255.0,54004
8342,45.84.3.0,255.255.255.0,54004
39591,45.84.4.0,255.255.252.0,7018
32338,45.84.28.0,255.255.254.0,54004
35710,45.84.32.0,255.255.255.0,54004
213746,45.84.76.0,255.255.254.0,7018
21056,45.84.140.0,255.255.252.0,7018
206805,45.84.152.0,255.255.254.0,54004
59466,45.84.172.0,255.255.252.0,7018
211659,45.84.178.0,255.255.255.0,54004
199364,45.84.192.0,255.255.255.0,7018
208802,45.84.200.0,255.255.252.0,7018
208591,45.84.208.0,255.255.252.0,7018
60667,45.84.211.0,255.255.255.0,7018
135392,45.84.242.0,255.255.255.0,54004
208791,45.85.36.0,255.255.252.0,7018
200245,45.85.44.0,255.255.252.0,7018
208016,45.85.48.0,255.255.252.0,7018
58317,45.85.72.0,255.255.255.0,7018
48448,45.85.73.0,255.255.255.0,7018
198545,45.85.80.0,255.255.252.0,7018
9100,45.85.96.0,255.255.255.0,7018
35394,45.85.136.0,255.255.252.0,7018
44489,45.85.172.0,255.255.252.0,7018
50247,45.85.184.0,255.255.254.0,7018
199980,45.85.208.0,255.255.252.0,7018
206703,45.85.252.0,255.255.252.0,7018
199439,45.86.32.0,255.255.255.0,7018
49088,45.86.108.0,255.255.252.0,7018
213392,45.86.126.0,255.255.255.0,7018
9044,45.86.132.0,255.255.254.0,7018
209433,45.86.136.0,255.255.255.0,7018
21368,45.86.137.0,255.255.255.0,7018
199348,45.86.148.0,255.255.252.0,7018
212794,45.86.152.0,255.255.255.0,7018
200950,45.86.153.0,255.255.255.0,54004
15969,45.86.212.0,255.255.252.0,7018
48294,45.86.222.0,255.255.254.0,7018
208732,45.87.32.0,255.255.252.0,7018
206476,45.87.64.0,255.255.252.0,7018
208725,45.87.76.0,255.255.252.0,7018
53808,45.87.102.0,255.255.254.0,54004
51247,45.87.107.0,255.255.255.0,7018
42280,45.87.122.0,255.255.255.0,7018
208398,45.87.132.0,255.255.252.0,7018
47447,45.87.136.0,255.255.255.0,7018
208879,45.87.140.0,255.255.252.0,54004
48596,45.87.158.0,255.255.254.0,7018
208949,45.88.0.0,255.255.255.0,54004
57255,45.88.4.0,255.255.255.0,7018
203976,45.88.36.0,255.255.255.0,54004
786,45.88.80.0,255.255.254.0,7018
209693,45.88.88.0,255.255.255.0,54004
47159,45.88.94.0,255.255.254.0,7018
48025,45.88.96.0,255.255.255.0,7018
30081,45.88.132.0,255.255.252.0,54004
216384,45.88.159.0,255.255.255.0,54004
200232,45.88.226.0,255.255.255.0,54004
36231,45.88.228.0,255.255.255.0,54004
49415,45.88.232.0,255.255.255.0,7018
62321,45.89.8.0,255.255.255.0,7018
212280,45.89.20.0,255.255.255.0,54004
204582,45.89.22.0,255.255.255.0,7018
265919,45.89.30.0,255.255.255.0,54004
207044,45.89.44.0,255.255.252.0,7018
29611,45.89.56.0,255.255.252.0,7018
49418,45.89.62.0,255.255.255.0,54004
211358,45.89.149.0,255.255.255.0,54004
205614,45.89.160.0,255.255.252.0,7018
48112,45.89.164.0,255.255.252.0,7018
204989,45.89.168.0,255.255.252.0,7018
28716,45.89.180.0,255.255.252.0,7018
34947,45.89.200.0,255.255.255.0,7018
202087,45.89.212.0,255.255.252.0,7018
203140,45.90.2.0,255.255.254.0,7018
201228,45.90.10.0,255.255.255.0,7018
34927,45.90.18.0,255.255.255.0,7018
8896,45.90.36.0,255.255.255.0,7018
201933,45.90.42.0,255.255.255.0,7018
20911,45.90.90.0,255.255.254.0,7018
34819,45.90.100.0,255.255.252.0,7018
39421,45.90.160.0,255.255.255.0,54004
47755,45.90.164.0,255.255.252.0,7018
208449,45.90.168.0,255.255.255.0,7018
209993,45.90.192.0,255.255.252.0,7018
9312,45.90.208.0,255.255.255.0,7018
26141,45.90.237.0,255.255.255.0,7018
212190,45.90.239.0,255.255.255.0,7018
35278,45.91.8.0,255.255.255.0,7018
59645,45.91.12.0,255.255.252.0,7018
215250,45.91.12.0,255.255.255.0,7018
48886,45.91.68.0,255.255.252.0,7018
203059,45.91.120.0,255.255.255.0,7018
208627,45.91.126.0,255.255.255.0,54004
9335,45.91.132.0,255.255.255.0,7018
208608,45.91.204.0,255.255.252.0,7018
31276,45.91.212.0,255.255.252.0,7018
25082,45.91.216.0,255.255.252.0,54004
214743,45.91.224.0,255.255.255.0,7018
212655,45.92.44.0,255.255.252.0,7018
213027,45.92.48.0,255.255.252.0,7018
200424,45.92.56.0,255.255.255.0,7018
204818,45.92.108.0,255.255.252.0,7018
13002,45.92.131.0,255.255.255.0,7018
58096,45.93.4.0,255.255.252.0,54004
142578,45.93.18.0,255.255.254.0,7018
207176,45.93.48.0,255.255.252.0,7018
57393,45.93.62.0,255.255.254.0,7018
62241,45.93.132.0,255.255.252.0,7018
209687,45.93.156.0,255.255.252.0,7018
47377,45.93.164.0,255.255.254.0,7018
35444,45.93.220.0,255.255.252.0,7018
204457,45.94.5.0,255.255.255.0,7018
8895,45.94.15.0,255.255.255.0,7018
20766,45.94.17.0,255.255.255.0,7018
201211,45.94.21.0,255.255.255.0,54004
199775,45.94.32.0,255.255.252.0,7018
62386,45.94.94.0,255.255.255.0,7018
42148,45.94.116.0,255.255.252.0,54004
52193,45.94.140.0,255.255.252.0,7018
208594,45.94.148.0,255.255.255.0,7018
214922,45.94.213.0,255.255.255.0,7018
208592,45.94.216.0,255.255.255.0,54004
57814,45.95.20.0,255.255.255.0,7018
210805,45.95.22.0,255.255.255.0,7018
206892,45.95.44.0,255.255.252.0,7018
200303,45.95.52.0,255.255.252.0,54004
50124,45.95.113.0,255.255.255.0,7018
212983,45.95.188.0,255.255.255.0,7018
213494,45.95.189.0,255.255.255.0,7018
132137,45.112.0.0,255.255.255.0,7018
45230,45.112.60.0,255.255.255.0,54004
133605,45.112.72.0,255.255.255.0,54004
134078,45.112.76.0,255.255.252.0,54004
45455,45.112.140.0,255.255.252.0,54004
45769,45.112.144.0,255.255.255.0,54004
715,45.112.180.0,255.255.252.0,54004
134088,45.112.196.0,255.255.252.0,7018
133660,45.112.200.0,255.255.255.0,54004
4638,45.112.224.0,255.255.252.0,54004
63956,45.112.244.0,255.255.252.0,7018
55577,45.112.252.0,255.255.252.0,7018
45179,45.113.8.0,255.255.252.0,54004
63959,45.113.32.0,255.255.255.0,54004
38084,45.113.36.0,255.255.252.0,54004
140627,45.113.82.0,255.255.255.0,7018
58715,45.113.132.0,255.255.252.0,7018
133012,45.113.164.0,255.255.255.0,54004
55967,45.113.192.0,255.255.255.0,7018
199752,45.113.236.0,255.255.255.0,7018
215512,45.113.237.0,255.255.255.0,54004
38278,45.114.28.0,255.255.252.0,54004
133695,45.114.48.0,255.255.255.0,54004
63969,45.114.85.0,255.255.255.0,54004
134116,45.114.88.0,255.255.252.0,54004
134451,45.114.118.0,255.255.255.0,54004
45194,45.114.156.0,255.255.255.0,7018
50292,45.114.220.0,255.255.252.0,7018
132168,45.114.236.0,255.255.252.0,54004
134138,45.115.20.0,255.255.252.0,7018
142647,45.115.42.0,255.255.255.0,54004
137166,45.115.52.0,255.255.255.0,54004
58731,45.115.72.0,255.255.255.0,7018
133593,45.115.76.0,255.255.252.0,54004
23674,45.115.84.0,255.255.255.0,54004
134026,45.115.104.0,255.255.252.0,54004
55828,45.115.112.0,255.255.252.0,54004
63873,45.115.136.0,255.255.254.0,54004
132960,45.115.172.0,255.255.255.0,54004
134022,45.115.184.0,255.255.255.0,54004
9253,45.115.196.0,255.255.252.0,54004
18222,45.115.216.0,255.255.255.0,54004
31972,45.115.228.0,255.255.252.0,54004
134160,45.115.232.0,255.255.252.0,54004
23752,45.116.20.0,255.255.252.0,7018
58898,45.116.112.0,255.255.252.0,7018
139468,45.116.134.0,255.255.254.0,7018
133823,45.116.156.0,255.255.254.0,54004
133301,45.116.228.0,255.255.252.0,7018
135724,45.117.28.0,255.255.255.0,54004
9484,45.117.32.0,255.255.252.0,7018
150774,45.117.61.0,255.255.255.0,54004
135341,45.117.62.0,255.255.255.0,54004
134190,45.117.123.0,255.255.255.0,54004
58762,45.117.180.0,255.255.255.0,54004
4628,45.117.188.0,255.255.252.0,54004
215385,45.117.232.0,255.255.252.0,7018
133421,45.117.236.0,255.255.252.0,54004
45355,45.117.240.0,255.255.252.0,54004
7629,45.118.36.0,255.255.252.0,7018
133957,45.118.68.0,255.255.255.0,54004
131717,45.118.112.0,255.255.255.0,54004
45557,45.118.136.0,255.255.252.0,54004
133652,45.118.164.0,255.255.254.0,7018
134220,45.118.188.0,255.255.252.0,7018
45905,45.118.244.0,255.255.255.0,54004
13444,45.119.6.0,255.255.255.0,54004
134674,45.119.28.0,255.255.255.0,7018
9732,45.119.92.0,255.255.252.0,54004
59185,45.119.112.0,255.255.252.0,7018
56300,45.119.152.0,255.255.255.0,54004
133136,45.119.156.0,255.255.255.0,54004
131435,45.119.216.0,255.255.252.0,54004
131418,45.119.240.0,255.255.252.0,54004
59191,45.120.56.0,255.255.254.0,7018
63996,45.120.112.0,255.255.252.0,54004
132934,45.120.124.0,255.255.252.0,7018
56147,45.120.228.0,255.255.252.0,54004
132300,45.121.60.0,255.255.255.0,54004
132447,45.121.88.0,255.255.255.0,7018
56149,45.121.160.0,255.255.252.0,54004
32590,45.121.184.0,255.255.255.0,54004
137991,45.121.188.0,255.255.255.0,54004
131702,45.121.217.0,255.255.255.0,7018
133797,45.122.56.0,255.255.252.0,54004
133403,45.122.228.0,255.255.255.0,7018
133287,45.123.4.0,255.255.252.0,7018
17483,45.123.24.0,255.255.255.0,54004
133398,45.123.88.0,255.255.255.0,54004
134094,45.123.116.0,255.255.255.0,54004
152049,45.123.140.0,255.255.254.0,54004
152026,45.123.142.0,255.255.255.0,54004
141490,45.123.216.0,255.255.254.0,7018
134196,45.124.24.0,255.255.252.0,54004
55705,45.124.108.0,255.255.255.0,54004
135846,45.124.140.0,255.255.255.0,54004
133255,45.124.144.0,255.255.252.0,7018
10122,45.124.252.0,255.255.255.0,54004
56308,45.125.20.0,255.255.252.0,54004
64047,45.125.112.0,255.255.255.0,54004
10105,45.125.124.0,255.255.255.0,54004
9287,45.125.128.0,255.255.252.0,54004
149535,45.125.152.0,255.255.255.0,54004
132220,45.125.153.0,255.255.255.0,54004
45469,45.125.156.0,255.255.255.0,54004
24183,45.125.168.0,255.255.252.0,7018
45896,45.125.200.0,255.255.252.0,54004
138995,45.125.216.0,255.255.255.0,54004
63526,45.125.220.0,255.255.255.0,54004
133880,45.125.228.0,255.255.255.0,54004
134544,45.126.0.0,255.255.255.0,54004
4646,45.126.4.0,255.255.255.0,54004
132540,45.126.20.0,255.255.255.0,7018
64300,45.126.40.0,255.255.254.0,54004
132647,45.126.56.0,255.255.255.0,54004
56241,45.126.152.0,255.255.255.0,54004
134014,45.126.168.0,255.255.255.0,7018
17451,45.126.184.0,255.255.252.0,54004
132986,45.126.188.0,255.255.252.0,54004
11179,45.126.244.0,255.255.255.0,54004
133000,45.126.252.0,255.255.255.0,7018
134937,45.127.104.0,255.255.255.0,54004
45284,45.127.108.0,255.255.255.0,7018
17726,45.127.152.0,255.255.252.0,54004
23944,45.127.164.0,255.255.252.0,54004
134687,45.127.187.0,255.255.255.0,54004
17771,45.127.190.0,255.255.255.0,7018
38244,45.127.252.0,255.255.252.0,54004
201290,45.128.0.0,255.255.252.0,7018
208569,45.128.8.0,255.255.252.0,7018
208126,45.128.68.0,255.255.255.0,7018
39201,45.128.69.0,255.255.255.0,7018
12571,45.128.100.0,255.255.252.0,7018
43073,45.128.108.0,255.255.252.0,7018
50979,45.128.151.0,255.255.255.0,7018
208566,45.128.216.0,255.255.255.0,7018
6681,45.128.218.0,255.255.255.0,7018
51659,45.129.2.0,255.255.254.0,7018
34080,45.129.24.0,255.255.252.0,7018
44076,45.129.40.0,255.255.248.0,7018
198769,45.129.76.0,255.255.255.0,54004
204049,45.129.77.0,255.255.255.0,54004
51531,45.129.80.0,255.255.252.0,7018
212123,45.129.94.0,255.255.255.0,7018
207960,45.129.95.0,255.255.255.0,54004
201094,45.129.97.0,255.255.255.0,54004
208522,45.129.100.0,255.255.252.0,7018
209810,45.129.106.0,255.255.255.0,7018
48518,45.129.108.0,255.255.252.0,7018
203172,45.129.144.0,255.255.252.0,54004
60501,45.129.160.0,255.255.252.0,7018
205185,45.129.172.0,255.255.252.0,7018
58280,45.129.224.0,255.255.252.0,7018
24482,45.129.229.0,255.255.255.0,54004
208540,45.129.252.0,255.255.254.0,7018
56958,45.130.16.0,255.255.252.0,7018
202548,45.130.45.0,255.255.255.0,7018
208976,45.130.46.0,255.255.255.0,7018
42201,45.130.84.0,255.255.255.0,7018
208920,45.130.108.0,255.255.252.0,7018
44558,45.130.156.0,255.255.255.0,7018
58314,45.130.172.0,255.255.255.0,7018
12731,45.130.192.0,255.255.254.0,7018
34661,45.130.244.0,255.255.252.0,54004
207187,45.130.248.0,255.255.252.0,7018
200254,45.131.8.0,255.255.252.0,7018
57578,45.131.68.0,255.255.254.0,54004
41529,45.131.84.0,255.255.252.0,7018
39389,45.131.88.0,255.255.254.0,7018
204745,45.131.150.0,255.255.255.0,7018
213802,45.131.152.0,255.255.255.0,54004
35004,45.131.164.0,255.255.255.0,7018
42066,45.131.165.0,255.255.255.0,7018
203222,45.131.204.0,255.255.252.0,7018
43648,45.131.236.0,255.255.255.0,7018
208501,45.131.240.0,255.255.252.0,54004
51154,45.131.244.0,255.255.252.0,7018
209311,45.132.2.0,255.255.255.0,7018
51198,45.132.8.0,255.255.255.0,54004
8447,45.132.35.0,255.255.255.0,7018
49079,45.132.44.0,255.255.252.0,7018
206775,45.132.68.0,255.255.252.0,54004
39862,45.132.92.0,255.255.255.0,7018
207992,45.132.96.0,255.255.255.0,54004
61272,45.132.194.0,255.255.255.0,54004
57530,45.132.204.0,255.255.255.0,54004
51569,45.132.208.0,255.255.252.0,7018
51519,45.132.232.0,255.255.252.0,7018
199961,45.132.254.0,255.255.255.0,54004
198763,45.133.48.0,255.255.252.0,7018
35489,45.133.100.0,255.255.255.0,7018
60022,45.133.160.0,255.255.252.0,7018
42638,45.133.164.0,255.255.252.0,7018
213281,45.133.188.0,255.255.255.0,7018
205063,45.133.218.0,255.255.255.0,7018
58172,45.133.232.0,255.255.254.0,54004
59829,45.133.242.0,255.255.255.0,7018
199939,45.133.248.0,255.255.254.0,7018
198953,45.134.26.0,255.255.255.0,54004
203714,45.134.60.0,255.255.254.0,54004
140723,45.134.98.0,255.255.255.0,54004
205199,45.134.120.0,255.255.252.0,7018
216230,45.134.164.0,255.255.252.0,7018
43861,45.134.176.0,255.255.254.0,7018
31169,45.134.208.0,255.255.252.0,7018
34985,45.135.48.0,255.255.255.0,7018
23865,45.135.49.0,255.255.255.0,7018
209528,45.135.64.0,255.255.252.0,7018
12555,45.135.92.0,255.255.252.0,7018
8495,45.135.106.0,255.255.255.0,7018
133219,45.135.149.0,255.255.255.0,54004
57304,45.135.167.0,255.255.255.0,7018
208457,45.135.172.0,255.255.252.0,7018
51396,45.135.193.0,255.255.255.0,54004
197968,45.135.215.0,255.255.255.0,54004
51310,45.135.216.0,255.255.252.0,7018
59692,45.135.239.0,255.255.255.0,7018
212980,45.135.250.0,255.255.255.0,7018
61205,45.136.92.0,255.255.252.0,7018
61241,45.136.132.0,255.255.254.0,7018
58057,45.136.136.0,255.255.252.0,54004
215680,45.136.141.0,255.255.255.0,54004
214209,45.137.99.0,255.255.255.0,54004
205638,45.137.112.0,255.255.254.0,7018
60350,45.137.176.0,255.255.252.0,7018
44901,45.137.220.0,255.255.255.0,7018
205879,45.137.227.0,255.255.255.0,7018
208867,45.137.236.0,255.255.252.0,7018
44377,45.137.248.0,255.255.252.0,7018
60144,45.138.36.0,255.255.252.0,7018
20810,45.138.56.0,255.255.252.0,7018
208414,45.138.104.0,255.255.255.0,54004
25428,45.138.171.0,255.255.255.0,7018
215761,45.138.183.0,255.255.255.0,54004
39522,45.138.222.0,255.255.255.0,7018
60542,45.139.8.0,255.255.254.0,54004
62366,45.139.17.0,255.255.255.0,54004
34959,45.139.24.0,255.255.252.0,7018
44061,45.139.92.0,255.255.255.0,7018
209902,45.139.96.0,255.255.254.0,7018
59504,45.139.184.0,255.255.252.0,7018
214466,45.139.199.0,255.255.255.0,54004
202984,45.139.237.0,255.255.255.0,7018
199947,45.140.84.0,255.255.252.0,7018
48813,45.140.108.0,255.255.252.0,7018
205530,45.140.112.0,255.255.252.0,7018
200081,45.140.124.0,255.255.255.0,7018
198895,45.140.133.0,255.255.255.0,7018
47720,45.140.144.0,255.255.255.0,7018
49612,45.140.145.0,255.255.255.0,7018
268581,45.140.192.0,255.255.254.0,54004
202425,45.140.222.0,255.255.255.0,7018
49151,45.141.1.0,255.255.255.0,7018
212508,45.141.57.0,255.255.255.0,7018
207190,45.141.68.0,255.255.255.0,54004
3399,45.141.108.0,255.255.252.0,7018
33387,45.141.131.0,255.255.255.0,54004
16247,45.141.155.0,255.255.255.0,7018
8823,45.141.188.0,255.255.252.0,7018
198150,45.141.217.0,255.255.255.0,7018
208376,45.141.228.0,255.255.252.0,7018
203759,45.142.7.0,255.255.255.0,7018
203847,45.142.15.0,255.255.255.0,7018
48873,45.142.32.0,255.255.252.0,54004
206366,45.142.68.0,255.255.252.0,7018
34605,45.142.88.0,255.255.255.0,54004
208367,45.142.100.0,255.255.255.0,54004
39287,45.142.140.0,255.255.252.0,7018
205051,45.142.168.0,255.255.252.0,7018
204916,45.142.210.0,255.255.255.0,7018
140543,45.142.237.0,255.255.255.0,54004
58313,45.142.244.0,255.255.255.0,54004
397735,45.142.248.0,255.255.255.0,54004
61013,45.143.40.0,255.255.252.0,7018
21339,45.143.120.0,255.255.254.0,7018
47196,45.143.136.0,255.255.252.0,7018
50474,45.143.168.0,255.255.255.0,7018
208337,45.143.180.0,255.255.255.0,7018
208339,45.143.204.0,255.255.252.0,54004
51579,45.143.236.0,255.255.254.0,54004
208992,45.144.42.0,255.255.255.0,54004
210447,45.144.43.0,255.255.255.0,7018
203201,45.144.60.0,255.255.252.0,7018
50628,45.144.92.0,255.255.252.0,7018
197293,45.144.140.0,255.255.255.0,7018
9028,45.144.155.0,255.255.255.0,7018
205243,45.144.200.0,255.255.252.0,7018
8151,45.144.224.0,255.255.255.0,7018
29457,45.144.236.0,255.255.254.0,54004
208258,45.144.244.0,255.255.255.0,54004
203936,45.144.248.0,255.255.252.0,7018
205235,45.145.93.0,255.255.255.0,7018
26210,45.145.132.0,255.255.255.0,7018
16158,45.145.173.0,255.255.255.0,7018
15391,45.145.208.0,255.255.252.0,7018
200918,45.145.220.0,255.255.252.0,7018
13101,45.145.236.0,255.255.252.0,7018
39801,45.146.35.0,255.255.255.0,7018
50374,45.146.64.0,255.255.252.0,54004
208628,45.146.114.0,255.255.255.0,54004
35122,45.146.140.0,255.255.252.0,7018
6769,45.146.192.0,255.255.254.0,7018
57965,45.146.194.0,255.255.254.0,7018
41405,45.146.212.0,255.255.252.0,7018
201691,45.146.240.0,255.255.255.0,7018
201868,45.147.20.0,255.255.255.0,7018
41290,45.147.40.0,255.255.255.0,7018
62000,45.147.96.0,255.255.254.0,54004
42151,45.147.148.0,255.255.255.0,54004
267121,45.147.226.0,255.255.255.0,54004
48305,45.148.0.0,255.255.252.0,54004
42692,45.148.20.0,255.255.255.0,54004
52106,45.148.40.0,255.255.252.0,7018
212066,45.148.65.0,255.255.255.0,7018
199496,45.148.88.0,255.255.252.0,7018
50903,45.148.156.0,255.255.252.0,7018
205668,45.148.168.0,255.255.252.0,7018
203089,45.148.214.0,255.255.255.0,7018
21473,45.148.216.0,255.255.254.0,7018
30766,45.148.218.0,255.255.254.0,7018
401922,45.149.4.0,255.255.255.0,54004
20141,45.149.103.0,255.255.255.0,54004
46616,45.149.120.0,255.255.255.0,54004
29405,45.149.176.0,255.255.255.0,7018
208486,45.149.180.0,255.255.254.0,7018
198935,45.149.208.0,255.255.255.0,7018
57653,45.149.241.0,255.255.255.0,7018
44547,45.149.242.0,255.255.255.0,54004
6789,45.149.244.0,255.255.252.0,7018
56595,45.149.252.0,255.255.252.0,7018
15466,45.150.28.0,255.255.252.0,7018
45009,45.150.40.0,255.255.252.0,7018
210412,45.150.57.0,255.255.255.0,7018
215402,45.150.66.0,255.255.255.0,7018
33843,45.150.68.0,255.255.255.0,7018
60893,45.150.104.0,255.255.252.0,7018
5631,45.150.140.0,255.255.252.0,7018
51944,45.150.151.0,255.255.255.0,7018
208236,45.150.152.0,255.255.255.0,54004
329272,45.150.188.0,255.255.252.0,7018
209326,45.150.228.0,255.255.255.0,7018
215147,45.151.56.0,255.255.255.0,54004
200759,45.151.84.0,255.255.255.0,7018
59745,45.151.92.0,255.255.255.0,7018
215432,45.151.124.0,255.255.255.0,7018
30813,45.151.216.0,255.255.252.0,7018
201675,45.151.220.0,255.255.252.0,54004
44125,45.152.24.0,255.255.252.0,7018
50917,45.152.39.0,255.255.255.0,54004
48362,45.152.52.0,255.255.252.0,7018
912,45.152.56.0,255.255.252.0,54004
11342,45.152.56.0,255.255.254.0,7018
211615,45.152.70.0,255.255.255.0,54004
3255,45.152.72.0,255.255.252.0,54004
45040,45.152.76.0,255.255.255.0,7018
206841,45.152.80.0,255.255.255.0,7018
34820,45.152.96.0,255.255.255.0,7018
39699,45.152.104.0,255.255.252.0,7018
43667,45.152.123.0,255.255.255.0,54004
205500,45.152.168.0,255.255.252.0,7018
49703,45.152.190.0,255.255.254.0,7018
939,45.152.192.0,255.255.252.0,7018
262199,45.152.216.0,255.255.252.0,7018
56679,45.152.220.0,255.255.252.0,7018
34968,45.152.236.0,255.255.252.0,7018
207942,45.152.248.0,255.255.255.0,7018
12859,45.152.251.0,255.255.255.0,7018
216463,45.153.24.0,255.255.255.0,7018
205495,45.153.44.0,255.255.252.0,54004
39405,45.153.92.0,255.255.252.0,7018
49788,45.153.104.0,255.255.252.0,7018
201709,45.153.112.0,255.255.252.0,7018
59588,45.153.116.0,255.255.254.0,7018
43289,45.153.124.0,255.255.255.0,7018
25467,45.153.126.0,255.255.255.0,7018
61337,45.153.132.0,255.255.254.0,7018
60255,45.153.135.0,255.255.255.0,7018
207203,45.153.140.0,255.255.252.0,7018
39923,45.153.152.0,255.255.252.0,7018
201986,45.153.212.0,255.255.254.0,7018
202365,45.153.248.0,255.255.255.0,54004
8873,45.154.28.0,255.255.252.0,54004
39384,45.154.64.0,255.255.255.0,7018
30798,45.154.68.0,255.255.252.0,7018
42072,45.154.74.0,255.255.255.0,54004
208702,45.154.92.0,255.255.255.0,7018
206313,45.154.108.0,255.255.255.0,7018
209894,45.154.111.0,255.255.255.0,7018
61251,45.154.144.0,255.255.252.0,7018
202591,45.154.164.0,255.255.252.0,7018
202543,45.154.176.0,255.255.255.0,7018
47522,45.154.184.0,255.255.252.0,54004
207108,45.154.197.0,255.255.255.0,7018
215467,45.154.199.0,255.255.255.0,7018
25506,45.154.222.0,255.255.255.0,7018
41281,45.154.252.0,255.255.255.0,54004
41634,45.154.253.0,255.255.255.0,7018
213205,45.155.89.0,255.255.255.0,7018
208177,45.155.92.0,255.255.252.0,7018
197564,45.155.96.0,255.255.252.0,7018
60670,45.155.108.0,255.255.255.0,7018
213640,45.155.126.0,255.255.255.0,7018
212795,45.155.130.0,255.255.255.0,7018
198984,45.155.148.0,255.255.252.0,7018
51458,45.155.176.0,255.255.252.0,7018
48359,45.155.192.0,255.255.255.0,7018
201791,45.155.212.0,255.255.252.0,7018
8218,45.156.4.0,255.255.252.0,7018
28701,45.156.108.0,255.255.252.0,7018
13045,45.156.124.0,255.255.255.0,7018
214122,45.157.3.0,255.255.255.0,54004
60435,45.157.4.0,255.255.255.0,7018
64475,45.157.8.0,255.255.254.0,7018
199723,45.157.12.0,255.255.252.0,7018
142354,45.157.16.0,255.255.255.0,54004
215044,45.157.48.0,255.255.255.0,7018
3303,45.157.49.0,255.255.255.0,7018
51269,45.157.60.0,255.255.252.0,54004
51185,45.157.64.0,255.255.255.0,7018
131090,45.157.88.0,255.255.252.0,7018
35661,45.157.116.0,255.255.252.0,54004
215691,45.157.211.0,255.255.255.0,54004
204188,45.157.220.0,255.255.252.0,7018
16097,45.157.224.0,255.255.255.0,7018
201847,45.157.228.0,255.255.252.0,7018
205112,45.157.240.0,255.255.252.0,7018
60917,45.158.0.0,255.255.255.0,7018
43372,45.158.4.0,255.255.254.0,7018
41897,45.158.16.0,255.255.252.0,7018
34835,45.158.72.0,255.255.252.0,7018
199585,45.158.108.0,255.255.252.0,7018
41710,45.158.128.0,255.255.252.0,7018
39093,45.158.144.0,255.255.252.0,7018
15510,45.158.164.0,255.255.254.0,7018
40913,45.158.166.0,255.255.255.0,54004
50326,45.158.176.0,255.255.252.0,7018
328867,45.158.254.0,255.255.255.0,7018
200702,45.159.16.0,255.255.252.0,7018
48821,45.159.32.0,255.255.252.0,7018
57264,45.159.36.0,255.255.252.0,7018
42316,45.159.129.0,255.255.255.0,7018
212635,45.159.140.0,255.255.252.0,7018
200031,45.159.164.0,255.255.252.0,7018
208070,45.159.168.0,255.255.252.0,7018
200036,45.159.195.0,255.255.255.0,7018
61955,45.159.212.0,255.255.252.0,7018
262444,45.160.0.0,255.255.252.0,54004
266866,45.160.4.0,255.255.252.0,54004
268402,45.160.16.0,255.255.252.0,54004
268398,45.160.24.0,255.255.252.0,7018
268396,45.160.64.0,255.255.252.0,54004
268403,45.160.68.0,255.255.252.0,7018
266878,45.160.72.0,255.255.255.0,54004
268404,45.160.84.0,255.255.252.0,54004
262481,45.160.88.0,255.255.252.0,7018
268397,45.160.104.0,255.255.252.0,54004
268400,45.160.112.0,255.255.252.0,7018
264293,45.160.124.0,255.255.252.0,54004
262865,45.160.128.0,255.255.252.0,7018
264161,45.160.144.0,255.255.252.0,54004
268431,45.160.152.0,255.255.252.0,7018
268432,45.160.160.0,255.255.252.0,54004
268417,45.160.176.0,255.255.252.0,54004
266887,45.160.188.0,255.255.255.0,54004
267056,45.160.215.0,255.255.255.0,7018
270724,45.160.228.0,255.255.252.0,54004
268434,45.160.236.0,255.255.252.0,7018
268436,45.160.248.0,255.255.254.0,54004
268445,45.160.252.0,255.255.255.0,54004
268424,45.161.4.0,255.255.252.0,54004
266893,45.161.24.0,255.255.252.0,54004
2,45.161.25.0,255.255.255.0,54004
268490,45.161.28.0,255.255.252.0,54004
268502,45.161.80.0,255.255.252.0,54004
52617,45.161.92.0,255.255.252.0,54004
268463,45.161.96.0,255.255.252.0,54004
266901,45.161.108.0,255.255.252.0,54004
266885,45.161.116.0,255.255.252.0,7018
268465,45.161.124.0,255.255.252.0,54004
268459,45.161.128.0,255.255.252.0,54004
268510,45.161.144.0,255.255.254.0,54004
267484,45.161.148.0,255.255.252.0,54004
268467,45.161.164.0,255.255.252.0,54004
270021,45.161.168.0,255.255.255.0,7018
268512,45.161.184.0,255.255.255.0,54004
265905,45.161.196.0,255.255.252.0,54004
263579,45.161.216.0,255.255.252.0,7018
268477,45.161.224.0,255.255.252.0,54004
268483,45.161.228.0,255.255.252.0,54004
268487,45.161.248.0,255.255.252.0,54004
262285,45.161.252.0,255.255.252.0,54004
268492,45.162.4.0,255.255.252.0,54004
268485,45.162.8.0,255.255.252.0,54004
263155,45.162.16.0,255.255.252.0,7018
268525,45.162.24.0,255.255.252.0,7018
28158,45.162.40.0,255.255.252.0,54004
268496,45.162.44.0,255.255.252.0,54004
268529,45.162.48.0,255.255.252.0,54004
268509,45.162.52.0,255.255.252.0,54004
262589,45.162.76.0,255.255.252.0,54004
263244,45.162.89.0,255.255.255.0,7018
268517,45.162.92.0,255.255.252.0,54004
268516,45.162.104.0,255.255.252.0,54004
268505,45.162.112.0,255.255.252.0,54004
268518,45.162.128.0,255.255.252.0,54004
268168,45.162.136.0,255.255.252.0,54004
263347,45.162.152.0,255.255.252.0,54004
268527,45.162.172.0,255.255.255.0,54004
262595,45.162.188.0,255.255.252.0,54004
268538,45.162.196.0,255.255.252.0,54004
271617,45.162.202.0,255.255.254.0,54004
268528,45.162.216.0,255.255.254.0,54004
263427,45.162.240.0,255.255.252.0,54004
268600,45.162.252.0,255.255.252.0,54004
262847,45.163.0.0,255.255.252.0,7018
268589,45.163.12.0,255.255.255.0,54004
264565,45.163.24.0,255.255.252.0,54004
268548,45.163.40.0,255.255.252.0,54004
262873,45.163.56.0,255.255.252.0,54004
268554,45.163.64.0,255.255.255.0,54004
268559,45.163.68.0,255.255.252.0,54004
268573,45.163.72.0,255.255.252.0,54004
268551,45.163.76.0,255.255.252.0,7018
266346,45.163.84.0,255.255.252.0,54004
268574,45.163.92.0,255.255.252.0,54004
262494,45.163.108.0,255.255.254.0,54004
268576,45.163.112.0,255.255.252.0,7018
267686,45.163.140.0,255.255.252.0,7018
268568,45.163.144.0,255.255.252.0,54004
268560,45.163.148.0,255.255.252.0,54004
268578,45.163.176.0,255.255.252.0,54004
268565,45.163.196.0,255.255.252.0,54004
61587,45.163.212.0,255.255.252.0,54004
268592,45.164.0.0,255.255.255.0,54004
28423,45.164.20.0,255.255.255.0,54004
268597,45.164.44.0,255.255.252.0,7018
268605,45.164.60.0,255.255.252.0,54004
267699,45.164.64.0,255.255.255.0,54004
268606,45.164.68.0,255.255.252.0,7018
268690,45.164.72.0,255.255.252.0,7018
268607,45.164.76.0,255.255.252.0,54004
268608,45.164.80.0,255.255.254.0,54004
52941,45.164.84.0,255.255.254.0,7018
268685,45.164.92.0,255.255.252.0,54004
263328,45.164.104.0,255.255.252.0,54004
53181,45.164.112.0,255.255.252.0,7018
268623,45.164.120.0,255.255.252.0,54004
268616,45.164.128.0,255.255.252.0,54004
268625,45.164.140.0,255.255.252.0,54004
268631,45.164.144.0,255.255.252.0,54004
271701,45.164.152.0,255.255.254.0,54004
268645,45.164.176.0,255.255.252.0,54004
268628,45.164.188.0,255.255.252.0,54004
272174,45.164.202.0,255.255.254.0,54004
268637,45.164.208.0,255.255.252.0,54004
268668,45.164.220.0,255.255.252.0,54004
262893,45.164.224.0,255.255.255.0,54004
264774,45.164.231.0,255.255.255.0,7018
268643,45.164.232.0,255.255.254.0,54004
268647,45.164.240.0,255.255.252.0,54004
268648,45.164.244.0,255.255.252.0,54004
268649,45.164.252.0,255.255.255.0,54004
268663,45.165.12.0,255.255.252.0,54004
268655,45.165.28.0,255.255.255.0,54004
268657,45.165.48.0,255.255.252.0,7018
268658,45.165.60.0,255.255.252.0,7018
268661,45.165.76.0,255.255.255.0,54004
268671,45.165.84.0,255.255.252.0,54004
264479,45.165.90.0,255.255.254.0,54004
268674,45.165.96.0,255.255.252.0,7018
268699,45.165.120.0,255.255.252.0,54004
268700,45.165.124.0,255.255.254.0,54004
268676,45.165.132.0,255.255.252.0,54004
268678,45.165.148.0,255.255.252.0,54004
52799,45.165.153.0,255.255.255.0,54004
268683,45.165.164.0,255.255.255.0,54004
268684,45.165.172.0,255.255.252.0,54004
263067,45.165.176.0,255.255.252.0,7018
268689,45.165.196.0,255.255.252.0,7018
268976,45.165.204.0,255.255.252.0,7018
268692,45.165.208.0,255.255.252.0,54004
268018,45.165.230.0,255.255.255.0,54004
263102,45.165.236.0,255.255.252.0,54004
268697,45.165.248.0,255.255.254.0,54004
267942,45.166.4.0,255.255.252.0,54004
268698,45.166.8.0,255.255.254.0,54004
267935,45.166.44.0,255.255.252.0,54004
267936,45.166.52.0,255.255.252.0,54004
264173,45.166.56.0,255.255.252.0,54004
267953,45.166.68.0,255.255.254.0,54004
266771,45.166.73.0,255.255.255.0,54004
263292,45.166.84.0,255.255.255.0,54004
267409,45.166.104.0,255.255.252.0,54004
267955,45.166.112.0,255.255.252.0,54004
267956,45.166.116.0,255.255.252.0,54004
267963,45.166.148.0,255.255.255.0,54004
264075,45.166.164.0,255.255.252.0,7018
267986,45.166.180.0,255.255.252.0,7018
267988,45.166.196.0,255.255.252.0,54004
273533,45.166.226.0,255.255.254.0,54004
267972,45.166.228.0,255.255.252.0,54004
268002,45.166.232.0,255.255.252.0,54004
267973,45.166.244.0,255.255.255.0,54004
267974,45.166.248.0,255.255.252.0,54004
267995,45.167.48.0,255.255.252.0,7018
267991,45.167.52.0,255.255.252.0,54004
267994,45.167.56.0,255.255.252.0,54004
262773,45.167.60.0,255.255.252.0,54004
268006,45.167.64.0,255.255.254.0,54004
267992,45.167.68.0,255.255.252.0,54004
268054,45.167.104.0,255.255.252.0,54004
264398,45.167.128.0,255.255.255.0,54004
268011,45.167.140.0,255.255.252.0,54004
52838,45.167.144.0,255.255.252.0,7018
268013,45.167.152.0,255.255.252.0,54004
268041,45.167.160.0,255.255.252.0,54004
268042,45.167.180.0,255.255.252.0,54004
268019,45.167.184.0,255.255.255.0,54004
263785,45.167.196.0,255.255.255.0,7018
267993,45.167.204.0,255.255.252.0,54004
268047,45.168.4.0,255.255.252.0,54004
268035,45.168.12.0,255.255.252.0,54004
268028,45.168.40.0,255.255.252.0,7018
268037,45.168.48.0,255.255.254.0,54004
268138,45.168.64.0,255.255.252.0,54004
61466,45.168.68.0,255.255.252.0,54004
268081,45.168.73.0,255.255.255.0,54004
268043,45.168.84.0,255.255.252.0,54004
268056,45.168.88.0,255.255.252.0,54004
268057,45.168.108.0,255.255.255.0,54004
268055,45.168.112.0,255.255.254.0,54004
268069,45.168.152.0,255.255.252.0,54004
268101,45.168.156.0,255.255.252.0,7018
268068,45.168.180.0,255.255.252.0,7018
268071,45.168.184.0,255.255.255.0,54004
268083,45.168.204.0,255.255.252.0,54004
268092,45.168.220.0,255.255.252.0,54004
268072,45.168.224.0,255.255.252.0,54004
271745,45.168.228.0,255.255.252.0,54004
268546,45.169.12.0,255.255.255.0,54004
268091,45.169.24.0,255.255.254.0,54004
268113,45.169.32.0,255.255.254.0,7018
268120,45.169.56.0,255.255.254.0,54004
22411,45.169.92.0,255.255.252.0,7018
267790,45.169.98.0,255.255.254.0,54004
268106,45.169.108.0,255.255.252.0,54004
268108,45.169.124.0,255.255.252.0,54004
267745,45.169.163.0,255.255.255.0,54004
48252,45.169.164.0,255.255.252.0,7018
264984,45.169.176.0,255.255.252.0,54004
268131,45.169.188.0,255.255.252.0,7018
268125,45.169.216.0,255.255.254.0,54004
268126,45.169.228.0,255.255.252.0,54004
263114,45.169.237.0,255.255.255.0,7018
268134,45.169.240.0,255.255.252.0,54004
13489,45.169.253.0,255.255.255.0,54004
268145,45.170.16.0,255.255.252.0,7018
6147,45.170.48.0,255.255.252.0,7018
262785,45.170.80.0,255.255.252.0,54004
268156,45.170.88.0,255.255.254.0,7018
268157,45.170.96.0,255.255.252.0,54004
263750,45.170.104.0,255.255.252.0,54004
268158,45.170.112.0,255.255.255.0,54004
268160,45.170.144.0,255.255.252.0,7018
268702,45.170.148.0,255.255.252.0,54004
268155,45.170.152.0,255.255.252.0,54004
269506,45.170.179.0,255.255.255.0,54004
18734,45.170.188.0,255.255.252.0,7018
268171,45.170.196.0,255.255.254.0,7018
268174,45.170.220.0,255.255.254.0,54004
268710,45.170.228.0,255.255.252.0,54004
268182,45.170.236.0,255.255.255.0,54004
268177,45.171.12.0,255.255.252.0,54004
268186,45.171.28.0,255.255.252.0,54004
268747,45.171.40.0,255.255.252.0,54004
268708,45.171.52.0,255.255.255.0,54004
263527,45.171.78.0,255.255.255.0,54004
268705,45.171.92.0,255.255.252.0,54004
268712,45.171.96.0,255.255.255.0,54004
268716,45.171.100.0,255.255.252.0,7018
268876,45.171.122.0,255.255.254.0,54004
268715,45.171.144.0,255.255.252.0,7018
268721,45.171.152.0,255.255.252.0,54004
52862,45.171.172.0,255.255.252.0,54004
268725,45.171.176.0,255.255.252.0,7018
268726,45.171.184.0,255.255.252.0,54004
268730,45.171.196.0,255.255.252.0,54004
268735,45.171.208.0,255.255.252.0,54004
268732,45.171.216.0,255.255.252.0,54004
268746,45.171.228.0,255.255.254.0,54004
268729,45.171.248.0,255.255.252.0,54004
268737,45.171.252.0,255.255.252.0,54004
264619,45.172.19.0,255.255.255.0,54004
268749,45.172.40.0,255.255.252.0,54004
268762,45.172.56.0,255.255.252.0,7018
265234,45.172.68.0,255.255.252.0,54004
268753,45.172.76.0,255.255.252.0,54004
264552,45.172.80.0,255.255.252.0,54004
271253,45.172.96.0,255.255.254.0,7018
268763,45.172.104.0,255.255.252.0,7018
268764,45.172.116.0,255.255.252.0,54004
264800,45.172.141.0,255.255.255.0,7018
28370,45.172.144.0,255.255.252.0,54004
268778,45.172.164.0,255.255.252.0,7018
268786,45.172.168.0,255.255.255.0,54004
268822,45.172.172.0,255.255.254.0,54004
265475,45.172.180.0,255.255.252.0,54004
268795,45.172.196.0,255.255.252.0,54004
268824,45.172.200.0,255.255.255.0,54004
268787,45.172.204.0,255.255.252.0,54004
264100,45.172.208.0,255.255.252.0,7018
268782,45.172.240.0,255.255.252.0,54004
268788,45.173.24.0,255.255.252.0,54004
268789,45.173.28.0,255.255.252.0,54004
268843,45.173.46.0,255.255.255.0,54004
268793,45.173.48.0,255.255.252.0,54004
266003,45.173.64.0,255.255.252.0,54004
268860,45.173.84.0,255.255.252.0,54004
262881,45.173.96.0,255.255.252.0,54004
268809,45.173.100.0,255.255.252.0,54004
268804,45.173.104.0,255.255.254.0,7018
268805,45.173.108.0,255.255.252.0,54004
268811,45.173.124.0,255.255.255.0,54004
268828,45.173.132.0,255.255.254.0,54004
268832,45.173.148.0,255.255.252.0,7018
268815,45.173.152.0,255.255.252.0,54004
268821,45.173.160.0,255.255.254.0,54004
268818,45.173.176.0,255.255.252.0,54004
265432,45.173.180.0,255.255.255.0,54004
267827,45.173.181.0,255.255.255.0,7018
268886,45.173.188.0,255.255.252.0,54004
267809,45.173.196.0,255.255.252.0,7018
267828,45.173.216.0,255.255.255.0,54004
268829,45.173.220.0,255.255.252.0,54004
268835,45.173.224.0,255.255.252.0,54004
268845,45.173.240.0,255.255.252.0,54004
267816,45.173.244.0,255.255.252.0,7018
268841,45.174.0.0,255.255.252.0,54004
268914,45.174.4.0,255.255.252.0,54004
268878,45.174.16.0,255.255.252.0,7018
266806,45.174.20.0,255.255.255.0,7018
263754,45.174.24.0,255.255.255.0,7018
268842,45.174.40.0,255.255.252.0,54004
28428,45.174.45.0,255.255.255.0,7018
265627,45.174.76.0,255.255.252.0,7018
28431,45.174.76.0,255.255.255.0,7018
28387,45.174.84.0,255.255.255.0,7018
263574,45.174.96.0,255.255.254.0,7018
268862,45.174.116.0,255.255.252.0,7018
61712,45.174.120.0,255.255.252.0,54004
28329,45.174.135.0,255.255.255.0,54004
268865,45.174.136.0,255.255.254.0,54004
263047,45.174.140.0,255.255.252.0,54004
268854,45.174.144.0,255.255.255.0,54004
264275,45.174.152.0,255.255.252.0,7018
262530,45.174.164.0,255.255.252.0,54004
268866,45.174.180.0,255.255.252.0,54004
268870,45.174.184.0,255.255.252.0,7018
264562,45.174.188.0,255.255.252.0,54004
271599,45.174.196.0,255.255.254.0,54004
265580,45.174.252.0,255.255.255.0,7018
263998,45.175.0.0,255.255.255.0,54004
268872,45.175.4.0,255.255.255.0,54004
267832,45.175.20.0,255.255.255.0,54004
7049,45.175.21.0,255.255.255.0,7018
268880,45.175.28.0,255.255.252.0,54004
268937,45.175.44.0,255.255.252.0,54004
268890,45.175.76.0,255.255.252.0,54004
53080,45.175.80.0,255.255.252.0,7018
268892,45.175.88.0,255.255.252.0,54004
268907,45.175.96.0,255.255.252.0,7018
268900,45.175.104.0,255.255.252.0,54004
262777,45.175.116.0,255.255.252.0,54004
268897,45.175.128.0,255.255.254.0,54004
268898,45.175.132.0,255.255.252.0,54004
268916,45.175.169.0,255.255.255.0,54004
268323,45.175.188.0,255.255.252.0,54004
268331,45.175.206.0,255.255.255.0,54004
268941,45.175.220.0,255.255.252.0,54004
268913,45.175.228.0,255.255.254.0,54004
265586,45.175.232.0,255.255.252.0,7018
269096,45.175.248.0,255.255.252.0,54004
268924,45.176.0.0,255.255.252.0,7018
268925,45.176.4.0,255.255.252.0,7018
268968,45.176.36.0,255.255.252.0,54004
268935,45.176.64.0,255.255.252.0,54004
268988,45.176.100.0,255.255.252.0,54004
268997,45.176.104.0,255.255.252.0,54004
269035,45.176.112.0,255.255.252.0,7018
268944,45.176.140.0,255.255.252.0,54004
269002,45.176.160.0,255.255.254.0,54004
7004,45.176.166.0,255.255.254.0,7018
268959,45.176.168.0,255.255.252.0,54004
265215,45.176.196.0,255.255.252.0,7018
268954,45.176.216.0,255.255.252.0,54004
268956,45.176.228.0,255.255.252.0,54004
268960,45.176.240.0,255.255.252.0,54004
268961,45.176.246.0,255.255.254.0,54004
268962,45.177.6.0,255.255.254.0,54004
263432,45.177.32.0,255.255.252.0,54004
268979,45.177.44.0,255.255.252.0,54004
19429,45.177.53.0,255.255.255.0,54004
13786,45.177.100.0,255.255.252.0,7018
268991,45.177.116.0,255.255.252.0,54004
269639,45.177.120.0,255.255.252.0,7018
268983,45.177.136.0,255.255.252.0,54004
266520,45.177.140.0,255.255.252.0,54004
264732,45.177.144.0,255.255.252.0,7018
268998,45.177.148.0,255.255.252.0,54004
268985,45.177.152.0,255.255.252.0,54004
269039,45.177.160.0,255.255.252.0,54004
268989,45.177.168.0,255.255.255.0,54004
269038,45.177.172.0,255.255.252.0,54004
272792,45.177.189.0,255.255.255.0,54004
22927,45.177.200.0,255.255.254.0,7018
265205,45.177.222.0,255.255.254.0,54004
269050,45.177.240.0,255.255.252.0,54004
273774,45.177.248.0,255.255.254.0,54004
267882,45.178.0.0,255.255.255.0,54004
267890,45.178.12.0,255.255.252.0,7018
269057,45.178.16.0,255.255.252.0,54004
269015,45.178.20.0,255.255.252.0,54004
269004,45.178.28.0,255.255.252.0,54004
262907,45.178.40.0,255.255.252.0,54004
269090,45.178.76.0,255.255.254.0,54004
269032,45.178.92.0,255.255.252.0,7018
269018,45.178.116.0,255.255.252.0,54004
267003,45.178.120.0,255.255.252.0,54004
263276,45.178.124.0,255.255.252.0,54004
269023,45.178.148.0,255.255.252.0,54004
269046,45.178.152.0,255.255.252.0,54004
269036,45.178.172.0,255.255.252.0,54004
263332,45.178.208.0,255.255.254.0,7018
269044,45.178.232.0,255.255.252.0,54004
269115,45.178.240.0,255.255.254.0,54004
265290,45.179.4.0,255.255.255.0,54004
27648,45.179.13.0,255.255.255.0,7018
269077,45.179.44.0,255.255.252.0,54004
269060,45.179.48.0,255.255.252.0,54004
269053,45.179.52.0,255.255.254.0,54004
265937,45.179.56.0,255.255.252.0,54004
269109,45.179.68.0,255.255.252.0,54004
269068,45.179.80.0,255.255.252.0,54004
263661,45.179.86.0,255.255.254.0,7018
269088,45.179.100.0,255.255.252.0,54004
269075,45.179.108.0,255.255.252.0,54004
269076,45.179.116.0,255.255.252.0,54004
264996,45.179.128.0,255.255.252.0,54004
269089,45.179.144.0,255.255.252.0,7018
269107,45.179.148.0,255.255.255.0,54004
269122,45.179.232.0,255.255.252.0,54004
269194,45.179.236.0,255.255.252.0,7018
269108,45.179.248.0,255.255.255.0,54004
273664,45.179.252.0,255.255.254.0,54004
269131,45.180.56.0,255.255.255.0,54004
269431,45.180.80.0,255.255.254.0,54004
269139,45.180.84.0,255.255.252.0,54004
269128,45.180.96.0,255.255.254.0,54004
269134,45.180.128.0,255.255.252.0,7018
269137,45.180.144.0,255.255.252.0,54004
269138,45.180.148.0,255.255.252.0,54004
269158,45.180.168.0,255.255.252.0,54004
269154,45.180.188.0,255.255.252.0,54004
269146,45.180.192.0,255.255.255.0,54004
269151,45.180.228.0,255.255.252.0,54004
269153,45.180.236.0,255.255.254.0,54004
263250,45.180.252.0,255.255.255.0,54004
269157,45.181.0.0,255.255.252.0,54004
269159,45.181.8.0,255.255.254.0,54004
269177,45.181.16.0,255.255.255.0,54004
268267,45.181.26.0,255.255.255.0,54004
269211,45.181.32.0,255.255.255.0,54004
269172,45.181.52.0,255.255.255.0,54004
269170,45.181.60.0,255.255.255.0,54004
269171,45.181.64.0,255.255.252.0,54004
269178,45.181.80.0,255.255.255.0,54004
269175,45.181.92.0,255.255.252.0,54004
269182,45.181.100.0,255.255.252.0,7018
269180,45.181.104.0,255.255.252.0,7018
269181,45.181.112.0,255.255.255.0,54004
269221,45.181.116.0,255.255.252.0,7018
264765,45.181.128.0,255.255.254.0,7018
269199,45.181.152.0,255.255.252.0,54004
269196,45.181.168.0,255.255.252.0,7018
262503,45.181.228.0,255.255.252.0,54004
269206,45.181.252.0,255.255.252.0,54004
269213,45.182.24.0,255.255.252.0,54004
269267,45.182.56.0,255.255.254.0,54004
269215,45.182.68.0,255.255.252.0,54004
269339,45.182.96.0,255.255.252.0,54004
61597,45.182.104.0,255.255.252.0,54004
269223,45.182.108.0,255.255.252.0,54004
61468,45.182.117.0,255.255.255.0,54004
269229,45.182.136.0,255.255.252.0,54004
269217,45.182.144.0,255.255.254.0,54004
269231,45.182.156.0,255.255.252.0,54004
269235,45.182.196.0,255.255.252.0,54004
269237,45.182.204.0,255.255.252.0,7018
269260,45.182.232.0,255.255.252.0,54004
269243,45.182.240.0,255.255.252.0,7018
269244,45.182.244.0,255.255.254.0,54004
269245,45.182.248.0,255.255.252.0,54004
269249,45.183.0.0,255.255.252.0,7018
269269,45.183.8.0,255.255.252.0,54004
269254,45.183.16.0,255.255.252.0,54004
269255,45.183.24.0,255.255.252.0,54004
269258,45.183.28.0,255.255.252.0,7018
269273,45.183.68.0,255.255.254.0,54004
61663,45.183.70.0,255.255.255.0,7018
269279,45.183.96.0,255.255.252.0,7018
269286,45.183.112.0,255.255.252.0,54004
264223,45.183.116.0,255.255.252.0,54004
267501,45.183.132.0,255.255.255.0,54004
269398,45.183.148.0,255.255.252.0,7018
269278,45.183.160.0,255.255.252.0,7018
271609,45.183.176.0,255.255.254.0,7018
269337,45.183.180.0,255.255.252.0,54004
269298,45.183.188.0,255.255.252.0,54004
269292,45.183.212.0,255.255.252.0,54004
269360,45.183.216.0,255.255.252.0,54004
269295,45.183.236.0,255.255.255.0,54004
269299,45.183.240.0,255.255.252.0,54004
269300,45.183.248.0,255.255.252.0,54004
269307,45.184.8.0,255.255.252.0,7018
269308,45.184.16.0,255.255.252.0,54004
269311,45.184.44.0,255.255.252.0,7018
269314,45.184.48.0,255.255.252.0,54004
269320,45.184.64.0,255.255.255.0,54004
269359,45.184.68.0,255.255.252.0,54004
269322,45.184.76.0,255.255.252.0,54004
269783,45.184.108.0,255.255.252.0,54004
269396,45.184.112.0,255.255.252.0,54004
269329,45.184.128.0,255.255.255.0,54004
269401,45.184.164.0,255.255.252.0,54004
269338,45.184.184.0,255.255.252.0,54004
269354,45.184.200.0,255.255.252.0,7018
269344,45.184.212.0,255.255.252.0,54004
267028,45.184.240.0,255.255.252.0,54004
269351,45.185.0.0,255.255.252.0,54004
269352,45.185.12.0,255.255.252.0,7018
263222,45.185.20.0,255.255.252.0,7018
267458,45.185.24.0,255.255.252.0,54004
264637,45.185.30.0,255.255.255.0,54004
269370,45.185.68.0,255.255.252.0,54004
264170,45.185.72.0,255.255.255.0,54004
269372,45.185.96.0,255.255.254.0,54004
269375,45.185.104.0,255.255.252.0,54004
269376,45.185.132.0,255.255.252.0,54004
264221,45.185.156.0,255.255.252.0,54004
269486,45.185.164.0,255.255.254.0,54004
264420,45.185.167.0,255.255.255.0,54004
269387,45.185.168.0,255.255.252.0,54004
269391,45.185.172.0,255.255.252.0,54004
269553,45.185.192.0,255.255.252.0,54004
269402,45.185.203.0,255.255.255.0,54004
269394,45.185.216.0,255.255.252.0,54004
269433,45.185.228.0,255.255.254.0,54004
28539,45.185.246.0,255.255.255.0,7018
269453,45.186.8.0,255.255.252.0,7018
266514,45.186.40.0,255.255.255.0,54004
269411,45.186.52.0,255.255.254.0,54004
269412,45.186.56.0,255.255.252.0,54004
269416,45.186.80.0,255.255.254.0,54004
269417,45.186.88.0,255.255.252.0,7018
269422,45.186.100.0,255.255.252.0,54004
269420,45.186.116.0,255.255.252.0,54004
269423,45.186.120.0,255.255.252.0,7018
269499,45.186.156.0,255.255.252.0,54004
269500,45.186.160.0,255.255.252.0,54004
269444,45.186.164.0,255.255.254.0,54004
269518,45.186.172.0,255.255.252.0,54004
269434,45.186.188.0,255.255.252.0,7018
263703,45.186.208.0,255.255.255.0,54004
269454,45.186.216.0,255.255.252.0,7018
269437,45.186.220.0,255.255.252.0,54004
269439,45.186.228.0,255.255.252.0,54004
269826,45.186.252.0,255.255.252.0,7018
269483,45.187.20.0,255.255.252.0,54004
269524,45.187.32.0,255.255.252.0,54004
269484,45.187.40.0,255.255.252.0,54004
269470,45.187.72.0,255.255.252.0,54004
269589,45.187.84.0,255.255.252.0,54004
269829,45.187.92.0,255.255.252.0,54004
269462,45.187.96.0,255.255.252.0,54004
271322,45.187.116.0,255.255.254.0,7018
269466,45.187.128.0,255.255.252.0,54004
263495,45.187.136.0,255.255.252.0,54004
269467,45.187.140.0,255.255.252.0,54004
266435,45.187.164.0,255.255.252.0,54004
269473,45.187.168.0,255.255.254.0,54004
269474,45.187.172.0,255.255.252.0,54004
269475,45.187.176.0,255.255.252.0,54004
269554,45.187.212.0,255.255.252.0,54004
269488,45.187.228.0,255.255.252.0,54004
266207,45.187.232.0,255.255.252.0,7018
263945,45.188.24.0,255.255.252.0,7018
269531,45.188.44.0,255.255.255.0,54004
269522,45.188.64.0,255.255.252.0,7018
269523,45.188.68.0,255.255.252.0,54004
269517,45.188.72.0,255.255.252.0,54004
269527,45.188.88.0,255.255.252.0,7018
269512,45.188.104.0,255.255.252.0,7018
53005,45.188.120.0,255.255.252.0,54004
265606,45.188.124.0,255.255.252.0,7018
52496,45.188.136.0,255.255.252.0,7018
269536,45.188.144.0,255.255.254.0,54004
265335,45.188.148.0,255.255.255.0,54004
61917,45.188.152.0,255.255.252.0,54004
269535,45.188.176.0,255.255.252.0,54004
269530,45.188.184.0,255.255.255.0,54004
52842,45.188.196.0,255.255.254.0,54004
269562,45.188.218.0,255.255.255.0,7018
264744,45.188.232.0,255.255.255.0,54004
269595,45.188.236.0,255.255.252.0,54004
269561,45.188.240.0,255.255.254.0,54004
269557,45.189.4.0,255.255.252.0,54004
269563,45.189.8.0,255.255.252.0,54004
269548,45.189.16.0,255.255.252.0,54004
269649,45.189.20.0,255.255.252.0,7018
269558,45.189.28.0,255.255.252.0,54004
269570,45.189.40.0,255.255.252.0,54004
266389,45.189.52.0,255.255.252.0,7018
269572,45.189.68.0,255.255.252.0,54004
269574,45.189.88.0,255.255.252.0,7018
264169,45.189.168.0,255.255.255.0,54004
264598,45.189.221.0,255.255.255.0,54004
269611,45.189.224.0,255.255.252.0,54004
269604,45.189.240.0,255.255.252.0,54004
269616,45.190.4.0,255.255.254.0,7018
269608,45.190.20.0,255.255.252.0,7018
269632,45.190.28.0,255.255.252.0,54004
52648,45.190.48.0,255.255.252.0,54004
269627,45.190.52.0,255.255.252.0,54004
265023,45.190.56.0,255.255.252.0,54004
269640,45.190.68.0,255.255.252.0,7018
269626,45.190.108.0,255.255.252.0,54004
28656,45.190.116.0,255.255.252.0,54004
269634,45.190.120.0,255.255.252.0,54004
269663,45.190.156.0,255.255.252.0,54004
269657,45.190.160.0,255.255.252.0,7018
269675,45.190.171.0,255.255.255.0,54004
269646,45.190.252.0,255.255.252.0,54004
269698,45.191.8.0,255.255.252.0,54004
269664,45.191.20.0,255.255.254.0,54004
269659,45.191.24.0,255.255.252.0,54004
269668,45.191.28.0,255.255.252.0,7018
269665,45.191.32.0,255.255.252.0,54004
269667,45.191.60.0,255.255.252.0,54004
269678,45.191.68.0,255.255.252.0,7018
265417,45.191.72.0,255.255.254.0,54004
264514,45.191.128.0,255.255.252.0,54004
269673,45.191.136.0,255.255.252.0,7018
269674,45.191.140.0,255.255.252.0,54004
269683,45.191.172.0,255.255.252.0,54004
269684,45.191.204.0,255.255.252.0,54004
269688,45.191.216.0,255.255.252.0,7018
270240,45.191.240.0,255.255.252.0,54004
269701,45.191.248.0,255.255.255.0,54004
132537,45.192.22.0,255.255.254.0,54004
328608,45.192.128.0,255.255.224.0,7018
139057,45.192.128.0,255.255.255.0,54004
52925,45.194.42.0,255.255.255.0,54004
137184,45.194.55.0,255.255.255.0,54004
54801,45.194.85.0,255.255.255.0,54004
137263,45.195.16.0,255.255.248.0,54004
18233,45.195.28.0,255.255.252.0,54004
132585,45.195.58.0,255.255.254.0,54004
139811,45.195.61.0,255.255.255.0,54004
51142,45.195.139.0,255.255.255.0,7018
26617,45.195.146.0,255.255.255.0,54004
39600,45.195.156.0,255.255.252.0,54004
137996,45.196.153.0,255.255.255.0,54004
152599,45.196.243.0,255.255.255.0,54004
150000,45.197.141.0,255.255.255.0,54004
134365,45.197.144.0,255.255.248.0,54004
153526,45.197.152.0,255.255.252.0,54004
141109,45.198.6.0,255.255.254.0,54004
132566,45.198.238.0,255.255.254.0,54004
140401,45.198.249.0,255.255.255.0,54004
140659,45.199.128.0,255.255.255.0,54004
139646,45.200.32.0,255.255.224.0,54004
131618,45.200.132.0,255.255.255.0,54004
142629,45.202.71.0,255.255.255.0,54004
133448,45.204.19.0,255.255.255.0,54004
137510,45.204.68.0,255.255.255.0,54004
327901,45.220.0.0,255.255.224.0,7018
328107,45.220.52.0,255.255.252.0,7018
328112,45.220.56.0,255.255.248.0,7018
327892,45.221.12.0,255.255.252.0,7018
328114,45.221.26.0,255.255.255.0,7018
328106,45.221.48.0,255.255.255.0,7018
37027,45.221.72.0,255.255.248.0,7018
138968,45.221.120.0,255.255.248.0,54004
327943,45.221.208.0,255.255.252.0,7018
37652,45.221.212.0,255.255.252.0,7018
327750,45.221.216.0,255.255.248.0,7018
327849,45.222.0.0,255.255.224.0,7018
328039,45.222.32.0,255.255.240.0,7018
37640,45.222.64.0,255.255.224.0,7018
328041,45.222.104.0,255.255.248.0,7018
328422,45.222.112.0,255.255.240.0,7018
267636,45.224.24.0,255.255.252.0,54004
267637,45.224.36.0,255.255.252.0,54004
267641,45.224.40.0,255.255.252.0,54004
52327,45.224.52.0,255.255.255.0,7018
267647,45.224.56.0,255.255.252.0,54004
267668,45.224.72.0,255.255.252.0,54004
271315,45.224.120.0,255.255.255.0,54004
266923,45.224.172.0,255.255.252.0,7018
267086,45.224.185.0,255.255.255.0,54004
267670,45.224.187.0,255.255.255.0,54004
267669,45.224.192.0,255.255.252.0,54004
267665,45.224.204.0,255.255.252.0,7018
267666,45.224.208.0,255.255.252.0,54004
61592,45.224.216.0,255.255.252.0,54004
267675,45.224.236.0,255.255.252.0,54004
266925,45.224.244.0,255.255.252.0,54004
266926,45.225.20.0,255.255.252.0,7018
266921,45.225.36.0,255.255.252.0,54004
271437,45.225.80.0,255.255.254.0,54004
266933,45.225.108.0,255.255.252.0,54004
266934,45.225.116.0,255.255.252.0,54004
266935,45.225.120.0,255.255.254.0,54004
266936,45.225.124.0,255.255.255.0,7018
266938,45.225.140.0,255.255.255.0,7018
266960,45.225.154.0,255.255.254.0,7018
266959,45.225.164.0,255.255.252.0,7018
266951,45.225.176.0,255.255.252.0,54004
265440,45.225.180.0,255.255.254.0,7018
37468,45.225.188.0,255.255.252.0,7018
266948,45.225.192.0,255.255.252.0,54004
265852,45.225.212.0,255.255.252.0,7018
266964,45.225.232.0,255.255.252.0,54004
270417,45.225.244.0,255.255.252.0,54004
266952,45.225.252.0,255.255.252.0,54004
267032,45.226.12.0,255.255.252.0,54004
266975,45.226.36.0,255.255.254.0,54004
266986,45.226.40.0,255.255.252.0,54004
266961,45.226.72.0,255.255.252.0,54004
266984,45.226.76.0,255.255.252.0,54004
266989,45.226.80.0,255.255.252.0,54004
266992,45.226.92.0,255.255.252.0,54004
267020,45.226.96.0,255.255.254.0,54004
267013,45.226.104.0,255.255.252.0,54004
28210,45.226.116.0,255.255.252.0,54004
266962,45.226.124.0,255.255.254.0,54004
266996,45.226.128.0,255.255.254.0,54004
263935,45.226.136.0,255.255.255.0,54004
266967,45.226.138.0,255.255.254.0,7018
266968,45.226.148.0,255.255.252.0,54004
266969,45.226.152.0,255.255.252.0,54004
64108,45.226.168.0,255.255.255.0,54004
52328,45.226.174.0,255.255.254.0,7018
265864,45.226.180.0,255.255.252.0,54004
266213,45.226.183.0,255.255.255.0,54004
266786,45.226.184.0,255.255.254.0,7018
61868,45.226.192.0,255.255.252.0,54004
263478,45.226.232.0,255.255.252.0,54004
267049,45.227.6.0,255.255.254.0,7018
267079,45.227.44.0,255.255.254.0,54004
267016,45.227.56.0,255.255.252.0,54004
271452,45.227.64.0,255.255.254.0,54004
267055,45.227.76.0,255.255.252.0,54004
273309,45.227.84.0,255.255.252.0,7018
267069,45.227.96.0,255.255.252.0,54004
267023,45.227.108.0,255.255.255.0,54004
267024,45.227.112.0,255.255.255.0,54004
267011,45.227.116.0,255.255.252.0,54004
53047,45.227.120.0,255.255.252.0,54004
271733,45.227.124.0,255.255.254.0,54004
267113,45.227.140.0,255.255.252.0,7018
267035,45.227.148.0,255.255.254.0,54004
267033,45.227.184.0,255.255.252.0,7018
263665,45.227.188.0,255.255.252.0,54004
267711,45.227.216.0,255.255.252.0,54004
271704,45.227.228.0,255.255.252.0,54004
267038,45.227.248.0,255.255.254.0,54004
267039,45.228.4.0,255.255.252.0,54004
52705,45.228.24.0,255.255.255.0,54004
267088,45.228.28.0,255.255.252.0,54004
267101,45.228.32.0,255.255.252.0,54004
262468,45.228.48.0,255.255.252.0,54004
266674,45.228.72.0,255.255.252.0,7018
266682,45.228.76.0,255.255.252.0,54004
267059,45.228.108.0,255.255.252.0,54004
267060,45.228.112.0,255.255.252.0,54004
267081,45.228.116.0,255.255.252.0,54004
267071,45.228.124.0,255.255.252.0,54004
266673,45.228.136.0,255.255.252.0,7018
267102,45.228.140.0,255.255.252.0,54004
267078,45.228.148.0,255.255.252.0,54004
267074,45.228.168.0,255.255.254.0,7018
267117,45.228.196.0,255.255.252.0,54004
267076,45.228.204.0,255.255.252.0,7018
267125,45.228.236.0,255.255.252.0,54004
267083,45.228.244.0,255.255.252.0,54004
267123,45.229.8.0,255.255.252.0,54004
23243,45.229.40.0,255.255.255.0,54004
267124,45.229.52.0,255.255.252.0,54004
266698,45.229.72.0,255.255.255.0,7018
267106,45.229.88.0,255.255.252.0,7018
267115,45.229.112.0,255.255.254.0,7018
267114,45.229.120.0,255.255.252.0,7018
266715,45.229.137.0,255.255.255.0,54004
266211,45.229.164.0,255.255.252.0,54004
52630,45.229.176.0,255.255.252.0,7018
266721,45.229.204.0,255.255.252.0,7018
28327,45.229.208.0,255.255.252.0,7018
267135,45.229.228.0,255.255.252.0,54004
267142,45.229.240.0,255.255.252.0,54004
64109,45.230.34.0,255.255.254.0,7018
271869,45.230.38.0,255.255.254.0,54004
267146,45.230.40.0,255.255.252.0,54004
267150,45.230.56.0,255.255.252.0,54004
266702,45.230.64.0,255.255.255.0,7018
267158,45.230.68.0,255.255.252.0,54004
266703,45.230.80.0,255.255.255.0,7018
267174,45.230.92.0,255.255.252.0,54004
267160,45.230.96.0,255.255.252.0,54004
61589,45.230.108.0,255.255.255.0,54004
263297,45.230.116.0,255.255.252.0,7018
267157,45.230.120.0,255.255.252.0,54004
267161,45.230.136.0,255.255.252.0,54004
267163,45.230.144.0,255.255.252.0,7018
267186,45.230.152.0,255.255.252.0,54004
267164,45.230.156.0,255.255.252.0,54004
267197,45.230.192.0,255.255.252.0,7018
266716,45.230.196.0,255.255.252.0,7018
267175,45.230.212.0,255.255.252.0,54004
267184,45.230.220.0,255.255.254.0,54004
267209,45.230.224.0,255.255.252.0,7018
267244,45.231.6.0,255.255.254.0,54004
267191,45.231.16.0,255.255.252.0,54004
267188,45.231.28.0,255.255.252.0,7018
265524,45.231.40.0,255.255.252.0,7018
28098,45.231.48.0,255.255.255.0,54004
263779,45.231.52.0,255.255.255.0,54004
267202,45.231.68.0,255.255.252.0,54004
267205,45.231.88.0,255.255.255.0,54004
267192,45.231.96.0,255.255.252.0,54004
267236,45.231.100.0,255.255.252.0,54004
267195,45.231.112.0,255.255.252.0,54004
267207,45.231.116.0,255.255.252.0,54004
267212,45.231.132.0,255.255.252.0,54004
267199,45.231.140.0,255.255.252.0,7018
267217,45.231.180.0,255.255.252.0,54004
267232,45.231.200.0,255.255.255.0,7018
267219,45.231.212.0,255.255.254.0,54004
266768,45.231.214.0,255.255.254.0,54004
266735,45.231.224.0,255.255.252.0,7018
267229,45.231.244.0,255.255.252.0,54004
267237,45.231.252.0,255.255.252.0,7018
267248,45.232.20.0,255.255.252.0,54004
267301,45.232.24.0,255.255.252.0,7018
52341,45.232.32.0,255.255.252.0,54004
267256,45.232.48.0,255.255.255.0,54004
267267,45.232.64.0,255.255.252.0,54004
267251,45.232.72.0,255.255.252.0,7018
267252,45.232.76.0,255.255.252.0,7018
271254,45.232.84.0,255.255.252.0,54004
266753,45.232.96.0,255.255.252.0,7018
11830,45.232.119.0,255.255.255.0,54004
267264,45.232.124.0,255.255.252.0,54004
267321,45.232.136.0,255.255.252.0,7018
267270,45.232.156.0,255.255.252.0,54004
266759,45.232.164.0,255.255.255.0,7018
267279,45.232.196.0,255.255.252.0,7018
263980,45.232.200.0,255.255.252.0,54004
61614,45.232.212.0,255.255.252.0,54004
267277,45.232.220.0,255.255.252.0,54004
267278,45.232.224.0,255.255.252.0,7018
265548,45.232.252.0,255.255.252.0,7018
267288,45.233.16.0,255.255.252.0,54004
267298,45.233.24.0,255.255.254.0,54004
267294,45.233.48.0,255.255.252.0,54004
267299,45.233.52.0,255.255.252.0,54004
267289,45.233.56.0,255.255.252.0,54004
22798,45.233.68.0,255.255.252.0,7018
268192,45.233.82.0,255.255.254.0,7018
267306,45.233.96.0,255.255.254.0,54004
267318,45.233.136.0,255.255.252.0,54004
267313,45.233.144.0,255.255.252.0,54004
267319,45.233.156.0,255.255.254.0,54004
267320,45.233.164.0,255.255.252.0,54004
267372,45.233.172.0,255.255.255.0,54004
267325,45.233.176.0,255.255.252.0,54004
267347,45.233.180.0,255.255.254.0,54004
267348,45.233.188.0,255.255.252.0,54004
267397,45.233.204.0,255.255.252.0,54004
274665,45.233.212.0,255.255.255.0,7018
267332,45.233.244.0,255.255.254.0,7018
53065,45.233.248.0,255.255.252.0,54004
267334,45.233.252.0,255.255.252.0,54004
267408,45.234.8.0,255.255.255.0,54004
264270,45.234.24.0,255.255.252.0,54004
266769,45.234.32.0,255.255.252.0,7018
28669,45.234.40.0,255.255.252.0,7018
267343,45.234.44.0,255.255.252.0,54004
267363,45.234.68.0,255.255.252.0,54004
267345,45.234.80.0,255.255.252.0,54004
267355,45.234.92.0,255.255.255.0,54004
267401,45.234.96.0,255.255.252.0,54004
267357,45.234.104.0,255.255.252.0,54004
266772,45.234.116.0,255.255.252.0,7018
266356,45.234.136.0,255.255.252.0,54004
267383,45.234.144.0,255.255.255.0,54004
267367,45.234.148.0,255.255.252.0,54004
22860,45.234.156.0,255.255.255.0,7018
266793,45.234.160.0,255.255.255.0,54004
267378,45.234.192.0,255.255.252.0,54004
267373,45.234.212.0,255.255.252.0,54004
267386,45.234.236.0,255.255.252.0,54004
267387,45.234.244.0,255.255.254.0,54004
267389,45.234.252.0,255.255.252.0,54004
267390,45.235.0.0,255.255.252.0,54004
267398,45.235.20.0,255.255.252.0,7018
267407,45.235.28.0,255.255.252.0,7018
267399,45.235.32.0,255.255.252.0,54004
266779,45.235.36.0,255.255.252.0,54004
268200,45.235.44.0,255.255.252.0,54004
267412,45.235.64.0,255.255.252.0,54004
268209,45.235.68.0,255.255.254.0,54004
52532,45.235.80.0,255.255.252.0,54004
264848,45.235.88.0,255.255.255.0,7018
268190,45.235.112.0,255.255.255.0,7018
268196,45.235.124.0,255.255.254.0,54004
268197,45.235.144.0,255.255.252.0,54004
268202,45.235.148.0,255.255.252.0,7018
267418,45.235.152.0,255.255.252.0,54004
267419,45.235.156.0,255.255.252.0,54004
61621,45.235.160.0,255.255.252.0,54004
268191,45.235.176.0,255.255.252.0,54004
268199,45.235.196.0,255.255.252.0,54004
268214,45.235.208.0,255.255.252.0,54004
268201,45.235.216.0,255.255.252.0,54004
265550,45.235.252.0,255.255.255.0,7018
268210,45.236.4.0,255.255.252.0,54004
272274,45.236.18.0,255.255.254.0,54004
268222,45.236.20.0,255.255.252.0,54004
268221,45.236.52.0,255.255.252.0,54004
268224,45.236.64.0,255.255.252.0,7018
61832,45.236.68.0,255.255.255.0,54004
271478,45.236.72.0,255.255.254.0,54004
268231,45.236.108.0,255.255.252.0,54004
268234,45.236.112.0,255.255.252.0,54004
268235,45.236.116.0,255.255.252.0,7018
262256,45.236.164.0,255.255.255.0,54004
263681,45.236.172.0,255.255.254.0,7018
266803,45.236.184.0,255.255.252.0,54004
268351,45.236.188.0,255.255.254.0,54004
268243,45.236.200.0,255.255.252.0,54004
268251,45.236.208.0,255.255.255.0,54004
268246,45.236.212.0,255.255.252.0,54004
268249,45.236.224.0,255.255.252.0,54004
268253,45.236.248.0,255.255.252.0,54004
268252,45.236.252.0,255.255.252.0,54004
268330,45.237.0.0,255.255.255.0,54004
52318,45.237.52.0,255.255.254.0,7018
61591,45.237.72.0,255.255.252.0,7018
268268,45.237.96.0,255.255.252.0,54004
268285,45.237.112.0,255.255.252.0,54004
268272,45.237.120.0,255.255.252.0,54004
265041,45.237.148.0,255.255.252.0,54004
268283,45.237.180.0,255.255.252.0,54004
268288,45.237.192.0,255.255.252.0,54004
268289,45.237.200.0,255.255.252.0,54004
268303,45.237.212.0,255.255.254.0,54004
268307,45.237.240.0,255.255.252.0,54004
268296,45.237.244.0,255.255.252.0,7018
266830,45.238.20.0,255.255.252.0,54004
268337,45.238.24.0,255.255.252.0,7018
268311,45.238.40.0,255.255.252.0,54004
268312,45.238.44.0,255.255.254.0,54004
268321,45.238.64.0,255.255.252.0,7018
268319,45.238.76.0,255.255.252.0,54004
268320,45.238.92.0,255.255.252.0,54004
52320,45.238.96.0,255.255.252.0,7018
53230,45.238.128.0,255.255.252.0,7018
262587,45.238.136.0,255.255.252.0,7018
266188,45.238.148.0,255.255.252.0,54004
266844,45.238.152.0,255.255.252.0,54004
265703,45.238.177.0,255.255.255.0,54004
266860,45.238.180.0,255.255.255.0,7018
268350,45.238.232.0,255.255.252.0,54004
268344,45.238.244.0,255.255.252.0,54004
268349,45.239.4.0,255.255.255.0,54004
268346,45.239.12.0,255.255.252.0,54004
268374,45.239.24.0,255.255.252.0,54004
266871,45.239.36.0,255.255.254.0,7018
268375,45.239.40.0,255.255.252.0,54004
268355,45.239.72.0,255.255.252.0,7018
268384,45.239.80.0,255.255.254.0,54004
61942,45.239.100.0,255.255.252.0,54004
14259,45.239.112.0,255.255.255.0,54004
268460,45.239.113.0,255.255.255.0,7018
266850,45.239.116.0,255.255.255.0,54004
266863,45.239.128.0,255.255.255.0,7018
268372,45.239.148.0,255.255.252.0,7018
268359,45.239.156.0,255.255.252.0,54004
268357,45.239.164.0,255.255.252.0,54004
273593,45.239.176.0,255.255.254.0,54004
268385,45.239.180.0,255.255.252.0,54004
268468,45.239.200.0,255.255.252.0,54004
61805,45.239.224.0,255.255.252.0,54004
268390,45.239.236.0,255.255.254.0,54004
137127,45.248.16.0,255.255.255.0,54004
134697,45.248.48.0,255.255.252.0,7018
136334,45.248.64.0,255.255.255.0,7018
9270,45.248.72.0,255.255.252.0,7018
134732,45.248.148.0,255.255.252.0,54004
149617,45.248.188.0,255.255.255.0,54004
135259,45.248.192.0,255.255.252.0,54004
140951,45.248.200.0,255.255.255.0,54004
17747,45.249.84.0,255.255.252.0,54004
134090,45.249.116.0,255.255.252.0,7018
137702,45.249.208.0,255.255.255.0,7018
140031,45.249.216.0,255.255.255.0,54004
152027,45.249.224.0,255.255.254.0,54004
35829,45.250.60.0,255.255.252.0,54004
135036,45.250.68.0,255.255.252.0,54004
146806,45.250.152.0,255.255.254.0,54004
135423,45.250.156.0,255.255.252.0,54004
135061,45.250.188.0,255.255.255.0,54004
133232,45.250.225.0,255.255.255.0,54004
55769,45.250.236.0,255.255.252.0,54004
135433,45.250.240.0,255.255.252.0,54004
135795,45.250.251.0,255.255.255.0,7018
38511,45.251.4.0,255.255.252.0,54004
135247,45.251.32.0,255.255.255.0,54004
134325,45.251.36.0,255.255.252.0,7018
55406,45.251.56.0,255.255.252.0,54004
135872,45.251.68.0,255.255.255.0,54004
131711,45.251.72.0,255.255.252.0,54004
135356,45.251.104.0,255.255.255.0,54004
135253,45.251.116.0,255.255.255.0,54004
151624,45.251.128.0,255.255.252.0,7018
59362,45.251.228.0,255.255.252.0,54004
135212,45.252.76.0,255.255.254.0,54004
13896,45.252.184.0,255.255.254.0,54004
63760,45.252.248.0,255.255.252.0,54004
17497,45.253.244.0,255.255.255.0,54004
139750,45.253.248.0,255.255.255.0,7018
152320,45.254.25.0,255.255.255.0,54004
135580,45.255.252.0,255.255.252.0,7018
49304,46.3.24.0,255.255.248.0,7018
60592,46.8.8.0,255.255.255.0,54004
204490,46.8.18.0,255.255.254.0,54004
204684,46.8.28.0,255.255.255.0,7018
208825,46.8.32.0,255.255.255.0,54004
39442,46.8.33.0,255.255.255.0,54004
202297,46.8.42.0,255.255.255.0,7018
43330,46.8.46.0,255.255.255.0,7018
205569,46.8.50.0,255.255.254.0,54004
207952,46.8.104.0,255.255.255.0,54004
211399,46.8.140.0,255.255.255.0,54004
204735,46.8.144.0,255.255.254.0,54004
201179,46.8.149.0,255.255.255.0,54004
212999,46.8.150.0,255.255.255.0,54004
49357,46.8.159.0,255.255.255.0,54004
212487,46.8.219.0,255.255.255.0,54004
203493,46.8.251.0,255.255.255.0,54004
205132,46.10.179.0,255.255.255.0,7018
15735,46.11.0.0,255.255.0.0,7018
1241,46.12.0.0,255.255.0.0,7018
12929,46.15.0.0,255.255.0.0,7018
51551,46.16.0.0,255.255.248.0,7018
197712,46.16.56.0,255.255.248.0,7018
52030,46.16.88.0,255.255.252.0,7018
51504,46.16.112.0,255.255.248.0,7018
44430,46.16.120.0,255.255.248.0,7018
51878,46.16.144.0,255.255.252.0,54004
50020,46.16.192.0,255.255.248.0,7018
207758,46.16.200.0,255.255.252.0,7018
44391,46.16.224.0,255.255.255.0,54004
44136,46.16.232.0,255.255.248.0,7018
20741,46.17.16.0,255.255.248.0,7018
51675,46.17.112.0,255.255.248.0,7018
51055,46.17.160.0,255.255.248.0,7018
49675,46.17.200.0,255.255.255.0,7018
59455,46.17.208.0,255.255.248.0,7018
214770,46.17.216.0,255.255.255.0,54004
8387,46.17.224.0,255.255.248.0,7018
44628,46.17.240.0,255.255.252.0,7018
47253,46.18.16.0,255.255.255.0,7018
51708,46.18.24.0,255.255.248.0,7018
203148,46.18.32.0,255.255.255.0,7018
34156,46.18.56.0,255.255.248.0,7018
35665,46.18.96.0,255.255.255.0,7018
60345,46.18.110.0,255.255.255.0,7018
196749,46.18.136.0,255.255.248.0,7018
35328,46.18.144.0,255.255.248.0,54004
6738,46.18.192.0,255.255.255.0,7018
48479,46.18.200.0,255.255.255.0,7018
51785,46.18.248.0,255.255.248.0,7018
58123,46.19.4.0,255.255.255.0,54004
51790,46.19.8.0,255.255.254.0,54004
43994,46.19.40.0,255.255.255.0,54004
8723,46.19.120.0,255.255.254.0,7018
39271,46.19.128.0,255.255.248.0,7018
25593,46.19.176.0,255.255.248.0,7018
39102,46.19.184.0,255.255.248.0,7018
2588,46.19.200.0,255.255.248.0,7018
51865,46.19.208.0,255.255.248.0,7018
201783,46.19.215.0,255.255.255.0,7018
29170,46.19.224.0,255.255.248.0,7018
20681,46.19.248.0,255.255.248.0,7018
28785,46.20.49.0,255.255.255.0,7018
49909,46.20.128.0,255.255.240.0,7018
204106,46.20.202.0,255.255.254.0,54004
8544,46.21.48.0,255.255.240.0,7018
35184,46.21.128.0,255.255.240.0,7018
42755,46.21.160.0,255.255.240.0,7018
39288,46.21.208.0,255.255.240.0,7018
39122,46.22.128.0,255.255.240.0,7018
42927,46.22.160.0,255.255.255.0,7018
197615,46.22.166.0,255.255.255.0,54004
208892,46.22.171.0,255.255.255.0,7018
49785,46.22.174.0,255.255.255.0,7018
29396,46.22.176.0,255.255.254.0,7018
24586,46.22.180.0,255.255.252.0,7018
211995,46.22.225.0,255.255.255.0,7018
42514,46.22.240.0,255.255.240.0,7018
197441,46.23.0.0,255.255.240.0,7018
24651,46.23.32.0,255.255.240.0,7018
60131,46.23.80.0,255.255.240.0,7018
49747,46.23.111.0,255.255.255.0,7018
60822,46.23.192.0,255.255.248.0,7018
215029,46.27.195.0,255.255.255.0,7018
51300,46.28.24.0,255.255.248.0,7018
16024,46.28.32.0,255.255.248.0,7018
35205,46.28.80.0,255.255.248.0,7018
47927,46.28.120.0,255.255.248.0,7018
51326,46.28.168.0,255.255.248.0,7018
42339,46.28.224.0,255.255.248.0,54004
12905,46.29.1.0,255.255.255.0,54004
197204,46.29.8.0,255.255.248.0,7018
197226,46.29.16.0,255.255.248.0,54004
29262,46.29.26.0,255.255.255.0,7018
29394,46.29.40.0,255.255.248.0,7018
197235,46.29.72.0,255.255.248.0,7018
34086,46.29.96.0,255.255.248.0,7018
6878,46.29.96.0,255.255.255.0,7018
199669,46.29.118.0,255.255.254.0,7018
62214,46.29.136.0,255.255.248.0,7018
51437,46.29.152.0,255.255.255.0,54004
20746,46.29.200.0,255.255.248.0,7018
51200,46.29.232.0,255.255.254.0,54004
35266,46.30.8.0,255.255.248.0,7018
20694,46.30.24.0,255.255.252.0,7018
43503,46.30.80.0,255.255.248.0,7018
51978,46.30.112.0,255.255.248.0,7018
196881,46.30.137.0,255.255.255.0,7018
43070,46.30.144.0,255.255.248.0,7018
25521,46.30.160.0,255.255.248.0,7018
39444,46.30.200.0,255.255.248.0,7018
47254,46.30.219.0,255.255.255.0,7018
51764,46.31.0.0,255.255.248.0,7018
198089,46.31.8.0,255.255.248.0,7018
29124,46.31.24.0,255.255.248.0,7018
44141,46.31.40.0,255.255.248.0,7018
197267,46.31.56.0,255.255.248.0,7018
208744,46.31.64.0,255.255.255.0,7018
207459,46.31.76.0,255.255.255.0,7018
51722,46.31.78.0,255.255.255.0,7018
196987,46.31.88.0,255.255.248.0,7018
25148,46.31.184.0,255.255.252.0,7018
48416,46.32.64.0,255.255.252.0,54004
204151,46.32.144.0,255.255.248.0,7018
205547,46.32.168.0,255.255.255.0,7018
209360,46.32.177.0,255.255.255.0,7018
211501,46.33.27.0,255.255.255.0,7018
31593,46.33.32.0,255.255.248.0,54004
44668,46.33.44.0,255.255.252.0,54004
702,46.34.64.0,255.255.224.0,7018
31430,46.34.144.0,255.255.254.0,7018
15599,46.34.152.0,255.255.255.0,7018
12931,46.35.48.0,255.255.240.0,7018
199226,46.35.96.0,255.255.240.0,7018
21230,46.35.160.0,255.255.255.0,7018
25206,46.35.170.0,255.255.255.0,7018
49101,46.36.32.0,255.255.224.0,7018
8932,46.36.124.0,255.255.252.0,7018
39824,46.36.128.0,255.255.254.0,54004
16178,46.36.160.0,255.255.224.0,7018
48854,46.36.204.0,255.255.252.0,7018
51918,46.37.32.0,255.255.224.0,7018
29449,46.37.224.0,255.255.224.0,7018
52201,46.38.48.0,255.255.248.0,7018
8752,46.38.96.0,255.255.224.0,54004
34837,46.38.129.0,255.255.255.0,7018
211162,46.38.134.0,255.255.255.0,7018
50821,46.39.96.0,255.255.224.0,7018
12824,46.41.128.0,255.255.192.0,7018
57363,46.42.186.0,255.255.255.0,54004
44347,46.43.192.0,255.255.192.0,7018
51515,46.45.0.0,255.255.252.0,7018
51484,46.45.64.0,255.255.192.0,7018
201091,46.45.116.0,255.255.255.0,7018
12683,46.45.192.0,255.255.192.0,7018
44724,46.46.0.0,255.255.252.0,7018
48045,46.46.64.0,255.255.192.0,7018
29470,46.46.128.0,255.255.224.0,7018
197298,46.47.0.0,255.255.192.0,54004
30764,46.47.128.0,255.255.192.0,7018
20632,46.47.192.0,255.255.192.0,7018
21487,46.48.128.0,255.255.240.0,7018
43987,46.49.132.0,255.255.255.0,7018
205820,46.53.196.0,255.255.255.0,7018
51582,46.55.128.0,255.255.192.0,7018
34841,46.55.208.0,255.255.248.0,7018
25106,46.56.40.0,255.255.248.0,7018
8437,46.57.0.0,255.255.128.0,7018
51784,46.63.0.0,255.255.192.0,54004
12297,46.71.0.0,255.255.0.0,7018
21246,46.99.0.0,255.255.0.0,7018
20912,46.102.96.0,255.255.252.0,7018
56885,46.102.109.0,255.255.255.0,7018
215234,46.102.118.0,255.255.254.0,7018
39756,46.102.248.0,255.255.255.0,7018
48881,46.102.254.0,255.255.255.0,7018
12578,46.109.0.0,255.255.0.0,7018
30600,46.110.0.0,255.255.0.0,7018
2854,46.111.0.0,255.255.0.0,7018
21283,46.122.0.0,255.254.0.0,7018
43733,46.130.0.0,255.255.0.0,7018
21395,46.134.192.0,255.255.224.0,7018
49524,46.141.0.0,255.255.128.0,7018
35491,46.148.64.0,255.255.240.0,7018
51175,46.148.80.0,255.255.240.0,7018
48940,46.148.96.0,255.255.240.0,54004
48659,46.148.144.0,255.255.240.0,7018
48000,46.148.248.0,255.255.254.0,7018
30922,46.148.252.0,255.255.255.0,7018
51973,46.149.32.0,255.255.240.0,54004
51993,46.149.48.0,255.255.254.0,54004
34814,46.149.80.0,255.255.240.0,54004
49830,46.149.101.0,255.255.255.0,54004
208059,46.149.109.0,255.255.255.0,54004
35598,46.149.110.0,255.255.255.0,54004
52092,46.149.112.0,255.255.240.0,7018
197503,46.149.144.0,255.255.240.0,7018
56911,46.149.168.0,255.255.252.0,7018
52195,46.149.208.0,255.255.240.0,7018
52175,46.149.224.0,255.255.240.0,7018
35575,46.149.240.0,255.255.240.0,7018
47513,46.150.0.0,255.255.224.0,54004
25229,46.150.64.0,255.255.255.0,7018
49106,46.150.160.0,255.255.224.0,54004
57213,46.151.72.0,255.255.248.0,7018
197418,46.151.112.0,255.255.248.0,7018
197437,46.151.136.0,255.255.248.0,7018
50473,46.151.152.0,255.255.248.0,54004
25504,46.151.160.0,255.255.248.0,7018
52079,46.151.184.0,255.255.248.0,7018
51975,46.151.208.0,255.255.252.0,54004
52009,46.151.216.0,255.255.248.0,7018
52043,46.151.240.0,255.255.248.0,7018
48117,46.151.248.0,255.255.248.0,54004
24881,46.162.0.0,255.255.192.0,54004
6856,46.164.192.0,255.255.192.0,7018
49218,46.165.0.0,255.255.192.0,7018
25454,46.166.0.0,255.255.192.0,7018
203536,46.167.8.0,255.255.248.0,7018
12693,46.167.32.0,255.255.248.0,7018
197023,46.172.0.0,255.255.192.0,7018
213624,46.172.39.0,255.255.255.0,54004
43110,46.172.64.0,255.255.255.0,54004
48422,46.172.67.0,255.255.255.0,54004
203980,46.172.76.0,255.255.255.0,54004
9177,46.172.96.0,255.255.240.0,7018
49125,46.172.128.0,255.255.224.0,54004
6752,46.172.224.0,255.255.224.0,7018
49120,46.173.32.0,255.255.224.0,54004
34743,46.173.128.0,255.255.224.0,54004
49183,46.173.160.0,255.255.255.0,54004
56364,46.173.208.0,255.255.255.0,7018
52101,46.174.0.0,255.255.248.0,7018
200524,46.174.8.0,255.255.254.0,54004
52110,46.174.24.0,255.255.248.0,7018
34573,46.174.40.0,255.255.248.0,7018
42832,46.174.72.0,255.255.248.0,7018
49325,46.174.112.0,255.255.248.0,7018
200449,46.174.140.0,255.255.255.0,54004
47388,46.174.144.0,255.255.255.0,7018
198430,46.174.168.0,255.255.248.0,54004
52142,46.174.176.0,255.255.248.0,7018
24700,46.174.188.0,255.255.255.0,7018
211938,46.174.210.0,255.255.255.0,7018
197113,46.174.224.0,255.255.248.0,7018
35562,46.174.240.0,255.255.248.0,7018
56326,46.174.248.0,255.255.248.0,7018
39574,46.175.2.0,255.255.254.0,54004
49821,46.175.12.0,255.255.255.0,7018
34251,46.175.16.0,255.255.248.0,54004
197460,46.175.24.0,255.255.248.0,54004
56347,46.175.64.0,255.255.240.0,54004
197345,46.175.104.0,255.255.248.0,7018
51426,46.175.112.0,255.255.248.0,7018
210937,46.175.133.0,255.255.255.0,7018
42905,46.175.184.0,255.255.248.0,54004
47562,46.175.192.0,255.255.248.0,7018
196739,46.175.208.0,255.255.240.0,54004
43171,46.175.224.0,255.255.240.0,7018
56386,46.175.243.0,255.255.255.0,54004
49327,46.175.247.0,255.255.255.0,54004
39927,46.180.0.0,255.254.0.0,7018
45050,46.182.40.0,255.255.248.0,7018
3910,46.182.56.0,255.255.248.0,7018
44600,46.182.80.0,255.255.252.0,7018
205368,46.182.172.0,255.255.254.0,7018
44735,46.182.184.0,255.255.248.0,7018
50309,46.182.192.0,255.255.248.0,7018
25220,46.182.248.0,255.255.248.0,7018
41357,46.183.8.0,255.255.248.0,7018
48426,46.183.49.0,255.255.255.0,7018
40824,46.183.145.0,255.255.255.0,7018
216235,46.183.167.0,255.255.255.0,54004
197453,46.183.176.0,255.255.248.0,7018
52048,46.183.216.0,255.255.248.0,7018
15693,46.183.248.0,255.255.248.0,54004
43118,46.187.128.0,255.255.128.0,7018
6660,46.190.145.0,255.255.255.0,54004
24955,46.191.128.0,255.255.252.0,54004
60095,46.191.156.0,255.255.252.0,54004
41704,46.191.184.0,255.255.248.0,54004
8434,46.194.0.0,255.254.0.0,7018
214480,46.202.82.0,255.255.254.0,7018
215294,46.203.77.0,255.255.255.0,54004
59962,46.209.32.0,255.255.255.0,7018
48161,46.214.0.0,255.255.248.0,7018
41557,46.217.240.0,255.255.248.0,7018
31148,46.219.1.0,255.255.255.0,54004
52176,46.226.18.0,255.255.254.0,7018
29169,46.226.108.0,255.255.252.0,7018
201706,46.226.122.0,255.255.255.0,7018
34863,46.226.128.0,255.255.248.0,7018
56588,46.226.136.0,255.255.248.0,7018
12835,46.226.200.0,255.255.248.0,7018
203750,46.226.225.0,255.255.255.0,7018
43142,46.227.16.0,255.255.248.0,7018
51155,46.227.36.0,255.255.254.0,54004
8280,46.227.56.0,255.255.248.0,7018
8819,46.227.104.0,255.255.248.0,7018
20963,46.227.112.0,255.255.248.0,7018
15844,46.227.128.0,255.255.248.0,7018
56329,46.227.144.0,255.255.248.0,7018
215182,46.227.160.0,255.255.254.0,7018
39904,46.227.168.0,255.255.248.0,7018
56349,46.227.176.0,255.255.248.0,7018
35168,46.227.186.0,255.255.255.0,54004
41495,46.227.200.0,255.255.248.0,7018
42760,46.227.224.0,255.255.248.0,7018
41833,46.227.248.0,255.255.248.0,7018
13110,46.228.80.0,255.255.240.0,7018
206926,46.228.112.0,255.255.240.0,54004
56396,46.228.160.0,255.255.240.0,7018
48326,46.228.208.0,255.255.240.0,54004
49798,46.228.222.0,255.255.255.0,54004
20902,46.229.0.0,255.255.240.0,7018
34056,46.229.48.0,255.255.252.0,54004
209825,46.229.56.0,255.255.255.0,54004
41009,46.229.63.0,255.255.255.0,7018
8711,46.229.64.0,255.255.252.0,7018
25549,46.229.68.0,255.255.255.0,7018
15694,46.229.144.0,255.255.240.0,7018
24723,46.229.158.0,255.255.254.0,7018
56376,46.231.32.0,255.255.248.0,7018
42612,46.231.120.0,255.255.248.0,54004
34999,46.231.152.0,255.255.248.0,7018
12775,46.231.164.0,255.255.252.0,7018
58325,46.231.167.0,255.255.255.0,7018
212641,46.231.226.0,255.255.255.0,7018
39361,46.231.227.0,255.255.255.0,7018
50576,46.231.228.0,255.255.255.0,54004
211882,46.231.240.0,255.255.254.0,7018
56391,46.232.128.0,255.255.248.0,7018
213260,46.232.144.0,255.255.248.0,7018
196922,46.232.184.0,255.255.248.0,7018
34442,46.232.192.0,255.255.248.0,7018
202257,46.232.212.0,255.255.252.0,7018
198720,46.232.238.0,255.255.254.0,54004
44299,46.232.252.0,255.255.252.0,7018
42431,46.233.0.0,255.255.224.0,7018
35228,46.233.64.0,255.255.192.0,7018
39636,46.233.128.0,255.255.192.0,7018
47165,46.233.192.0,255.255.192.0,7018
34288,46.234.32.0,255.255.224.0,7018
201183,46.235.9.0,255.255.255.0,7018
56403,46.235.16.0,255.255.252.0,7018
206934,46.235.32.0,255.255.255.0,7018
39337,46.235.52.0,255.255.254.0,54004
29684,46.235.88.0,255.255.248.0,7018
11158,46.235.109.0,255.255.255.0,54004
51483,46.235.112.0,255.255.248.0,7018
197589,46.235.136.0,255.255.248.0,7018
35457,46.235.208.0,255.255.248.0,54004
44684,46.235.224.0,255.255.248.0,7018
8820,46.236.218.0,255.255.254.0,7018
13118,46.237.0.0,255.255.192.0,7018
12958,46.237.40.0,255.255.252.0,7018
39374,46.237.44.0,255.255.252.0,7018
29009,46.237.128.0,255.255.192.0,7018
12618,46.238.192.0,255.255.224.0,7018
48789,46.238.212.0,255.255.252.0,7018
8326,46.239.128.0,255.255.240.0,7018
47440,46.243.2.0,255.255.255.0,54004
43541,46.243.48.0,255.255.255.0,7018
29686,46.243.73.0,255.255.255.0,7018
61109,46.243.104.0,255.255.248.0,7018
60058,46.243.171.0,255.255.255.0,54004
209974,46.243.180.0,255.255.255.0,7018
198044,46.243.253.0,255.255.255.0,54004
197580,46.245.136.0,255.255.248.0,7018
48848,46.245.168.0,255.255.248.0,7018
35518,46.245.184.0,255.255.248.0,7018
43957,46.245.200.0,255.255.248.0,7018
197701,46.245.232.0,255.255.255.0,7018
35773,46.245.237.0,255.255.255.0,7018
59550,46.245.238.0,255.255.255.0,7018
39545,46.247.0.0,255.255.224.0,7018
8445,46.247.192.0,255.255.224.0,7018
34779,46.248.64.0,255.255.224.0,7018
9153,46.248.96.0,255.255.224.0,7018
47544,46.248.160.0,255.255.224.0,54004
50009,46.249.16.0,255.255.240.0,7018
8462,46.249.128.0,255.255.224.0,7018
21332,46.250.32.0,255.255.252.0,7018
51218,46.250.128.0,255.255.252.0,7018
28824,46.250.192.0,255.255.224.0,7018
35432,46.251.96.0,255.255.224.0,7018
50223,46.251.192.0,255.255.224.0,54004
212804,46.252.0.0,255.255.255.0,7018
206774,46.252.1.0,255.255.255.0,7018
21183,46.252.32.0,255.255.240.0,7018
8779,46.252.208.0,255.255.240.0,54004
44814,46.253.8.0,255.255.255.0,7018
198228,46.253.9.0,255.255.255.0,7018
34624,46.253.16.0,255.255.240.0,7018
197558,46.253.48.0,255.255.240.0,7018
29551,46.253.112.0,255.255.240.0,7018
24889,46.253.176.0,255.255.240.0,7018
8468,46.254.0.0,255.255.248.0,7018
41034,46.254.28.0,255.255.255.0,7018
49895,46.254.72.0,255.255.252.0,7018
59607,46.254.77.0,255.255.255.0,7018
39125,46.254.94.0,255.255.255.0,54004
13170,46.254.96.0,255.255.248.0,7018
47480,46.254.112.0,255.255.248.0,7018
204779,46.254.212.0,255.255.252.0,7018
48149,46.254.216.0,255.255.248.0,54004
44267,46.254.246.0,255.255.254.0,7018
51341,46.255.25.0,255.255.255.0,7018
60943,46.255.31.0,255.255.255.0,7018
31203,46.255.64.0,255.255.252.0,54004
8943,46.255.72.0,255.255.248.0,7018
197156,46.255.88.0,255.255.248.0,54004
47394,46.255.144.0,255.255.248.0,7018
42774,46.255.208.0,255.255.248.0,7018
201502,46.255.240.0,255.255.255.0,7018
46183,47.19.26.0,255.255.255.0,7018
55052,47.19.51.0,255.255.255.0,7018
22271,47.19.86.0,255.255.255.0,54004
19642,47.19.95.0,255.255.255.0,7018
3408,47.19.103.0,255.255.255.0,7018
63378,47.19.156.0,255.255.255.0,7018
31774,47.19.157.0,255.255.255.0,7018
23069,47.19.216.0,255.255.255.0,7018
40264,47.45.16.0,255.255.255.0,54004
22974,47.45.54.0,255.255.255.0,54004
24249,49.0.16.0,255.255.248.0,7018
17995,49.0.24.0,255.255.254.0,54004
149359,49.0.26.0,255.255.255.0,54004
400318,49.0.56.0,255.255.255.0,54004
27882,49.0.188.0,255.255.255.0,54004
9858,49.8.0.0,255.255.255.0,54004
64049,49.45.4.0,255.255.255.0,54004
9930,49.50.12.0,255.255.255.0,7018
10049,49.50.32.0,255.255.224.0,54004
55470,49.50.64.0,255.255.192.0,54004
4818,49.124.0.0,255.254.0.0,7018
23780,49.128.24.0,255.255.248.0,7018
59268,49.128.64.0,255.255.255.0,7018
23822,49.128.100.0,255.255.252.0,7018
10135,49.128.112.0,255.255.240.0,54004
131745,49.128.184.0,255.255.255.0,54004
146834,49.128.223.0,255.255.255.0,54004
45475,49.143.228.0,255.255.255.0,54004
55879,49.143.252.0,255.255.255.0,7018
24251,49.156.4.0,255.255.252.0,7018
134630,49.156.20.0,255.255.255.0,54004
7679,49.156.192.0,255.255.192.0,7018
9658,49.157.0.0,255.255.224.0,54004
18209,49.204.158.0,255.255.255.0,7018
7497,49.210.0.0,255.254.0.0,54004
9371,49.212.0.0,255.255.0.0,7018
10098,49.213.0.0,255.255.248.0,54004
135744,49.213.36.0,255.255.255.0,7018
150142,49.213.52.0,255.255.255.0,54004
18206,49.236.192.0,255.255.255.0,7018
55668,49.236.216.0,255.255.255.0,54004
17948,49.236.224.0,255.255.252.0,7018
132618,49.237.0.0,255.255.254.0,54004
17878,49.238.192.0,255.255.224.0,7018
2497,49.239.64.0,255.255.192.0,7018
38735,49.246.128.0,255.255.192.0,54004
49532,50.2.36.0,255.255.252.0,7018
64227,50.20.196.0,255.255.252.0,54004
8100,50.20.200.0,255.255.255.0,54004
21949,50.21.16.0,255.255.248.0,54004
397005,50.21.104.0,255.255.248.0,7018
29909,50.21.160.0,255.255.240.0,7018
22645,50.21.240.0,255.255.240.0,7018
32244,50.28.0.0,255.255.192.0,54004
30688,50.30.16.0,255.255.240.0,7018
394195,50.30.19.0,255.255.255.0,54004
36295,50.30.48.0,255.255.240.0,7018
13694,50.30.64.0,255.255.240.0,7018
17293,50.30.80.0,255.255.252.0,54004
14749,50.30.112.0,255.255.252.0,7018
23473,50.30.128.0,255.255.255.0,7018
46811,50.31.16.0,255.255.252.0,7018
11377,50.31.32.0,255.255.240.0,7018
23352,50.31.128.0,255.255.128.0,54004
25773,50.31.132.0,255.255.255.0,54004
46672,50.58.240.0,255.255.255.0,7018
63483,50.59.82.0,255.255.255.0,7018
16391,50.59.118.0,255.255.254.0,7018
26709,50.59.133.0,255.255.255.0,54004
40464,50.59.213.0,255.255.255.0,7018
16770,50.74.83.0,255.255.255.0,54004
6407,50.93.160.0,255.255.240.0,7018
46262,50.93.208.0,255.255.240.0,7018
15165,50.115.144.0,255.255.254.0,7018
13329,50.115.147.0,255.255.255.0,7018
54048,50.115.192.0,255.255.240.0,7018
3663,50.116.128.0,255.255.192.0,7018
6336,50.116.236.0,255.255.252.0,7018
22573,50.117.208.0,255.255.240.0,7018
262239,50.118.230.0,255.255.254.0,7018
26650,50.121.151.0,255.255.255.0,7018
20214,50.150.146.0,255.255.255.0,7018
33489,50.200.193.0,255.255.255.0,7018
22909,50.201.4.0,255.255.255.0,7018
33657,50.201.252.0,255.255.255.0,7018
33668,50.202.125.0,255.255.255.0,7018
33650,50.202.174.0,255.255.255.0,7018
33667,50.203.5.0,255.255.255.0,7018
33660,50.204.89.0,255.255.255.0,7018
21508,50.204.101.0,255.255.255.0,7018
33490,50.204.255.0,255.255.255.0,7018
40831,50.216.106.0,255.255.255.0,7018
40382,50.217.178.0,255.255.255.0,54004
33661,50.218.97.0,255.255.255.0,7018
13367,50.220.92.0,255.255.255.0,7018
6254,50.224.126.0,255.255.254.0,7018
22258,50.225.146.0,255.255.255.0,7018
394621,50.227.99.0,255.255.255.0,54004
31929,50.235.175.0,255.255.255.0,54004
35962,50.235.243.0,255.255.255.0,7018
12876,51.15.0.0,255.255.0.0,7018
13037,51.148.0.0,255.255.0.0,7018
207310,51.149.2.0,255.255.255.0,7018
15796,51.154.0.0,255.255.0.0,7018
47973,51.163.160.0,255.255.224.0,7018
5466,51.171.0.0,255.255.0.0,7018
5482,51.179.192.0,255.255.192.0,7018
62943,52.119.36.0,255.255.252.0,54004
18616,52.119.64.0,255.255.224.0,7018
22768,52.119.97.0,255.255.255.0,54004
15164,52.119.108.0,255.255.255.0,7018
11589,52.124.4.0,255.255.252.0,7018
22772,52.124.58.0,255.255.255.0,7018
19324,52.128.16.0,255.255.255.0,54004
11320,52.129.112.0,255.255.248.0,54004
22911,52.144.40.0,255.255.252.0,7018
55039,52.144.56.0,255.255.254.0,54004
5602,52.144.64.0,255.255.224.0,7018
31399,53.0.0.0,255.0.0.0,7018
345,55.3.0.0,255.255.0.0,7018
306,55.10.0.0,255.255.0.0,7018
317,55.11.0.0,255.255.0.0,7018
346,55.13.0.0,255.255.0.0,7018
321,55.24.0.0,255.255.0.0,7018
329,55.78.221.0,255.255.255.0,7018
4004,57.66.70.0,255.255.255.0,7018
2647,57.68.10.0,255.255.255.0,7018
4862,57.72.49.0,255.255.255.0,54004
10282,57.87.82.0,255.255.255.0,7018
30029,57.138.0.0,255.255.0.0,7018
400662,57.138.1.0,255.255.255.0,7018
205080,57.188.4.0,255.255.255.0,54004
2510,58.1.0.0,255.255.128.0,7018
9812,58.24.0.0,255.254.0.0,54004
38264,58.27.128.0,255.255.255.0,54004
17435,58.28.0.0,255.255.0.0,54004
9871,58.29.186.0,255.255.255.0,54004
139203,58.42.2.0,255.255.255.0,7018
58540,58.56.9.0,255.255.255.0,7018
17444,58.64.128.0,255.255.128.0,54004
17645,58.65.0.0,255.255.224.0,7018
23777,58.65.32.0,255.255.224.0,7018
9694,58.65.64.0,255.255.192.0,54004
24535,58.65.240.0,255.255.252.0,54004
17511,58.70.0.0,255.255.0.0,7018
55423,58.82.128.0,255.255.248.0,54004
134718,58.82.186.0,255.255.255.0,54004
45629,58.82.191.0,255.255.255.0,54004
272432,58.84.12.0,255.255.254.0,54004
38182,58.84.16.0,255.255.252.0,7018
59249,58.84.33.0,255.255.255.0,54004
132588,58.84.48.0,255.255.255.0,54004
46976,58.84.58.0,255.255.254.0,54004
38172,58.84.216.0,255.255.252.0,54004
9601,58.84.240.0,255.255.248.0,7018
18042,58.86.0.0,255.255.0.0,7018
9595,58.98.0.0,255.255.0.0,7018
18302,58.102.29.0,255.255.255.0,54004
9416,58.114.0.0,255.254.0.0,7018
45800,58.137.217.0,255.255.255.0,54004
9689,58.145.0.0,255.255.128.0,54004
45166,58.145.227.0,255.255.255.0,54004
140928,58.146.128.0,255.255.240.0,54004
140929,58.146.144.0,255.255.248.0,54004
55330,58.147.156.0,255.255.255.0,54004
7671,58.147.192.0,255.255.224.0,7018
4670,58.180.0.0,255.255.0.0,54004
9848,58.180.7.0,255.255.255.0,54004
9842,58.180.188.0,255.255.255.0,54004
7693,58.181.128.0,255.255.128.0,54004
9950,58.184.0.0,255.255.0.0,54004
136958,58.254.129.0,255.255.255.0,54004
7560,59.1.40.0,255.255.255.0,54004
134773,59.37.0.0,255.255.254.0,54004
2764,59.100.0.0,255.254.0.0,7018
131596,59.102.128.0,255.255.192.0,7018
139820,59.103.32.0,255.255.255.0,54004
137910,59.103.48.0,255.255.255.0,54004
9919,59.104.111.0,255.255.255.0,7018
9730,59.144.97.0,255.255.255.0,7018
9457,59.150.0.0,255.255.248.0,7018
58945,59.152.14.0,255.255.255.0,7018
64078,59.152.44.0,255.255.252.0,7018
64098,59.153.8.0,255.255.252.0,7018
4049,59.153.20.0,255.255.252.0,54004
132901,59.153.26.0,255.255.254.0,54004
200434,59.153.36.0,255.255.252.0,7018
56293,59.153.84.0,255.255.252.0,7018
140825,59.153.216.0,255.255.255.0,54004
17813,59.176.0.0,255.255.0.0,7018
17583,59.186.42.0,255.255.255.0,7018
38280,59.191.192.0,255.255.240.0,54004
38749,59.191.224.0,255.255.248.0,7018
5580,59.191.240.0,255.255.240.0,7018
135596,60.198.152.0,255.255.255.0,54004
131634,60.199.50.0,255.255.255.0,54004
9790,60.234.0.0,255.255.0.0,54004
9676,60.245.0.0,255.255.192.0,54004
38144,60.253.96.0,255.255.255.0,54004
131322,61.4.64.0,255.255.255.0,54004
147040,61.4.108.0,255.255.255.0,54004
10094,61.6.192.0,255.255.192.0,7018
18150,61.7.0.0,255.255.128.0,7018
9931,61.7.192.0,255.255.192.0,7018
63134,61.8.176.0,255.255.240.0,7018
9908,61.10.0.0,255.255.0.0,54004
24218,61.11.208.0,255.255.240.0,7018
23856,61.13.192.0,255.255.192.0,54004
3300,61.14.0.0,255.255.192.0,54004
63731,61.14.236.0,255.255.252.0,54004
63501,61.14.248.0,255.255.255.0,54004
140577,61.16.24.0,255.255.252.0,7018
139883,61.16.51.0,255.255.255.0,54004
4651,61.19.0.0,255.255.255.0,7018
17978,61.28.192.0,255.255.255.0,54004
59127,61.44.128.0,255.255.224.0,7018
4765,61.47.1.0,255.255.255.0,54004
18183,61.56.0.0,255.255.240.0,54004
9244,61.56.64.0,255.255.240.0,54004
18422,61.61.240.0,255.255.240.0,54004
131644,61.67.121.0,255.255.255.0,7018
18081,61.86.0.0,255.255.0.0,7018
9952,61.100.0.0,255.255.240.0,54004
131866,61.100.40.0,255.255.248.0,54004
10160,61.106.0.0,255.255.255.0,54004
45361,61.107.150.0,255.255.255.0,54004
10002,61.114.64.0,255.255.240.0,7018
10003,61.114.80.0,255.255.240.0,7018
10006,61.114.176.0,255.255.240.0,7018
10015,61.114.224.0,255.255.240.0,7018
10019,61.115.240.0,255.255.240.0,7018
9997,61.120.128.0,255.255.240.0,7018
4723,61.122.64.0,255.255.224.0,7018
134420,61.128.171.0,255.255.255.0,7018
140330,61.154.226.0,255.255.255.0,54004
2915,61.195.32.0,255.255.252.0,7018
131943,61.195.40.0,255.255.252.0,7018
146969,61.195.44.0,255.255.252.0,7018
17685,61.195.48.0,255.255.240.0,7018
4913,61.200.83.144,255.255.255.240,54004
139358,61.200.87.0,255.255.255.0,54004
9365,61.206.224.0,255.255.240.0,7018
9621,61.210.64.0,255.255.224.0,7018
17675,61.211.160.0,255.255.240.0,54004
9394,61.233.0.0,255.255.224.0,54004
2713,61.245.96.0,255.255.248.0,7018
23786,61.245.192.0,255.255.240.0,7018
23700,61.247.0.0,255.255.192.0,54004
216425,61.251.186.0,255.255.255.0,54004
15596,62.3.26.0,255.255.255.0,54004
210506,62.3.38.0,255.255.255.0,7018
206170,62.3.44.0,255.255.255.0,7018
203421,62.3.52.0,255.255.255.0,7018
9112,62.3.160.0,255.255.224.0,7018
43940,62.4.32.0,255.255.224.0,7018
15933,62.8.32.0,255.255.224.0,7018
20676,62.8.128.0,255.255.128.0,7018
15498,62.13.192.0,255.255.248.0,7018
15640,62.16.32.0,255.255.224.0,7018
50272,62.24.32.0,255.255.224.0,7018
12455,62.24.96.0,255.255.224.0,7018
12312,62.26.0.0,255.254.0.0,7018
15525,62.28.0.0,255.255.0.0,7018
21232,62.32.0.0,255.255.224.0,7018
24753,62.32.32.0,255.255.255.0,54004
20965,62.40.96.0,255.255.224.0,7018
8339,62.40.128.0,255.255.128.0,7018
3308,62.44.128.0,255.255.192.0,7018
15435,62.45.0.0,255.255.0.0,54004
8271,62.48.0.0,255.255.224.0,7018
13284,62.48.32.0,255.255.224.0,7018
12620,62.48.96.0,255.255.224.0,7018
5378,62.49.0.0,255.255.0.0,7018
12374,62.50.96.0,255.255.224.0,7018
213462,62.50.140.0,255.255.252.0,7018
12491,62.56.128.0,255.255.255.0,54004
204528,62.56.156.0,255.255.255.0,54004
51263,62.56.176.0,255.255.240.0,7018
49572,62.60.0.0,255.255.128.0,7018
15611,62.60.136.0,255.255.255.0,7018
215633,62.60.141.0,255.255.255.0,54004
212036,62.60.143.0,255.255.255.0,7018
211904,62.60.163.0,255.255.255.0,7018
3218,62.61.16.0,255.255.240.0,7018
15516,62.61.128.0,255.255.224.0,7018
20985,62.63.64.0,255.255.252.0,7018
5518,62.63.128.0,255.255.248.0,7018
15517,62.65.128.0,255.255.224.0,7018
5578,62.65.160.0,255.255.224.0,7018
2586,62.65.192.0,255.255.192.0,7018
6735,62.68.0.0,255.255.224.0,7018
202309,62.68.70.0,255.255.255.0,54004
25098,62.68.73.0,255.255.255.0,54004
56833,62.68.192.0,255.255.224.0,7018
13227,62.69.0.0,255.255.224.0,7018
5587,62.69.64.0,255.255.192.0,7018
59766,62.69.128.0,255.255.248.0,7018
60849,62.72.165.0,255.255.255.0,7018
24751,62.72.224.0,255.255.224.0,7018
48851,62.73.169.40,255.255.255.248,54004
41164,62.73.252.0,255.255.255.0,7018
12713,62.75.1.0,255.255.255.0,7018
28891,62.76.13.0,255.255.255.0,7018
43832,62.76.62.0,255.255.255.0,7018
51054,62.76.64.0,255.255.248.0,54004
51408,62.76.74.0,255.255.254.0,54004
57512,62.76.79.0,255.255.255.0,54004
49963,62.76.92.0,255.255.254.0,54004
213853,62.76.98.0,255.255.255.0,54004
50157,62.76.121.0,255.255.255.0,7018
38928,62.76.137.0,255.255.255.0,54004
61382,62.76.156.0,255.255.255.0,7018
43634,62.76.159.0,255.255.255.0,7018
62379,62.76.166.0,255.255.255.0,54004
209367,62.76.194.0,255.255.254.0,7018
60347,62.76.200.0,255.255.254.0,54004
60544,62.76.205.0,255.255.255.0,54004
8985,62.76.209.0,255.255.255.0,7018
216366,62.76.225.0,255.255.255.0,7018
21416,62.76.253.0,255.255.255.0,7018
15566,62.77.128.0,255.255.252.0,7018
43608,62.77.132.0,255.255.252.0,7018
20845,62.77.196.0,255.255.252.0,7018
48858,62.78.80.0,255.255.240.0,7018
25386,62.80.160.0,255.255.224.0,54004
12597,62.80.192.0,255.255.224.0,7018
44927,62.84.104.0,255.255.248.0,54004
215638,62.84.169.0,255.255.255.0,7018
204271,62.89.193.0,255.255.255.0,7018
215106,62.89.216.0,255.255.255.0,7018
20686,62.91.0.0,255.255.0.0,7018
25468,62.93.32.0,255.255.224.0,7018
25447,62.93.64.0,255.255.224.0,7018
20756,62.93.195.0,255.255.255.0,54004
9165,62.97.128.0,255.255.224.0,7018
8542,62.97.192.0,255.255.192.0,7018
49289,62.100.74.0,255.255.255.0,7018
12488,62.100.204.0,255.255.252.0,54004
25466,62.101.52.0,255.255.252.0,7018
51815,62.102.148.0,255.255.254.0,7018
197650,62.102.152.0,255.255.248.0,7018
25474,62.105.32.0,255.255.248.0,7018
8607,62.105.160.0,255.255.224.0,7018
8829,62.106.0.0,255.255.224.0,7018
21500,62.106.68.0,255.255.255.0,54004
30962,62.108.32.0,255.255.240.0,7018
8831,62.108.64.0,255.255.255.0,7018
214247,62.108.88.0,255.255.255.0,7018
6700,62.108.96.0,255.255.224.0,7018
6623,62.108.128.0,255.255.255.0,7018
28797,62.108.184.0,255.255.248.0,7018
51132,62.108.192.0,255.255.240.0,7018
13157,62.112.32.0,255.255.224.0,7018
59642,62.112.144.0,255.255.240.0,7018
29311,62.112.224.0,255.255.224.0,7018
209024,62.113.64.0,255.255.255.0,7018
60490,62.113.66.0,255.255.255.0,7018
41535,62.113.80.0,255.255.252.0,7018
49352,62.113.93.0,255.255.255.0,54004
205952,62.113.95.0,255.255.255.0,54004
48282,62.113.112.0,255.255.255.0,54004
48943,62.116.5.0,255.255.255.0,7018
15456,62.116.128.0,255.255.224.0,7018
16117,62.116.224.0,255.255.224.0,7018
212199,62.117.85.0,255.255.255.0,54004
15541,62.121.128.0,255.255.255.0,7018
25435,62.121.192.0,255.255.255.0,7018
29422,62.122.28.0,255.255.255.0,7018
35701,62.122.36.0,255.255.252.0,7018
47530,62.122.48.0,255.255.248.0,7018
34786,62.122.56.0,255.255.255.0,54004
42504,62.122.64.0,255.255.248.0,54004
24703,62.122.71.0,255.255.255.0,7018
8764,62.122.76.0,255.255.252.0,7018
56373,62.122.120.0,255.255.248.0,7018
49290,62.122.232.0,255.255.248.0,7018
20942,62.128.64.0,255.255.240.0,7018
3327,62.128.100.0,255.255.252.0,7018
12440,62.128.160.0,255.255.224.0,7018
212097,62.133.36.0,255.255.255.0,7018
28788,62.133.192.0,255.255.192.0,7018
43009,62.140.31.0,255.255.255.0,54004
28917,62.140.224.0,255.255.224.0,7018
31103,62.141.48.0,255.255.248.0,7018
200596,62.146.248.0,255.255.255.0,54004
211316,62.146.253.0,255.255.255.0,54004
12322,62.147.0.0,255.255.0.0,7018
9155,62.150.0.0,255.255.0.0,54004
2134,62.164.11.0,255.255.255.0,7018
207841,62.164.141.0,255.255.255.0,7018
213922,62.164.156.0,255.255.255.0,54004
205892,62.164.172.0,255.255.252.0,7018
30094,62.164.182.0,255.255.255.0,54004
28745,62.165.32.0,255.255.255.0,7018
20626,62.168.128.0,255.255.224.0,7018
31055,62.168.192.0,255.255.224.0,7018
6786,62.169.4.0,255.255.255.0,7018
214554,62.169.144.0,255.255.252.0,7018
8821,62.171.0.0,255.255.128.0,7018
5503,62.171.192.0,255.255.224.0,7018
34300,62.173.128.0,255.255.224.0,54004
39719,62.177.16.0,255.255.248.0,7018
21244,62.181.0.0,255.255.224.0,7018
28968,62.181.34.0,255.255.254.0,54004
61121,62.181.50.0,255.255.254.0,54004
200083,62.182.16.0,255.255.248.0,7018
202253,62.182.44.0,255.255.255.0,7018
196638,62.182.64.0,255.255.248.0,54004
25408,62.182.89.0,255.255.255.0,7018
197605,62.182.104.0,255.255.248.0,7018
50625,62.182.144.0,255.255.248.0,7018
51277,62.182.208.0,255.255.248.0,7018
13000,62.182.224.0,255.255.248.0,7018
25490,62.183.0.0,255.255.224.0,7018
42548,62.183.76.0,255.255.252.0,7018
39775,62.192.32.0,255.255.224.0,7018
29748,62.192.185.0,255.255.255.0,7018
40107,62.192.186.0,255.255.255.0,54004
5618,62.193.3.0,255.255.255.0,7018
207790,62.197.0.0,255.255.240.0,7018
12392,62.197.64.0,255.255.192.0,7018
31349,62.201.16.0,255.255.240.0,7018
44217,62.201.193.0,255.255.255.0,7018
41887,62.204.64.0,255.255.224.0,7018
12886,62.204.160.0,255.255.224.0,7018
44747,62.205.0.0,255.255.224.0,7018
31452,62.209.0.0,255.255.224.0,7018
34718,62.209.128.0,255.255.224.0,54004
34797,62.212.32.0,255.255.224.0,7018
29071,62.213.32.0,255.255.255.0,7018
21050,62.215.0.0,255.255.0.0,54004
43852,62.215.221.0,255.255.255.0,54004
25560,62.216.160.0,255.255.224.0,7018
21341,62.220.96.0,255.255.248.0,7018
6893,62.220.128.0,255.255.224.0,7018
39432,62.220.149.0,255.255.255.0,54004
12883,62.221.32.0,255.255.224.0,54004
6703,62.221.32.0,255.255.254.0,54004
12329,62.221.232.0,255.255.248.0,7018
203598,62.228.240.0,255.255.255.0,7018
25441,62.231.32.0,255.255.224.0,7018
9166,62.233.0.0,255.255.240.0,7018
47122,62.233.46.0,255.255.255.0,54004
203877,62.240.0.0,255.255.255.0,7018
43976,62.241.24.0,255.255.255.0,7018
3254,62.244.0.0,255.255.192.0,54004
3330,62.249.64.0,255.255.192.0,7018
3371,63.39.0.0,255.255.0.0,7018
3372,63.39.160.0,255.255.240.0,7018
22394,63.40.0.0,255.248.0.0,7018
32805,63.67.145.0,255.255.255.0,7018
54646,63.67.238.0,255.255.255.0,7018
28502,63.70.72.0,255.255.254.0,7018
14669,63.70.80.0,255.255.240.0,7018
18943,63.75.31.0,255.255.255.0,7018
6303,63.78.242.0,255.255.255.0,7018
10695,63.79.89.0,255.255.255.0,7018
30004,63.83.202.0,255.255.255.0,7018
54519,63.84.9.0,255.255.255.0,54004
13462,63.84.220.0,255.255.252.0,7018
30462,63.85.88.0,255.255.252.0,7018
10361,63.88.3.0,255.255.255.0,54004
14135,63.93.193.0,255.255.255.0,54004
6503,63.96.221.0,255.255.255.0,7018
14313,63.100.51.0,255.255.255.0,54004
3855,63.115.0.0,255.255.240.0,7018
23402,63.116.147.0,255.255.255.0,7018
25936,63.116.198.0,255.255.254.0,7018
40527,63.116.201.0,255.255.255.0,7018
19587,63.118.81.0,255.255.255.0,7018
19670,63.118.175.0,255.255.255.0,7018
6620,63.119.38.0,255.255.254.0,7018
31877,63.120.127.0,255.255.255.0,7018
12087,63.124.140.0,255.255.255.0,7018
21547,63.127.192.0,255.255.248.0,7018
14492,63.131.128.0,255.255.224.0,7018
14140,63.131.160.0,255.255.255.0,7018
40414,63.131.240.0,255.255.240.0,7018
400212,63.133.216.0,255.255.252.0,54004
3580,63.133.224.0,255.255.240.0,7018
32709,63.134.128.0,255.255.192.0,54004
10430,63.135.32.0,255.255.240.0,54004
13370,63.135.48.0,255.255.240.0,54004
19151,63.135.64.0,255.255.255.0,7018
23342,63.135.65.0,255.255.255.0,7018
11090,63.135.66.0,255.255.254.0,54004
19331,63.135.176.0,255.255.240.0,7018
22549,63.135.224.0,255.255.240.0,7018
10396,63.135.240.0,255.255.240.0,7018
15224,63.140.40.0,255.255.252.0,54004
33554,63.142.160.0,255.255.240.0,7018
22608,63.142.192.0,255.255.255.0,54004
13728,63.143.16.0,255.255.240.0,7018
40786,63.143.64.0,255.255.192.0,7018
35900,63.143.76.0,255.255.255.0,7018
396304,63.143.86.0,255.255.255.0,7018
17385,63.147.40.0,255.255.254.0,7018
13994,63.147.92.0,255.255.252.0,54004
47095,63.149.18.0,255.255.255.0,7018
33543,63.149.88.0,255.255.255.0,7018
17143,63.150.214.0,255.255.254.0,54004
400317,63.160.134.0,255.255.255.0,54004
12133,63.162.80.0,255.255.240.0,7018
27696,63.164.108.0,255.255.252.0,7018
32254,63.166.12.0,255.255.255.0,7018
18632,63.166.164.0,255.255.254.0,7018
36549,63.167.208.0,255.255.240.0,7018
18593,63.167.228.0,255.255.255.0,7018
23175,63.169.120.0,255.255.248.0,54004
6062,63.171.66.0,255.255.255.0,7018
11280,63.172.84.0,255.255.254.0,7018
5033,63.204.233.0,255.255.255.0,54004
11525,63.208.139.0,255.255.255.0,7018
27553,63.208.160.0,255.255.252.0,7018
16559,63.210.48.0,255.255.248.0,7018
32035,63.211.201.0,255.255.255.0,54004
41041,63.215.202.0,255.255.255.0,7018
23875,63.216.59.0,255.255.255.0,7018
10082,63.217.82.0,255.255.255.0,54004
17984,63.222.165.0,255.255.255.0,54004
26326,63.226.42.0,255.255.255.0,7018
33274,63.232.197.0,255.255.255.0,54004
55044,63.238.128.0,255.255.252.0,54004
3573,63.240.184.0,255.255.248.0,54004
14745,63.241.252.0,255.255.255.0,54004
52286,63.245.18.0,255.255.255.0,7018
18678,63.245.96.0,255.255.255.0,7018
52233,63.245.108.0,255.255.254.0,7018
8014,63.245.112.0,255.255.240.0,7018
42,63.246.32.0,255.255.255.0,54004
10352,63.247.32.0,255.255.240.0,7018
11042,63.247.64.0,255.255.248.0,7018
7226,63.247.79.0,255.255.255.0,54004
36667,63.247.166.0,255.255.255.0,7018
15319,63.247.189.0,255.255.255.0,7018
17306,63.248.254.0,255.255.254.0,7018
19518,63.249.0.0,255.255.224.0,7018
14978,63.249.48.0,255.255.255.0,7018
12180,63.250.0.0,255.255.254.0,54004
21570,63.250.96.0,255.255.240.0,7018
14744,63.251.0.0,255.255.240.0,54004
13789,63.251.16.0,255.255.240.0,54004
14743,63.251.48.0,255.255.240.0,54004
24247,63.251.110.0,255.255.254.0,54004
14742,63.251.128.0,255.255.240.0,54004
27382,63.251.136.0,255.255.252.0,7018
10912,63.251.145.0,255.255.255.0,54004
13790,63.251.176.0,255.255.240.0,54004
5693,63.251.206.0,255.255.255.0,54004
25899,63.251.229.0,255.255.255.0,54004
53610,63.252.228.0,255.255.252.0,54004
2828,64.0.0.0,255.252.0.0,7018
11758,64.3.212.0,255.255.254.0,7018
7122,64.4.64.0,255.255.224.0,7018
4927,64.4.128.0,255.255.224.0,7018
17012,64.4.240.0,255.255.248.0,7018
32867,64.5.64.0,255.255.240.0,54004
33680,64.5.81.0,255.255.255.0,54004
11403,64.5.122.0,255.255.255.0,7018
11221,64.5.128.0,255.255.240.0,7018
46231,64.5.160.0,255.255.224.0,7018
14363,64.6.0.0,255.255.240.0,54004
23274,64.6.16.0,255.255.255.0,7018
11840,64.6.67.0,255.255.255.0,7018
7342,64.6.69.0,255.255.255.0,54004
26134,64.6.80.0,255.255.255.0,7018
19237,64.6.96.0,255.255.240.0,7018
19504,64.6.112.0,255.255.240.0,7018
19783,64.6.208.0,255.255.240.0,54004
15042,64.7.96.0,255.255.240.0,7018
11647,64.7.128.0,255.255.224.0,7018
13549,64.7.160.0,255.255.224.0,54004
1998,64.8.128.0,255.255.192.0,54004
15209,64.9.38.0,255.255.255.0,7018
32477,64.9.192.0,255.255.240.0,54004
11115,64.9.194.0,255.255.255.0,54004
9328,64.15.32.0,255.255.240.0,54004
43515,64.15.112.0,255.255.240.0,54004
6653,64.17.16.0,255.255.240.0,54004
5738,64.17.96.0,255.255.224.0,7018
19406,64.17.224.0,255.255.248.0,7018
19453,64.17.230.0,255.255.255.0,7018
29930,64.17.248.0,255.255.248.0,7018
2830,64.18.16.0,255.255.240.0,54004
19616,64.18.32.0,255.255.240.0,7018
23498,64.18.69.0,255.255.255.0,54004
19830,64.18.96.0,255.255.224.0,7018
19515,64.18.160.0,255.255.224.0,7018
40523,64.18.240.0,255.255.240.0,7018
16863,64.20.16.0,255.255.240.0,7018
27506,64.20.160.0,255.255.224.0,7018
19653,64.20.192.0,255.255.240.0,7018
394177,64.20.216.0,255.255.252.0,7018
8001,64.21.0.0,255.255.128.0,7018
14090,64.21.224.0,255.255.252.0,54004
12042,64.21.232.0,255.255.248.0,54004
22302,64.22.32.0,255.255.224.0,7018
21737,64.22.224.0,255.255.224.0,54004
33549,64.25.108.0,255.255.254.0,54004
31785,64.25.112.0,255.255.240.0,7018
21947,64.25.128.0,255.255.240.0,54004
26271,64.25.192.0,255.255.240.0,7018
16384,64.25.221.0,255.255.255.0,7018
6189,64.26.64.0,255.255.192.0,7018
29988,64.26.128.0,255.255.252.0,54004
25843,64.27.39.0,255.255.255.0,7018
16399,64.27.128.0,255.255.224.0,7018
12067,64.27.224.0,255.255.240.0,54004
53907,64.27.248.0,255.255.254.0,7018
393227,64.28.44.0,255.255.252.0,7018
33470,64.28.232.0,255.255.252.0,7018
11563,64.29.64.0,255.255.224.0,54004
15149,64.29.188.0,255.255.252.0,54004
14051,64.30.96.0,255.255.224.0,7018
11123,64.30.192.0,255.255.224.0,7018
16617,64.31.64.0,255.255.224.0,54004
6400,64.32.64.0,255.255.192.0,7018
24255,64.33.0.0,255.255.192.0,7018
34694,64.34.16.0,255.255.252.0,7018
20340,64.34.45.0,255.255.255.0,54004
36086,64.34.60.0,255.255.255.0,54004
35947,64.34.242.0,255.255.255.0,54004
11618,64.37.36.0,255.255.255.0,7018
18568,64.38.118.0,255.255.254.0,7018
2152,64.39.112.0,255.255.240.0,7018
16700,64.39.128.0,255.255.224.0,7018
53703,64.39.192.0,255.255.224.0,54004
6428,64.39.239.0,255.255.255.0,54004
22702,64.40.32.0,255.255.255.0,7018
22561,64.40.72.0,255.255.254.0,7018
14280,64.40.96.0,255.255.224.0,7018
15035,64.40.160.0,255.255.255.0,7018
32453,64.40.240.0,255.255.240.0,54004
557,64.45.64.0,255.255.192.0,7018
11696,64.45.160.0,255.255.255.0,7018
19855,64.47.0.0,255.255.0.0,54004
399772,64.49.29.0,255.255.255.0,7018
40160,64.52.5.0,255.255.255.0,54004
263444,64.52.14.0,255.255.255.0,54004
14615,64.53.22.0,255.255.255.0,7018
10279,64.53.36.0,255.255.255.0,7018
18671,64.53.59.0,255.255.255.0,7018
36843,64.56.80.0,255.255.254.0,7018
14131,64.56.96.0,255.255.224.0,7018
22457,64.56.132.0,255.255.254.0,54004
11537,64.57.16.0,255.255.240.0,7018
29831,64.57.48.0,255.255.240.0,54004
26727,64.57.160.0,255.255.255.0,7018
396106,64.57.192.0,255.255.254.0,7018
1403,64.58.32.0,255.255.240.0,7018
27589,64.59.64.0,255.255.192.0,54004
14440,64.61.197.0,255.255.255.0,54004
55262,64.62.137.0,255.255.255.0,7018
57,64.62.149.0,255.255.255.0,54004
53813,64.62.169.0,255.255.255.0,54004
15188,64.62.175.0,255.255.255.0,7018
13414,64.63.0.0,255.255.192.0,7018
63065,64.65.56.0,255.255.252.0,7018
18875,64.66.16.0,255.255.240.0,54004
29968,64.66.112.0,255.255.240.0,7018
53913,64.66.192.0,255.255.224.0,7018
394911,64.66.244.0,255.255.252.0,54004
27539,64.68.0.0,255.255.252.0,54004
30167,64.68.210.0,255.255.255.0,7018
399589,64.69.219.0,255.255.255.0,54004
25751,64.70.54.0,255.255.255.0,7018
32400,64.70.192.0,255.255.224.0,7018
33544,64.71.0.0,255.255.224.0,7018
1970,64.71.80.0,255.255.240.0,7018
63186,64.71.172.0,255.255.255.0,7018
11745,64.72.0.0,255.255.224.0,7018
27501,64.72.96.0,255.255.240.0,7018
396905,64.72.160.0,255.255.240.0,7018
3599,64.73.0.0,255.255.128.0,54004
55003,64.74.54.0,255.255.255.0,54004
23463,64.74.56.0,255.255.255.0,7018
29949,64.74.69.0,255.255.255.0,54004
19024,64.74.96.0,255.255.240.0,54004
12178,64.74.144.0,255.255.240.0,54004
36149,64.75.128.0,255.255.128.0,7018
28085,64.76.87.224,255.255.255.224,7018
262257,64.76.196.0,255.255.255.0,7018
27258,64.77.222.0,255.255.254.0,7018
16406,64.78.0.0,255.255.192.0,7018
19689,64.78.240.0,255.255.240.0,7018
393713,64.79.48.0,255.255.240.0,54004
53264,64.79.96.0,255.255.248.0,7018
26666,64.81.183.0,255.255.255.0,54004
40702,64.83.240.0,255.255.240.0,7018
19893,64.84.5.0,255.255.255.0,7018
25878,64.84.40.0,255.255.254.0,54004
10594,64.85.8.0,255.255.248.0,54004
11233,64.85.28.0,255.255.252.0,54004
21723,64.85.32.0,255.255.224.0,54004
19435,64.85.176.0,255.255.255.0,7018
18563,64.86.140.0,255.255.254.0,54004
11961,64.89.208.0,255.255.240.0,7018
29979,64.89.240.0,255.255.240.0,7018
26347,64.90.32.0,255.255.224.0,7018
393474,64.90.128.0,255.255.255.0,54004
21782,64.90.144.0,255.255.240.0,7018
27216,64.90.208.0,255.255.255.0,54004
6300,64.92.0.0,255.255.224.0,7018
33059,64.92.66.0,255.255.254.0,7018
21777,64.92.96.0,255.255.224.0,7018
11059,64.93.16.0,255.255.255.0,7018
393446,64.93.21.0,255.255.255.0,54004
11855,64.94.88.0,255.255.252.0,54004
53589,64.95.196.0,255.255.254.0,7018
32133,64.96.64.0,255.255.240.0,54004
22070,64.99.224.0,255.255.240.0,54004
6325,64.107.0.0,255.255.0.0,7018
60725,64.110.51.0,255.255.255.0,54004
803,64.110.192.0,255.255.192.0,54004
21686,64.111.176.0,255.255.240.0,7018
399203,64.112.108.0,255.255.252.0,7018
1226,64.112.128.0,255.255.224.0,7018
19605,64.112.190.0,255.255.255.0,7018
5078,64.112.240.0,255.255.240.0,54004
4213,64.113.24.0,255.255.254.0,7018
15154,64.113.32.0,255.255.240.0,54004
53292,64.113.48.0,255.255.255.0,54004
2698,64.113.64.0,255.255.224.0,54004
46491,64.113.176.0,255.255.248.0,7018
30635,64.113.240.0,255.255.240.0,7018
14551,64.116.0.0,255.254.0.0,7018
33392,64.117.46.0,255.255.255.0,7018
25637,64.118.0.0,255.255.240.0,7018
33284,64.118.48.0,255.255.255.0,7018
18948,64.118.208.0,255.255.240.0,54004
23465,64.122.37.0,255.255.255.0,7018
30419,64.125.96.0,255.255.255.0,7018
33481,64.125.160.0,255.255.248.0,7018
23138,64.126.128.0,255.255.192.0,54004
36813,64.127.80.0,255.255.240.0,54004
399331,64.127.132.0,255.255.252.0,54004
23481,64.127.200.0,255.255.252.0,7018
134469,64.127.224.0,255.255.224.0,7018
19233,64.128.14.0,255.255.255.0,7018
40244,64.128.116.0,255.255.254.0,7018
23136,64.130.208.0,255.255.240.0,54004
15250,64.131.16.0,255.255.240.0,7018
33745,64.132.136.0,255.255.254.0,54004
33395,64.132.199.0,255.255.255.0,7018
13645,64.135.0.0,255.255.128.0,7018
8855,64.135.208.0,255.255.255.0,7018
6536,64.135.224.0,255.255.224.0,7018
22079,64.136.108.0,255.255.252.0,54004
22775,64.138.143.0,255.255.255.0,54004
21565,64.138.192.0,255.255.255.0,7018
32415,64.139.128.0,255.255.255.0,7018
11915,64.140.24.0,255.255.248.0,7018
55943,64.140.144.0,255.255.240.0,7018
53359,64.141.5.0,255.255.255.0,7018
26554,64.141.128.0,255.255.192.0,7018
46253,64.145.73.0,255.255.255.0,7018
27373,64.146.172.0,255.255.255.0,54004
32020,64.147.80.0,255.255.240.0,7018
27446,64.147.208.0,255.255.240.0,7018
23404,64.178.176.0,255.255.255.0,54004
40020,64.178.224.0,255.255.254.0,7018
30119,64.178.242.0,255.255.255.0,7018
55230,64.184.120.0,255.255.248.0,7018
40284,64.184.232.0,255.255.254.0,54004
23265,64.185.96.0,255.255.224.0,54004
30524,64.185.240.0,255.255.248.0,7018
53766,64.186.24.0,255.255.254.0,54004
54483,64.186.160.0,255.255.254.0,7018
14317,64.186.192.0,255.255.240.0,54004
198095,64.187.108.0,255.255.255.0,7018
36817,64.187.210.0,255.255.254.0,54004
2381,64.189.15.0,255.255.255.0,7018
1767,64.189.120.0,255.255.252.0,7018
395597,64.189.140.0,255.255.255.0,7018
64238,64.191.0.0,255.255.254.0,7018
20298,64.191.4.0,255.255.252.0,54004
54661,64.191.12.0,255.255.255.0,7018
394749,64.191.192.0,255.255.255.0,54004
14609,64.191.195.0,255.255.255.0,54004
12085,64.191.210.0,255.255.255.0,54004
54588,64.191.211.0,255.255.255.0,54004
14244,64.191.212.0,255.255.255.0,7018
29884,64.191.214.0,255.255.255.0,54004
19930,64.191.215.0,255.255.255.0,54004
33606,64.193.224.0,255.255.255.0,7018
21541,64.194.64.0,255.255.248.0,7018
25660,64.198.221.0,255.255.255.0,7018
393238,64.199.254.0,255.255.254.0,7018
22747,64.200.32.0,255.255.248.0,7018
30041,64.201.96.0,255.255.255.0,7018
20161,64.201.160.0,255.255.224.0,7018
25817,64.203.96.0,255.255.240.0,7018
26329,64.207.192.0,255.255.255.0,54004
45178,64.207.208.0,255.255.255.0,54004
62856,64.207.216.0,255.255.252.0,54004
22581,64.208.21.0,255.255.255.0,7018
6404,64.209.89.0,255.255.255.0,54004
393275,64.211.219.128,255.255.255.128,7018
18809,64.213.56.0,255.255.248.0,7018
3512,64.214.127.128,255.255.255.224,7018
13672,64.222.133.0,255.255.255.0,7018
26277,64.235.33.0,255.255.255.0,54004
25769,64.235.64.0,255.255.224.0,54004
15024,64.235.96.0,255.255.240.0,7018
7314,64.237.100.0,255.255.255.0,7018
10674,64.238.160.0,255.255.224.0,7018
140766,64.239.24.0,255.255.252.0,54004
31662,64.239.60.0,255.255.255.0,7018
11062,64.239.63.0,255.255.255.0,7018
14453,64.239.124.0,255.255.254.0,54004
32592,64.239.202.0,255.255.255.0,7018
43139,64.240.77.0,255.255.255.0,54004
25694,64.244.48.0,255.255.240.0,54004
55043,64.244.193.0,255.255.255.0,54004
53939,64.246.160.0,255.255.224.0,54004
18725,64.250.17.0,255.255.255.0,54004
33130,64.250.80.0,255.255.240.0,54004
23367,64.250.112.0,255.255.240.0,7018
11650,64.250.192.0,255.255.224.0,7018
46996,64.251.32.0,255.255.248.0,7018
11584,64.251.40.0,255.255.248.0,7018
4364,64.253.96.0,255.255.224.0,7018
19171,64.253.128.0,255.255.224.0,54004
18486,64.254.103.0,255.255.255.0,7018
19806,64.254.119.0,255.255.255.0,7018
395662,64.255.160.0,255.255.224.0,54004
14371,65.18.204.0,255.255.252.0,54004
8057,65.19.224.0,255.255.224.0,7018
12041,65.22.0.0,255.255.255.0,54004
13657,65.22.14.0,255.255.255.0,7018
20021,65.36.128.0,255.255.128.0,7018
54527,65.38.40.0,255.255.255.0,54004
52423,65.38.100.0,255.255.255.0,54004
50075,65.38.180.0,255.255.255.0,7018
27005,65.39.96.0,255.255.224.0,7018
30432,65.48.64.0,255.255.240.0,7018
46650,65.48.134.0,255.255.254.0,7018
11139,65.48.144.0,255.255.255.0,7018
60154,65.49.26.0,255.255.255.0,7018
14397,65.49.128.0,255.255.254.0,7018
25914,65.49.152.0,255.255.248.0,7018
22379,65.49.240.0,255.255.252.0,54004
6596,65.50.199.0,255.255.255.0,7018
30367,65.51.10.0,255.255.255.0,7018
35880,65.51.66.0,255.255.255.0,7018
1632,65.51.95.0,255.255.255.0,7018
46904,65.51.203.0,255.255.255.0,7018
22345,65.51.251.0,255.255.255.0,7018
40443,65.59.112.0,255.255.255.0,7018
21730,65.61.64.0,255.255.224.0,7018
17018,65.74.128.0,255.255.192.0,7018
11067,65.79.192.0,255.255.224.0,7018
7784,65.79.224.0,255.255.240.0,7018
40080,65.87.10.0,255.255.255.0,7018
6621,65.88.96.0,255.255.240.0,54004
25653,65.98.0.0,255.255.128.0,7018
4307,65.111.224.0,255.255.248.0,54004
1742,65.112.0.0,255.255.240.0,7018
46849,65.116.14.0,255.255.254.0,7018
15238,65.117.201.0,255.255.255.0,7018
2707,65.127.100.0,255.255.254.0,7018
6223,65.144.124.0,255.255.255.0,7018
11708,65.164.172.0,255.255.252.0,54004
209341,65.181.113.0,255.255.255.0,7018
262197,65.182.12.0,255.255.255.0,7018
20238,65.182.112.0,255.255.240.0,7018
29709,65.182.119.0,255.255.255.0,7018
30689,65.183.0.0,255.255.240.0,7018
15267,65.183.224.0,255.255.224.0,7018
40321,65.198.73.0,255.255.255.0,7018
4451,65.198.87.0,255.255.255.0,7018
27781,65.198.230.0,255.255.255.0,7018
32982,65.199.24.0,255.255.255.0,54004
39960,65.204.48.0,255.255.255.0,54004
32551,65.206.83.0,255.255.255.0,7018
1294,65.207.122.0,255.255.255.0,54004
11081,65.208.122.0,255.255.254.0,7018
23097,65.209.112.0,255.255.255.0,54004
26355,65.212.129.0,255.255.255.0,7018
40901,65.215.116.0,255.255.255.0,7018
30280,65.242.130.0,255.255.255.0,7018
3783,65.254.20.0,255.255.255.0,7018
2552,65.254.96.0,255.255.224.0,7018
22299,65.254.160.0,255.255.255.0,7018
54579,65.255.130.0,255.255.255.0,7018
22663,66.6.200.0,255.255.248.0,54004
3657,66.7.96.0,255.255.255.0,54004
33480,66.7.148.0,255.255.255.0,54004
23260,66.9.32.0,255.255.248.0,54004
6368,66.11.96.0,255.255.240.0,7018
11817,66.11.128.0,255.255.255.0,7018
23227,66.11.133.0,255.255.255.0,7018
32160,66.11.232.0,255.255.248.0,7018
26860,66.17.96.0,255.255.224.0,54004
22572,66.18.64.0,255.255.240.0,7018
11711,66.18.160.0,255.255.240.0,7018
32808,66.29.160.0,255.255.224.0,7018
400940,66.33.22.0,255.255.254.0,7018
36593,66.33.99.0,255.255.255.0,7018
35847,66.33.104.0,255.255.248.0,7018
7270,66.33.128.0,255.255.224.0,54004
2734,66.35.64.0,255.255.254.0,7018
262415,66.35.66.0,255.255.255.0,54004
46328,66.36.96.0,255.255.252.0,54004
33635,66.36.112.0,255.255.240.0,54004
14361,66.36.226.0,255.255.254.0,7018
13333,66.37.48.0,255.255.240.0,7018
27008,66.39.160.0,255.255.224.0,7018
30059,66.42.206.0,255.255.255.0,7018
5056,66.43.192.0,255.255.192.0,54004
53347,66.43.202.0,255.255.255.0,54004
14477,66.44.225.0,255.255.255.0,7018
15290,66.46.20.0,255.255.255.0,7018
1248,66.54.64.0,255.255.224.0,7018
13771,66.54.120.0,255.255.252.0,7018
46401,66.54.132.0,255.255.255.0,54004
5760,66.55.192.0,255.255.224.0,7018
398044,66.59.200.0,255.255.255.0,7018
11766,66.60.64.0,255.255.240.0,7018
22442,66.60.224.0,255.255.254.0,7018
19092,66.62.0.0,255.255.0.0,7018
10947,66.62.70.0,255.255.254.0,7018
21632,66.62.89.0,255.255.255.0,7018
11215,66.64.0.0,255.255.192.0,7018
45187,66.70.1.0,255.255.255.0,54004
3999,66.71.0.0,255.255.128.0,54004
22093,66.73.24.0,255.255.254.0,54004
53791,66.78.96.0,255.255.224.0,7018
11666,66.79.224.0,255.255.248.0,7018
6267,66.80.99.0,255.255.255.0,7018
44965,66.81.220.0,255.255.255.0,7018
40627,66.81.240.0,255.255.240.0,54004
14586,66.85.14.0,255.255.255.0,7018
32751,66.85.15.0,255.255.255.0,7018
62537,66.85.48.0,255.255.252.0,7018
18683,66.85.63.0,255.255.255.0,7018
40501,66.85.88.0,255.255.255.0,54004
63318,66.85.252.0,255.255.254.0,7018
14288,66.90.0.0,255.255.252.0,7018
11749,66.90.17.0,255.255.255.0,7018
272524,66.92.4.0,255.255.254.0,7018
32923,66.94.48.0,255.255.255.0,7018
13337,66.96.0.0,255.255.240.0,54004
30528,66.96.16.0,255.255.240.0,54004
46208,66.96.96.0,255.255.240.0,54004
132132,66.96.222.0,255.255.255.0,54004
133798,66.96.240.0,255.255.240.0,54004
26677,66.97.16.0,255.255.240.0,7018
33125,66.97.96.0,255.255.240.0,54004
26794,66.97.224.0,255.255.224.0,54004
19149,66.98.104.0,255.255.248.0,7018
397803,66.102.48.0,255.255.240.0,7018
36678,66.102.241.0,255.255.255.0,54004
16557,66.103.128.0,255.255.224.0,7018
13487,66.103.154.0,255.255.255.0,54004
15221,66.113.0.0,255.255.224.0,7018
23308,66.113.64.0,255.255.224.0,7018
30170,66.113.96.0,255.255.240.0,54004
26894,66.114.0.0,255.255.224.0,7018
5742,66.116.0.0,255.255.192.0,7018
19920,66.117.53.0,255.255.255.0,54004
10692,66.117.160.0,255.255.224.0,7018
955,66.118.228.0,255.255.252.0,54004
30455,66.118.246.0,255.255.255.0,7018
22364,66.119.64.0,255.255.252.0,7018
263783,66.119.93.0,255.255.255.0,54004
30336,66.119.128.0,255.255.240.0,7018
7819,66.128.48.0,255.255.240.0,7018
54665,66.128.128.0,255.255.240.0,7018
23550,66.129.160.0,255.255.255.0,7018
18897,66.135.64.0,255.255.248.0,54004
29900,66.146.240.0,255.255.240.0,7018
23535,66.147.224.0,255.255.240.0,7018
22771,66.150.78.0,255.255.255.0,54004
32522,66.154.128.0,255.255.128.0,54004
16532,66.158.128.0,255.255.224.0,7018
12028,66.159.48.0,255.255.240.0,7018
55053,66.159.108.0,255.255.252.0,7018
401199,66.163.223.0,255.255.255.0,7018
6597,66.163.224.0,255.255.224.0,7018
3853,66.165.0.0,255.255.224.0,54004
6295,66.165.32.0,255.255.252.0,7018
4150,66.170.0.0,255.255.224.0,7018
13819,66.170.32.0,255.255.224.0,7018
33666,66.170.177.0,255.255.255.0,7018
35,66.170.224.0,255.255.248.0,7018
17310,66.171.80.0,255.255.240.0,7018
9505,66.171.112.0,255.255.248.0,7018
16582,66.171.144.0,255.255.248.0,7018
7296,66.171.240.0,255.255.255.0,7018
26785,66.175.192.0,255.255.240.0,7018
36012,66.178.160.0,255.255.240.0,7018
16880,66.180.80.0,255.255.240.0,54004
14325,66.181.224.0,255.255.240.0,7018
6082,66.182.128.0,255.255.252.0,7018
1288,66.185.119.0,255.255.255.0,54004
2559,66.185.176.0,255.255.240.0,54004
22639,66.186.204.0,255.255.255.0,7018
30071,66.186.206.0,255.255.255.0,7018
11402,66.187.160.0,255.255.240.0,7018
46860,66.187.160.0,255.255.248.0,7018
19881,66.192.13.0,255.255.255.0,7018
32268,66.192.14.0,255.255.255.0,7018
18898,66.193.40.0,255.255.255.128,7018
54201,66.193.99.64,255.255.255.224,7018
46381,66.193.237.0,255.255.255.0,7018
29921,66.195.39.0,255.255.255.0,7018
396040,66.196.32.0,255.255.240.0,54004
13765,66.196.48.0,255.255.240.0,54004
4136,66.197.115.0,255.255.255.0,7018
394968,66.197.117.0,255.255.255.0,7018
11767,66.197.119.0,255.255.255.0,7018
22320,66.203.16.0,255.255.240.0,7018
12247,66.203.32.0,255.255.224.0,7018
205809,66.203.126.0,255.255.254.0,7018
13614,66.205.192.0,255.255.240.0,7018
30255,66.205.235.0,255.255.255.0,7018
62935,66.205.244.0,255.255.254.0,7018
394280,66.205.248.0,255.255.254.0,7018
33734,66.207.0.0,255.255.224.0,54004
399946,66.207.62.0,255.255.255.0,54004
19261,66.207.128.0,255.255.240.0,7018
14408,66.207.144.0,255.255.255.0,7018
63306,66.207.190.0,255.255.255.0,7018
22925,66.208.0.0,255.255.192.0,7018
16857,66.208.96.0,255.255.255.0,7018
5006,66.208.189.0,255.255.255.0,54004
7106,66.209.128.0,255.255.240.0,7018
394708,66.209.134.0,255.255.254.0,7018
3714,66.209.160.0,255.255.240.0,7018
30264,66.211.16.0,255.255.240.0,7018
10367,66.211.128.0,255.255.240.0,7018
62913,66.212.60.0,255.255.254.0,7018
21525,66.212.64.0,255.255.240.0,7018
4208,66.213.160.0,255.255.240.0,7018
33003,66.213.176.0,255.255.240.0,7018
62605,66.219.167.0,255.255.255.0,7018
17356,66.220.224.0,255.255.224.0,7018
54549,66.223.104.0,255.255.254.0,7018
14116,66.226.80.0,255.255.248.0,54004
12033,66.226.96.0,255.255.224.0,7018
23031,66.231.64.0,255.255.252.0,54004
36374,66.234.112.0,255.255.240.0,54004
62246,66.235.104.0,255.255.255.0,54004
215470,66.235.110.0,255.255.255.0,54004
26978,66.235.224.0,255.255.224.0,7018
10439,66.240.192.0,255.255.192.0,7018
25649,66.242.160.0,255.255.240.0,7018
18596,66.242.192.0,255.255.224.0,7018
32524,66.244.128.0,255.255.240.0,7018
63290,66.245.176.0,255.255.252.0,7018
33218,66.245.184.0,255.255.248.0,7018
968,66.248.234.0,255.255.255.0,54004
27228,66.248.254.0,255.255.255.0,7018
33582,66.249.156.0,255.255.255.0,7018
198335,66.250.23.0,255.255.255.0,7018
394611,66.251.240.0,255.255.240.0,7018
20080,67.17.206.0,255.255.255.0,7018
32806,67.21.16.0,255.255.240.0,7018
11084,67.21.96.0,255.255.240.0,54004
35998,67.21.152.0,255.255.252.0,54004
11019,67.22.53.0,255.255.255.0,7018
40473,67.22.80.0,255.255.240.0,54004
36731,67.22.120.0,255.255.248.0,54004
40015,67.23.96.0,255.255.224.0,54004
20009,67.23.144.0,255.255.240.0,7018
36687,67.23.192.0,255.255.240.0,7018
33359,67.43.80.0,255.255.255.0,7018
27630,67.43.160.0,255.255.240.0,7018
394883,67.43.208.0,255.255.240.0,54004
19717,67.50.119.0,255.255.255.0,7018
32397,67.51.253.0,255.255.255.0,54004
20273,67.55.134.0,255.255.255.0,54004
399559,67.55.135.0,255.255.255.0,54004
54374,67.55.151.0,255.255.255.0,54004
46892,67.55.220.0,255.255.255.0,54004
46506,67.58.77.0,255.255.255.0,7018
54523,67.59.86.0,255.255.254.0,7018
22667,67.59.192.0,255.255.240.0,7018
200184,67.63.57.0,255.255.255.0,7018
394453,67.72.50.0,255.255.255.0,54004
1410,67.132.2.0,255.255.255.0,7018
13596,67.135.246.0,255.255.255.0,7018
46175,67.158.240.0,255.255.240.0,7018
17222,67.159.224.0,255.255.224.0,54004
46293,67.199.192.0,255.255.240.0,7018
19554,67.202.160.0,255.255.240.0,54004
7752,67.206.178.0,255.255.255.0,54004
14939,67.206.179.0,255.255.255.0,7018
393891,67.206.186.0,255.255.255.0,54004
11481,67.207.0.0,255.255.224.0,7018
33749,67.209.0.0,255.255.224.0,7018
23158,67.209.56.0,255.255.248.0,7018
401703,67.210.96.0,255.255.255.0,54004
40028,67.213.64.0,255.255.224.0,7018
10278,67.213.147.0,255.255.255.0,7018
20081,67.213.160.0,255.255.255.0,7018
398233,67.214.119.0,255.255.255.0,54004
4459,67.214.150.0,255.255.254.0,7018
36692,67.215.64.0,255.255.255.0,54004
18895,67.215.96.0,255.255.248.0,7018
395471,67.215.101.0,255.255.255.0,7018
26878,67.216.20.0,255.255.252.0,7018
46786,67.216.90.0,255.255.255.0,7018
29944,67.217.160.0,255.255.224.0,54004
30110,67.218.64.0,255.255.240.0,54004
15123,67.218.212.0,255.255.255.0,7018
54455,67.219.144.0,255.255.254.0,7018
36591,67.219.176.0,255.255.252.0,7018
399494,67.220.34.0,255.255.255.0,7018
33333,67.220.64.0,255.255.224.0,7018
40317,67.221.128.0,255.255.240.0,7018
8038,67.221.240.0,255.255.255.0,54004
15562,67.221.245.0,255.255.255.0,54004
30277,67.222.128.0,255.255.224.0,54004
54119,67.222.164.0,255.255.255.0,54004
62715,67.222.252.0,255.255.255.0,54004
30176,67.223.96.0,255.255.240.0,7018
15321,67.223.128.0,255.255.240.0,7018
21803,67.223.160.0,255.255.255.0,54004
394102,67.226.208.0,255.255.255.0,7018
12130,67.231.0.0,255.255.240.0,54004
13498,67.231.80.0,255.255.255.0,7018
46454,68.64.72.0,255.255.254.0,7018
46749,68.65.160.0,255.255.240.0,7018
11013,68.68.16.0,255.255.240.0,7018
21808,68.68.116.0,255.255.255.0,7018
149522,68.69.120.0,255.255.252.0,54004
29974,68.69.128.0,255.255.224.0,7018
30174,68.70.32.0,255.255.248.0,7018
20388,68.70.123.0,255.255.255.0,7018
8134,68.70.128.0,255.255.240.0,54004
14500,68.70.144.0,255.255.252.0,54004
53486,68.71.0.0,255.255.224.0,7018
13324,68.90.68.0,255.255.254.0,7018
22438,68.168.0.0,255.255.240.0,7018
53306,68.169.224.0,255.255.240.0,7018
47870,68.170.20.0,255.255.255.0,7018
26744,68.170.240.0,255.255.240.0,7018
13654,68.171.16.0,255.255.255.0,7018
22878,68.171.208.0,255.255.240.0,54004
46093,68.208.127.0,255.255.255.0,7018
22987,68.209.128.0,255.255.128.0,7018
11990,68.233.41.0,255.255.255.0,7018
12154,68.233.128.0,255.255.248.0,7018
16825,68.234.37.0,255.255.255.0,7018
32625,68.251.204.0,255.255.255.0,7018
25961,69.1.111.0,255.255.255.0,54004
64228,69.1.148.0,255.255.255.0,7018
20355,69.2.32.0,255.255.224.0,7018
21981,69.2.160.0,255.255.240.0,7018
46742,69.5.75.0,255.255.255.0,7018
18516,69.5.96.0,255.255.240.0,7018
53423,69.5.192.0,255.255.224.0,7018
30663,69.5.224.0,255.255.240.0,7018
131926,69.6.64.0,255.255.240.0,7018
26792,69.7.32.0,255.255.224.0,54004
18618,69.7.82.0,255.255.255.0,7018
21766,69.8.160.0,255.255.240.0,7018
20394,69.10.192.0,255.255.240.0,54004
30028,69.12.32.0,255.255.252.0,54004
63179,69.12.56.0,255.255.248.0,7018
1968,69.16.0.0,255.255.128.0,7018
1929,69.16.44.0,255.255.254.0,7018
11269,69.17.192.0,255.255.224.0,7018
40475,69.22.175.0,255.255.255.0,7018
26410,69.24.32.0,255.255.240.0,7018
31841,69.24.224.0,255.255.240.0,7018
28110,69.25.4.0,255.255.255.0,54004
46108,69.26.36.0,255.255.255.0,54004
35953,69.26.49.0,255.255.255.0,7018
7268,69.28.0.0,255.255.224.0,54004
6423,69.30.0.0,255.255.192.0,54004
208259,69.33.182.0,255.255.254.0,7018
393950,69.36.0.0,255.255.240.0,7018
33353,69.36.129.0,255.255.255.0,54004
30263,69.36.192.0,255.255.240.0,54004
19197,69.41.35.0,255.255.255.0,54004
29953,69.41.192.0,255.255.240.0,7018
21992,69.42.176.0,255.255.240.0,7018
32432,69.43.64.0,255.255.255.0,7018
30362,69.43.224.0,255.255.240.0,54004
16260,69.43.240.0,255.255.254.0,54004
26209,69.44.136.0,255.255.254.0,7018
32323,69.46.115.0,255.255.255.0,54004
26328,69.49.192.0,255.255.255.0,7018
32391,69.49.208.0,255.255.240.0,7018
14007,69.50.160.0,255.255.224.0,54004
21709,69.54.32.0,255.255.240.0,7018
10302,69.55.160.0,255.255.240.0,7018
30072,69.55.192.0,255.255.240.0,7018
11038,69.57.164.0,255.255.252.0,54004
199404,69.57.172.0,255.255.255.0,54004
54434,69.57.176.0,255.255.248.0,7018
401307,69.58.54.0,255.255.254.0,54004
3601,69.59.0.0,255.255.255.0,54004
13868,69.59.192.0,255.255.224.0,7018
4261,69.64.0.0,255.255.240.0,7018
40948,69.64.115.0,255.255.255.0,54004
13745,69.67.67.0,255.255.255.0,54004
32363,69.71.0.0,255.255.255.0,54004
25625,69.71.128.0,255.255.248.0,54004
46446,69.71.192.0,255.255.240.0,7018
27552,69.72.24.0,255.255.252.0,7018
63343,69.72.56.0,255.255.252.0,7018
40165,69.72.78.0,255.255.255.0,7018
51713,69.72.248.0,255.255.255.0,7018
26454,69.74.24.0,255.255.255.0,7018
39981,69.74.25.0,255.255.255.0,7018
16590,69.74.90.0,255.255.255.0,7018
19961,69.74.91.0,255.255.255.0,7018
40002,69.74.144.0,255.255.255.0,7018
18458,69.74.186.0,255.255.255.0,7018
40163,69.74.216.0,255.255.255.0,7018
30416,69.74.254.0,255.255.255.0,7018
2495,69.77.0.0,255.255.128.0,54004
264821,69.79.26.0,255.255.255.0,7018
20257,69.80.80.0,255.255.240.0,7018
36715,69.80.144.0,255.255.240.0,7018
14543,69.84.16.0,255.255.240.0,7018
30286,69.84.176.0,255.255.255.0,7018
18647,69.84.240.0,255.255.240.0,7018
12100,69.85.91.0,255.255.255.0,7018
21898,69.87.224.0,255.255.255.0,7018
26873,69.89.160.0,255.255.240.0,7018
33362,69.89.192.0,255.255.240.0,54004
22964,69.90.49.0,255.255.255.0,54004
11114,69.94.48.0,255.255.248.0,7018
41697,69.94.125.0,255.255.255.0,7018
25956,69.94.224.0,255.255.224.0,7018
30257,69.160.164.0,255.255.252.0,7018
35871,69.161.32.0,255.255.255.0,54004
22359,69.161.210.0,255.255.254.0,7018
25875,69.165.96.0,255.255.255.0,7018
3856,69.166.10.0,255.255.255.0,7018
11827,69.166.44.0,255.255.252.0,54004
394345,69.166.60.0,255.255.255.0,54004
214657,69.166.232.0,255.255.254.0,54004
13857,69.168.112.0,255.255.248.0,54004
63033,69.171.220.0,255.255.255.0,54004
26667,69.173.144.0,255.255.255.0,7018
22413,69.173.194.0,255.255.255.0,54004
54373,69.174.176.0,255.255.240.0,54004
3801,69.176.0.0,255.255.255.0,7018
36610,69.176.31.0,255.255.255.0,7018
10423,69.176.128.0,255.255.224.0,54004
9902,69.194.192.0,255.255.240.0,7018
400818,69.197.130.0,255.255.255.0,54004
32381,70.32.140.0,255.255.255.0,54004
6419,70.34.66.0,255.255.255.0,54004
32034,70.35.146.0,255.255.255.0,54004
40620,70.42.154.0,255.255.255.0,54004
53616,70.42.212.0,255.255.255.0,54004
29844,70.97.45.0,255.255.255.0,54004
53595,70.227.118.0,255.255.255.0,7018
396986,71.18.1.0,255.255.255.0,54004
138699,71.18.247.0,255.255.255.0,54004
19133,71.19.224.0,255.255.252.0,54004
46416,71.146.224.0,255.255.254.0,7018
40845,72.1.48.0,255.255.240.0,54004
15108,72.8.64.0,255.255.192.0,54004
11714,72.15.160.0,255.255.240.0,54004
7151,72.20.96.0,255.255.224.0,7018
394151,72.21.17.0,255.255.255.0,7018
27455,72.21.174.0,255.255.255.0,7018
62648,72.22.192.0,255.255.248.0,7018
17380,72.22.224.0,255.255.224.0,7018
32045,72.26.113.0,255.255.255.0,7018
14589,72.29.160.0,255.255.224.0,7018
59,72.33.0.0,255.255.0.0,54004
40581,72.35.208.0,255.255.240.0,54004
40387,72.36.120.0,255.255.248.0,7018
16805,72.36.225.0,255.255.255.0,7018
266165,72.44.16.0,255.255.252.0,54004
266166,72.44.20.0,255.255.252.0,54004
62833,72.46.16.0,255.255.255.0,7018
17005,72.46.66.0,255.255.254.0,7018
393444,72.46.112.0,255.255.240.0,7018
56286,72.57.145.0,255.255.255.0,54004
11240,72.162.200.0,255.255.254.0,7018
3479,72.162.240.0,255.255.254.0,7018
62915,72.172.76.0,255.255.252.0,54004
62712,72.235.132.0,255.255.252.0,7018
270439,72.244.130.0,255.255.255.0,54004
33501,72.250.176.0,255.255.240.0,54004
22568,72.250.224.0,255.255.255.0,7018
14754,72.252.96.0,255.255.252.0,7018
63052,74.3.186.0,255.255.255.0,7018
26395,74.51.244.0,255.255.255.0,54004
20284,74.85.142.0,255.255.255.0,7018
19704,74.85.159.0,255.255.255.0,7018
400475,74.91.114.0,255.255.255.0,7018
46195,74.112.40.0,255.255.248.0,7018
46276,74.112.90.0,255.255.255.0,7018
33725,74.112.208.0,255.255.248.0,7018
33069,74.112.240.0,255.255.252.0,7018
31893,74.113.56.0,255.255.248.0,7018
31769,74.113.160.0,255.255.248.0,7018
395571,74.113.208.0,255.255.255.0,7018
13823,74.113.240.0,255.255.252.0,54004
54107,74.114.10.0,255.255.255.0,54004
40867,74.114.72.0,255.255.248.0,54004
47002,74.114.88.0,255.255.252.0,7018
22335,74.114.96.0,255.255.255.0,7018
10764,74.114.98.0,255.255.254.0,7018
23225,74.114.120.0,255.255.254.0,54004
142007,74.114.168.0,255.255.252.0,7018
27232,74.114.208.0,255.255.255.0,54004
27647,74.115.49.0,255.255.255.0,7018
32413,74.115.88.0,255.255.248.0,7018
17185,74.115.168.0,255.255.248.0,7018
16912,74.115.228.0,255.255.252.0,7018
31845,74.116.26.0,255.255.254.0,7018
27400,74.116.160.0,255.255.248.0,54004
42909,74.116.176.0,255.255.255.0,54004
32270,74.117.24.0,255.255.248.0,7018
21529,74.118.48.0,255.255.255.0,54004
46193,74.118.88.0,255.255.252.0,54004
63157,74.118.98.0,255.255.254.0,7018
11170,74.118.152.0,255.255.248.0,7018
46309,74.118.180.0,255.255.252.0,7018
19750,74.119.117.0,255.255.255.0,7018
62759,74.119.124.0,255.255.252.0,7018
39975,74.119.148.0,255.255.255.0,54004
10661,74.119.224.0,255.255.255.0,7018
13722,74.120.12.0,255.255.255.0,54004
18675,74.120.20.0,255.255.255.0,7018
12102,74.120.152.0,255.255.252.0,54004
22300,74.120.184.0,255.255.255.0,7018
53708,74.121.30.0,255.255.254.0,7018
376,74.121.120.0,255.255.252.0,7018
23033,74.121.184.0,255.255.255.0,54004
398453,74.122.144.0,255.255.252.0,54004
62844,74.122.148.0,255.255.255.0,7018
15211,74.122.184.0,255.255.248.0,7018
36698,74.122.208.0,255.255.248.0,7018
30676,74.123.16.0,255.255.248.0,7018
55064,74.123.29.0,255.255.255.0,7018
16938,74.123.146.0,255.255.255.0,7018
18865,74.123.224.0,255.255.255.0,54004
14401,74.123.244.0,255.255.252.0,7018
15313,74.124.144.0,255.255.240.0,7018
22191,74.127.107.0,255.255.255.0,7018
17303,74.188.240.0,255.255.252.0,54004
16905,74.200.150.0,255.255.255.0,7018
14085,74.200.183.0,255.255.255.0,7018
26122,74.203.239.0,255.255.255.0,54004
14209,74.205.132.0,255.255.255.0,7018
401909,74.207.192.0,255.255.254.0,7018
22062,74.207.216.0,255.255.255.0,7018
11739,74.209.162.0,255.255.255.0,54004
3361,74.209.168.0,255.255.255.0,54004
22739,74.214.64.0,255.255.224.0,7018
19189,74.214.194.0,255.255.255.0,7018
393423,74.221.231.0,255.255.255.0,7018
63383,75.102.131.0,255.255.255.0,7018
53991,75.127.100.0,255.255.255.0,54004
7349,75.141.75.0,255.255.255.0,54004
23132,75.141.86.0,255.255.255.0,54004
11195,76.9.240.0,255.255.240.0,7018
23222,76.58.18.0,255.255.254.0,54004
22513,76.58.28.0,255.255.254.0,54004
20231,76.58.46.0,255.255.254.0,54004
30526,76.72.240.0,255.255.240.0,7018
53525,76.74.210.0,255.255.255.0,54004
46455,76.77.16.0,255.255.255.0,7018
32440,76.165.7.0,255.255.255.0,7018
54529,76.165.201.0,255.255.255.0,7018
2048,76.165.205.0,255.255.255.0,7018
12334,77.26.0.0,255.255.192.0,7018
48424,77.32.240.0,255.255.255.0,7018
12332,77.34.0.0,255.254.0.0,7018
983,77.37.77.0,255.255.255.0,7018
5394,77.39.160.0,255.255.224.0,7018
8615,77.41.0.0,255.255.128.0,7018
20919,77.41.188.0,255.255.254.0,7018
42020,77.42.248.0,255.255.255.0,7018
35191,77.45.0.0,255.255.128.0,7018
41676,77.46.0.0,255.255.252.0,7018
41931,77.46.4.0,255.255.252.0,7018
25500,77.47.128.0,255.255.248.0,7018
30900,77.47.213.0,255.255.255.0,7018
34602,77.50.0.0,255.255.0.0,54004
25515,77.51.0.0,255.255.0.0,7018
25233,77.64.0.0,255.255.128.0,54004
16202,77.64.128.0,255.255.128.0,7018
42402,77.65.136.0,255.255.252.0,7018
202050,77.65.142.0,255.255.254.0,7018
213174,77.65.160.0,255.255.248.0,7018
207033,77.65.171.0,255.255.255.0,54004
210220,77.65.176.0,255.255.252.0,7018
198408,77.65.189.0,255.255.255.0,7018
42503,77.65.204.0,255.255.255.0,7018
211516,77.65.220.0,255.255.254.0,7018
5416,77.69.128.0,255.255.192.0,54004
5377,77.70.128.0,255.255.128.0,7018
29687,77.71.0.0,255.255.240.0,7018
57619,77.71.112.0,255.255.255.0,7018
34606,77.72.32.0,255.255.248.0,7018
42310,77.72.72.0,255.255.254.0,7018
42325,77.72.106.0,255.255.255.0,7018
8674,77.72.224.0,255.255.248.0,54004
56628,77.73.16.0,255.255.252.0,7018
8641,77.73.24.0,255.255.248.0,54004
42515,77.73.56.0,255.255.248.0,7018
43317,77.73.64.0,255.255.248.0,7018
202046,77.73.108.0,255.255.255.0,7018
42579,77.73.144.0,255.255.248.0,7018
43284,77.73.240.0,255.255.248.0,7018
42840,77.73.248.0,255.255.248.0,7018
42753,77.74.24.0,255.255.248.0,54004
43545,77.74.104.0,255.255.248.0,7018
33811,77.74.232.0,255.255.248.0,7018
43037,77.75.72.0,255.255.254.0,7018
42903,77.75.80.0,255.255.248.0,7018
43019,77.75.88.0,255.255.255.0,7018
42919,77.75.128.0,255.255.248.0,7018
43247,77.75.152.0,255.255.248.0,54004
6204,77.75.192.0,255.255.255.0,7018
206577,77.75.226.0,255.255.255.0,7018
29582,77.76.3.0,255.255.255.0,7018
39251,77.76.16.0,255.255.240.0,7018
31029,77.76.128.0,255.255.248.0,7018
20750,77.76.136.0,255.255.255.0,7018
49849,77.77.128.0,255.255.248.0,7018
34569,77.78.0.0,255.255.192.0,7018
61071,77.78.25.0,255.255.255.0,7018
15685,77.78.76.0,255.255.255.0,7018
204383,77.78.77.0,255.255.255.0,7018
209369,77.78.90.0,255.255.255.0,7018
202081,77.79.249.0,255.255.255.0,7018
760,77.80.0.0,255.255.128.0,7018
39861,77.81.4.0,255.255.255.0,7018
56430,77.81.64.0,255.255.255.0,7018
56654,77.81.68.0,255.255.252.0,7018
34974,77.82.0.0,255.255.240.0,7018
209739,77.83.52.0,255.255.254.0,7018
39273,77.83.88.0,255.255.252.0,54004
200409,77.83.112.0,255.255.252.0,7018
209731,77.83.128.0,255.255.252.0,7018
205718,77.83.144.0,255.255.252.0,7018
43341,77.83.176.0,255.255.252.0,7018
56835,77.83.188.0,255.255.254.0,54004
216341,77.83.207.0,255.255.255.0,54004
199837,77.83.216.0,255.255.252.0,7018
51765,77.83.247.0,255.255.255.0,7018
42763,77.87.0.0,255.255.248.0,7018
44194,77.87.48.0,255.255.248.0,7018
51373,77.87.72.0,255.255.255.0,7018
203210,77.87.73.0,255.255.255.0,7018
42154,77.87.76.0,255.255.255.0,7018
43182,77.87.96.0,255.255.255.0,7018
29107,77.87.144.0,255.255.252.0,54004
43338,77.87.176.0,255.255.252.0,7018
20792,77.87.189.0,255.255.255.0,7018
43404,77.87.200.0,255.255.248.0,7018
43420,77.87.216.0,255.255.248.0,7018
16246,77.87.232.0,255.255.248.0,7018
61297,77.88.192.0,255.255.248.0,7018
31445,77.88.224.0,255.255.255.0,54004
29534,77.88.237.0,255.255.255.0,54004
31423,77.89.64.0,255.255.192.0,7018
212049,77.90.9.0,255.255.255.0,54004
197477,77.90.10.0,255.255.255.0,54004
215828,77.90.25.0,255.255.255.0,54004
200461,77.90.44.0,255.255.255.0,54004
34120,77.90.64.0,255.255.248.0,7018
202725,77.90.99.0,255.255.255.0,7018
197225,77.90.103.0,255.255.255.0,7018
62425,77.90.131.0,255.255.255.0,54004
213529,77.90.183.0,255.255.255.0,54004
12695,77.90.189.0,255.255.255.0,54004
42861,77.91.92.0,255.255.252.0,7018
207168,77.91.98.0,255.255.254.0,54004
43012,77.91.216.0,255.255.248.0,7018
199420,77.91.224.0,255.255.248.0,54004
30975,77.92.32.0,255.255.224.0,7018
44620,77.92.151.0,255.255.255.0,7018
43022,77.93.32.0,255.255.224.0,54004
213845,77.93.88.0,255.255.255.0,7018
200428,77.93.92.0,255.255.252.0,7018
60772,77.94.64.0,255.255.252.0,7018
43061,77.94.128.0,255.255.224.0,7018
199422,77.95.64.0,255.255.252.0,7018
43226,77.95.128.0,255.255.248.0,7018
39449,77.95.160.0,255.255.248.0,7018
43185,77.95.208.0,255.255.248.0,7018
25332,77.95.232.0,255.255.254.0,7018
43190,77.95.248.0,255.255.248.0,7018
205207,77.104.92.0,255.255.255.0,7018
216334,77.105.131.0,255.255.255.0,54004
210443,77.105.176.0,255.255.255.0,7018
42396,77.109.0.0,255.255.254.0,7018
9031,77.109.64.0,255.255.192.0,7018
201642,77.111.66.0,255.255.254.0,7018
996,77.111.119.0,255.255.255.0,54004
198736,77.111.236.0,255.255.255.0,7018
39356,77.111.252.0,255.255.252.0,7018
35680,77.120.96.0,255.255.252.0,7018
30896,77.220.0.0,255.255.240.0,7018
39811,77.220.62.0,255.255.255.0,7018
42632,77.220.160.0,255.255.254.0,7018
51898,77.220.204.0,255.255.255.0,54004
51162,77.220.206.0,255.255.255.0,54004
62310,77.220.248.0,255.255.248.0,7018
197889,77.221.32.0,255.255.252.0,7018
216246,77.221.151.0,255.255.255.0,54004
42676,77.221.192.0,255.255.240.0,7018
44112,77.222.32.0,255.255.255.0,7018
206557,77.222.160.0,255.255.224.0,7018
28919,77.223.0.0,255.255.252.0,7018
43391,77.223.128.0,255.255.240.0,54004
47110,77.223.216.0,255.255.248.0,7018
42478,77.233.0.0,255.255.224.0,7018
49113,77.234.56.0,255.255.248.0,7018
12778,77.234.128.0,255.255.224.0,7018
41750,77.235.0.0,255.255.224.0,54004
42539,77.235.80.0,255.255.248.0,7018
9113,77.236.32.0,255.255.224.0,7018
47493,77.237.128.0,255.255.224.0,7018
12387,77.237.192.0,255.255.224.0,7018
199599,77.238.96.0,255.255.248.0,7018
34550,77.238.128.0,255.255.252.0,54004
41371,77.240.32.0,255.255.255.0,54004
34066,77.240.48.0,255.255.240.0,7018
42943,77.240.80.0,255.255.252.0,7018
44206,77.240.160.0,255.255.240.0,7018
24641,77.240.176.0,255.255.240.0,7018
34049,77.240.181.0,255.255.255.0,7018
42300,77.240.240.0,255.255.252.0,7018
34326,77.240.244.0,255.255.252.0,7018
24645,77.240.248.0,255.255.252.0,7018
44858,77.241.68.0,255.255.252.0,7018
200030,77.241.164.0,255.255.252.0,7018
20799,77.241.176.0,255.255.240.0,7018
42517,77.241.224.0,255.255.240.0,7018
42451,77.242.0.0,255.255.255.0,7018
42463,77.242.40.0,255.255.248.0,7018
15493,77.242.96.0,255.255.240.0,54004
42669,77.242.176.0,255.255.240.0,7018
208800,77.242.240.0,255.255.255.0,54004
20969,77.243.160.0,255.255.240.0,7018
24951,77.244.48.0,255.255.240.0,7018
31424,77.245.16.0,255.255.240.0,7018
39931,77.245.128.0,255.255.240.0,7018
39264,77.245.208.0,255.255.240.0,7018
42907,77.245.224.0,255.255.255.0,54004
42968,77.245.240.0,255.255.240.0,7018
42965,77.246.112.0,255.255.240.0,7018
16302,77.246.192.0,255.255.240.0,7018
60447,77.246.208.0,255.255.254.0,7018
210728,77.246.243.0,255.255.255.0,7018
42808,77.247.0.0,255.255.255.0,7018
39724,77.247.100.0,255.255.255.0,7018
42132,77.247.128.0,255.255.240.0,54004
43568,77.247.144.0,255.255.240.0,7018
43248,77.247.224.0,255.255.248.0,7018
61237,77.247.239.0,255.255.255.0,54004
197790,78.9.100.0,255.255.255.0,7018
2110,78.16.0.0,255.252.0.0,7018
21446,78.24.152.0,255.255.248.0,54004
34409,78.24.160.0,255.255.255.0,7018
31626,78.24.176.0,255.255.252.0,54004
200410,78.24.201.0,255.255.255.0,7018
196906,78.25.4.0,255.255.254.0,54004
202896,78.26.126.0,255.255.255.0,7018
39479,78.26.127.0,255.255.255.0,7018
34187,78.26.128.0,255.255.192.0,54004
44914,78.28.0.0,255.255.224.0,7018
6747,78.28.197.0,255.255.255.0,7018
15703,78.31.48.0,255.255.248.0,7018
57476,78.31.120.0,255.255.248.0,7018
8423,78.31.128.0,255.255.248.0,7018
44124,78.31.136.0,255.255.248.0,7018
44692,78.31.144.0,255.255.254.0,7018
199136,78.31.160.0,255.255.254.0,54004
199138,78.31.162.0,255.255.254.0,7018
62179,78.31.184.0,255.255.248.0,7018
200807,78.31.212.0,255.255.254.0,7018
212657,78.31.215.0,255.255.255.0,7018
8422,78.34.0.0,255.254.0.0,7018
43299,78.40.24.0,255.255.248.0,7018
29017,78.40.58.0,255.255.255.0,7018
34146,78.40.72.0,255.255.255.0,7018
50015,78.40.119.0,255.255.255.0,54004
39605,78.40.120.0,255.255.248.0,7018
39505,78.40.136.0,255.255.255.0,7018
203410,78.40.140.0,255.255.255.0,54004
206383,78.40.141.0,255.255.255.0,7018
45839,78.40.143.0,255.255.255.0,54004
260,78.40.204.0,255.255.254.0,7018
20751,78.40.213.0,255.255.255.0,7018
209759,78.40.220.0,255.255.254.0,54004
33920,78.40.240.0,255.255.248.0,7018
43413,78.41.16.0,255.255.248.0,7018
47164,78.41.59.0,255.255.255.0,7018
31383,78.41.72.0,255.255.255.0,7018
42187,78.41.92.0,255.255.252.0,7018
35492,78.41.112.0,255.255.248.0,7018
31367,78.41.128.0,255.255.248.0,7018
209505,78.41.136.0,255.255.255.0,7018
42685,78.41.144.0,255.255.254.0,7018
47515,78.41.148.0,255.255.254.0,7018
8487,78.41.160.0,255.255.248.0,7018
43521,78.41.176.0,255.255.248.0,54004
29357,78.89.0.0,255.255.0.0,54004
58250,78.93.82.0,255.255.254.0,7018
6855,78.98.0.0,255.254.0.0,7018
1853,78.104.0.0,255.255.0.0,7018
1120,78.104.145.0,255.255.255.0,7018
39700,78.108.131.0,255.255.255.0,7018
12615,78.108.240.0,255.255.255.0,7018
59463,78.108.248.0,255.255.254.0,7018
49188,78.108.250.0,255.255.255.0,7018
203917,78.108.251.0,255.255.255.0,7018
31507,78.110.80.0,255.255.248.0,7018
215000,78.110.171.0,255.255.255.0,7018
43566,78.110.224.0,255.255.240.0,7018
43687,78.110.240.0,255.255.240.0,7018
41227,78.111.1.0,255.255.255.0,7018
49801,78.111.5.0,255.255.255.0,7018
35000,78.111.80.0,255.255.252.0,7018
31343,78.111.176.0,255.255.240.0,7018
48584,78.128.124.0,255.255.254.0,7018
2852,78.128.128.0,255.255.128.0,7018
9070,78.130.128.0,255.255.128.0,7018
29667,78.130.132.0,255.255.252.0,7018
20960,78.131.128.0,255.255.128.0,7018
2590,78.133.144.0,255.255.252.0,7018
206957,78.133.237.0,255.255.255.0,7018
197848,78.133.240.0,255.255.252.0,7018
198591,78.133.246.0,255.255.255.0,7018
43242,78.135.0.0,255.255.252.0,7018
207983,78.135.109.0,255.255.255.0,7018
33892,78.136.216.0,255.255.252.0,7018
62423,78.136.220.0,255.255.252.0,7018
25520,78.137.104.0,255.255.248.0,7018
138607,78.138.12.0,255.255.255.0,54004
47526,78.138.61.0,255.255.255.0,7018
48951,78.140.64.0,255.255.255.0,7018
200362,78.140.210.0,255.255.255.0,54004
215167,78.140.218.0,255.255.255.0,7018
205717,78.140.236.0,255.255.252.0,7018
212675,78.140.244.0,255.255.252.0,54004
210552,78.140.248.0,255.255.255.0,7018
216286,78.142.58.0,255.255.255.0,7018
56322,78.142.217.0,255.255.255.0,54004
60362,78.142.219.0,255.255.255.0,7018
47737,78.142.220.0,255.255.252.0,54004
209892,78.142.224.0,255.255.254.0,7018
47895,78.142.232.0,255.255.252.0,7018
14080,78.142.241.0,255.255.255.0,7018
35370,78.152.64.0,255.255.224.0,7018
12759,78.153.64.0,255.255.240.0,7018
28738,78.153.128.0,255.255.255.0,54004
202306,78.153.140.0,255.255.255.0,7018
35320,78.154.160.0,255.255.224.0,7018
43435,78.155.96.0,255.255.224.0,7018
43507,78.156.32.0,255.255.224.0,7018
43542,78.156.128.0,255.255.224.0,7018
43709,78.157.160.0,255.255.224.0,7018
42742,78.157.224.0,255.255.224.0,7018
39767,78.158.72.0,255.255.248.0,7018
43984,78.158.96.0,255.255.224.0,7018
212908,78.159.64.0,255.255.248.0,54004
43093,78.159.81.0,255.255.255.0,54004
203287,78.159.85.0,255.255.255.0,54004
203828,78.159.89.0,255.255.255.0,54004
25211,78.159.128.0,255.255.255.0,7018
198128,78.159.200.0,255.255.252.0,7018
12445,79.98.0.0,255.255.248.0,7018
44020,79.98.8.0,255.255.248.0,54004
43989,79.98.40.0,255.255.248.0,7018
21305,79.98.48.0,255.255.252.0,7018
39781,79.98.56.0,255.255.248.0,7018
44002,79.98.72.0,255.255.248.0,7018
29238,79.98.112.0,255.255.248.0,7018
30833,79.98.136.0,255.255.248.0,54004
39310,79.98.144.0,255.255.248.0,7018
44065,79.98.152.0,255.255.248.0,7018
12902,79.98.168.0,255.255.248.0,7018
211251,79.98.176.0,255.255.255.0,54004
44053,79.98.208.0,255.255.248.0,7018
199995,79.98.240.0,255.255.254.0,7018
42313,79.106.0.0,255.255.0.0,7018
47195,79.110.80.0,255.255.240.0,7018
41313,79.110.120.0,255.255.248.0,7018
41435,79.110.128.0,255.255.240.0,54004
50872,79.110.144.0,255.255.240.0,7018
57782,79.110.168.0,255.255.255.0,7018
215759,79.110.171.0,255.255.255.0,7018
35179,79.110.192.0,255.255.240.0,7018
47569,79.110.240.0,255.255.255.0,7018
8517,79.123.128.0,255.255.128.0,7018
25374,79.124.10.0,255.255.255.0,7018
214170,79.124.29.0,255.255.255.0,7018
59763,79.124.88.0,255.255.254.0,7018
44400,79.127.44.0,255.255.254.0,7018
39378,79.132.130.0,255.255.255.0,7018
51395,79.132.141.0,255.255.255.0,7018
24852,79.132.160.0,255.255.240.0,7018
211181,79.132.194.0,255.255.255.0,54004
3238,79.133.0.0,255.255.224.0,7018
42459,79.134.48.0,255.255.240.0,7018
6775,79.134.224.0,255.255.224.0,7018
29676,79.135.96.0,255.255.255.0,54004
62371,79.135.106.0,255.255.255.0,54004
212175,79.135.120.0,255.255.255.0,7018
199622,79.137.134.0,255.255.255.0,54004
211506,79.137.136.0,255.255.255.0,7018
47541,79.137.139.0,255.255.255.0,7018
215445,79.137.141.0,255.255.255.0,54004
203747,79.137.165.0,255.255.255.0,54004
196730,79.139.16.0,255.255.240.0,7018
47329,79.139.48.0,255.255.252.0,7018
60782,79.139.66.0,255.255.255.0,7018
15366,79.140.112.0,255.255.240.0,7018
209870,79.140.195.0,255.255.255.0,7018
50023,79.140.196.0,255.255.252.0,7018
43192,79.140.208.0,255.255.240.0,7018
61976,79.141.64.0,255.255.240.0,54004
34263,79.141.144.0,255.255.240.0,7018
20764,79.141.208.0,255.255.240.0,7018
199732,79.141.212.0,255.255.255.0,7018
28972,79.141.240.0,255.255.240.0,7018
43973,79.142.16.0,255.255.240.0,54004
25478,79.142.96.0,255.255.252.0,7018
44670,79.142.100.0,255.255.254.0,7018
47323,79.142.106.0,255.255.254.0,7018
197307,79.142.144.0,255.255.240.0,7018
44291,79.142.192.0,255.255.240.0,54004
44134,79.142.224.0,255.255.240.0,7018
15397,79.143.96.0,255.255.240.0,7018
25627,79.170.64.0,255.255.252.0,54004
204558,79.170.72.0,255.255.248.0,7018
20723,79.170.248.0,255.255.248.0,7018
41004,79.171.0.0,255.255.252.0,7018
50973,79.171.48.0,255.255.248.0,7018
43892,79.171.96.0,255.255.248.0,7018
15919,79.171.104.0,255.255.248.0,7018
51477,79.171.118.0,255.255.255.0,7018
43928,79.171.136.0,255.255.248.0,7018
34397,79.172.128.0,255.255.192.0,7018
29278,79.172.196.0,255.255.255.0,7018
43359,79.172.239.0,255.255.255.0,7018
43966,79.173.64.0,255.255.254.0,54004
31277,79.173.74.0,255.255.254.0,54004
210125,79.174.24.0,255.255.252.0,7018
47119,79.174.32.0,255.255.224.0,54004
62205,79.174.184.0,255.255.254.0,54004
6810,79.177.128.0,255.255.224.0,7018
328126,80.15.228.0,255.255.255.0,54004
29535,80.51.76.0,255.255.255.0,7018
62143,80.64.28.0,255.255.255.0,7018
60840,80.64.31.0,255.255.255.0,7018
20815,80.64.32.0,255.255.240.0,7018
41165,80.64.80.0,255.255.240.0,54004
24953,80.64.140.0,255.255.252.0,7018
15965,80.64.144.0,255.255.240.0,7018
202803,80.64.212.0,255.255.252.0,7018
208549,80.64.220.0,255.255.255.0,7018
48152,80.65.8.0,255.255.248.0,7018
31257,80.65.16.0,255.255.252.0,7018
50231,80.65.212.0,255.255.252.0,7018
28889,80.66.32.0,255.255.224.0,7018
206673,80.66.92.0,255.255.252.0,7018
51728,80.66.160.0,255.255.240.0,7018
20634,80.66.224.0,255.255.240.0,7018
263824,80.67.32.0,255.255.252.0,54004
57629,80.67.40.0,255.255.255.0,54004
31695,80.67.48.0,255.255.240.0,7018
204059,80.67.181.0,255.255.255.0,7018
209090,80.67.186.0,255.255.255.0,54004
204092,80.67.190.0,255.255.255.0,54004
35033,80.67.200.0,255.255.248.0,7018
33871,80.67.208.0,255.255.240.0,7018
20791,80.67.224.0,255.255.240.0,7018
31720,80.67.240.0,255.255.252.0,54004
21479,80.68.0.0,255.255.248.0,7018
209108,80.68.151.0,255.255.255.0,7018
49242,80.68.224.0,255.255.248.0,7018
20848,80.68.240.0,255.255.240.0,7018
34170,80.69.48.0,255.255.255.0,7018
42437,80.69.154.0,255.255.255.0,7018
9120,80.70.8.0,255.255.248.0,7018
29600,80.70.16.0,255.255.240.0,7018
201872,80.70.64.0,255.255.252.0,7018
57084,80.70.144.0,255.255.240.0,7018
34372,80.70.176.0,255.255.240.0,7018
16080,80.70.222.0,255.255.254.0,7018
197301,80.71.128.0,255.255.240.0,7018
198037,80.71.227.0,255.255.255.0,54004
60246,80.72.20.0,255.255.255.0,54004
20849,80.72.128.0,255.255.240.0,7018
21068,80.72.192.0,255.255.240.0,7018
20870,80.72.224.0,255.255.240.0,7018
31376,80.73.192.0,255.255.240.0,7018
29283,80.74.16.0,255.255.248.0,7018
25003,80.74.96.0,255.255.224.0,7018
205209,80.74.96.0,255.255.255.0,7018
208428,80.75.22.0,255.255.255.0,54004
198090,80.75.24.0,255.255.248.0,7018
34554,80.75.112.0,255.255.240.0,7018
21135,80.75.128.0,255.255.240.0,7018
203182,80.75.211.0,255.255.255.0,7018
212177,80.75.219.0,255.255.255.0,7018
202693,80.75.220.0,255.255.255.0,54004
5385,80.75.224.0,255.255.240.0,7018
57045,80.76.41.0,255.255.255.0,54004
20924,80.76.64.0,255.255.240.0,54004
30960,80.76.128.0,255.255.252.0,7018
8523,80.76.144.0,255.255.240.0,7018
34629,80.76.176.0,255.255.240.0,54004
31641,80.76.192.0,255.255.240.0,7018
29527,80.76.212.0,255.255.252.0,7018
39156,80.76.224.0,255.255.240.0,54004
205597,80.77.27.0,255.255.255.0,7018
34772,80.77.144.0,255.255.240.0,7018
50045,80.77.160.0,255.255.255.0,54004
51369,80.77.161.0,255.255.255.0,7018
42244,80.77.168.0,255.255.255.0,7018
12788,80.78.32.0,255.255.224.0,54004
60359,80.78.63.0,255.255.255.0,54004
39083,80.78.133.0,255.255.255.0,54004
12570,80.78.144.0,255.255.240.0,7018
21032,80.78.160.0,255.255.240.0,7018
34686,80.78.208.0,255.255.240.0,7018
205975,80.79.48.0,255.255.240.0,7018
60679,80.80.81.0,255.255.255.0,54004
28757,80.80.176.0,255.255.240.0,7018
21217,80.80.224.0,255.255.248.0,7018
24634,80.81.153.0,255.255.255.0,54004
21019,80.81.224.0,255.255.240.0,7018
15657,80.81.240.0,255.255.240.0,7018
25569,80.82.0.0,255.255.240.0,7018
50173,80.82.132.0,255.255.255.0,7018
47608,80.82.224.0,255.255.240.0,7018
28792,80.82.240.0,255.255.240.0,7018
29243,80.83.0.0,255.255.240.0,7018
44885,80.83.32.0,255.255.224.0,7018
43096,80.83.90.0,255.255.255.0,7018
4648,80.83.92.0,255.255.252.0,7018
21214,80.83.128.0,255.255.240.0,7018
21058,80.83.160.0,255.255.255.0,7018
199324,80.83.170.0,255.255.255.0,7018
44123,80.83.208.0,255.255.240.0,7018
6774,80.84.16.0,255.255.240.0,7018
15738,80.84.176.0,255.255.240.0,54004
31586,80.84.224.0,255.255.224.0,7018
60806,80.85.224.0,255.255.240.0,7018
24993,80.86.0.0,255.255.240.0,7018
56472,80.86.48.0,255.255.240.0,7018
12310,80.86.96.0,255.255.224.0,7018
198710,80.86.180.0,255.255.255.0,7018
24640,80.86.181.0,255.255.255.0,7018
1836,80.86.192.0,255.255.240.0,7018
25146,80.87.48.0,255.255.240.0,7018
49542,80.87.204.0,255.255.254.0,7018
328156,80.88.0.0,255.255.254.0,54004
328174,80.88.11.0,255.255.255.0,7018
210465,80.88.144.0,255.255.248.0,7018
35313,80.88.240.0,255.255.240.0,7018
21105,80.89.8.0,255.255.252.0,7018
9008,80.90.32.0,255.255.224.0,7018
10991,80.90.101.0,255.255.255.0,54004
20886,80.90.144.0,255.255.240.0,7018
3285,80.90.176.0,255.255.254.0,54004
43103,80.90.224.0,255.255.240.0,54004
207802,80.90.228.0,255.255.255.0,54004
8331,80.90.249.0,255.255.255.0,7018
47288,80.91.81.0,255.255.255.0,7018
47600,80.91.89.0,255.255.255.0,7018
21219,80.91.169.0,255.255.255.0,7018
21226,80.91.192.0,255.255.248.0,7018
28855,80.91.215.0,255.255.255.0,7018
24611,80.92.64.0,255.255.224.0,54004
34347,80.92.112.0,255.255.240.0,7018
5500,80.92.144.0,255.255.240.0,7018
197029,80.92.240.0,255.255.240.0,7018
8660,80.93.64.0,255.255.240.0,7018
60464,80.93.198.0,255.255.255.0,7018
201364,80.93.220.0,255.255.255.0,7018
13119,80.94.16.0,255.255.240.0,7018
199296,80.94.19.0,255.255.255.0,7018
204444,80.94.27.0,255.255.255.0,7018
38949,80.94.48.0,255.255.240.0,7018
6758,80.94.96.0,255.255.240.0,7018
21274,80.94.160.0,255.255.240.0,7018
199335,80.94.192.0,255.255.240.0,7018
327754,80.95.0.0,255.255.252.0,7018
13306,80.95.24.0,255.255.252.0,7018
16154,80.95.29.0,255.255.255.0,7018
35551,80.95.48.0,255.255.240.0,7018
31313,80.96.3.0,255.255.255.0,7018
62350,80.96.25.0,255.255.255.0,7018
39531,80.96.27.0,255.255.255.0,7018
49852,80.96.30.0,255.255.254.0,7018
34304,80.96.36.0,255.255.254.0,7018
49052,80.96.111.0,255.255.255.0,7018
28727,80.96.153.0,255.255.255.0,7018
47427,80.96.224.0,255.255.254.0,7018
21294,80.97.0.0,255.255.240.0,7018
15471,80.97.20.0,255.255.255.0,7018
39279,80.97.56.0,255.255.252.0,7018
31017,80.97.125.0,255.255.255.0,7018
51187,80.120.18.0,255.255.255.0,7018
61022,80.121.202.0,255.255.255.0,7018
6412,80.184.0.0,255.255.0.0,54004
42781,80.184.3.0,255.255.255.0,54004
201378,80.184.196.0,255.255.255.0,54004
15659,80.202.0.0,255.255.0.0,7018
7514,80.208.192.0,255.255.240.0,7018
9022,80.208.232.0,255.255.248.0,7018
200062,80.209.244.0,255.255.252.0,7018
24806,80.211.192.0,255.255.224.0,54004
205727,80.211.240.0,255.255.248.0,7018
12670,80.231.9.0,255.255.255.0,7018
8529,80.231.213.0,255.255.255.0,7018
62436,80.232.215.0,255.255.255.0,7018
35407,80.233.251.0,255.255.255.0,7018
60427,80.240.107.0,255.255.255.0,7018
21282,80.241.0.0,255.255.240.0,54004
199118,80.241.56.0,255.255.248.0,7018
44234,80.242.32.0,255.255.248.0,54004
204365,80.242.42.0,255.255.255.0,54004
44627,80.242.48.0,255.255.252.0,54004
24680,80.243.0.0,255.255.240.0,54004
21013,80.243.160.0,255.255.240.0,7018
21336,80.243.192.0,255.255.240.0,7018
20776,80.243.240.0,255.255.240.0,7018
49326,80.244.0.0,255.255.255.0,54004
48817,80.244.1.0,255.255.255.0,7018
48078,80.244.5.0,255.255.255.0,7018
206011,80.244.40.0,255.255.252.0,7018
34946,80.244.192.0,255.255.240.0,7018
24637,80.244.208.0,255.255.240.0,7018
198239,80.245.34.0,255.255.255.0,7018
21360,80.245.192.0,255.255.240.0,7018
35738,80.245.240.0,255.255.240.0,7018
21378,80.246.64.0,255.255.224.0,7018
201973,80.246.96.0,255.255.240.0,7018
39875,80.247.16.0,255.255.240.0,7018
25292,80.247.32.0,255.255.240.0,7018
15826,80.247.224.0,255.255.240.0,7018
29689,80.248.16.0,255.255.240.0,7018
39612,80.248.48.0,255.255.254.0,54004
30982,80.248.64.0,255.255.255.0,7018
39153,80.248.80.0,255.255.240.0,54004
62365,80.249.116.0,255.255.252.0,7018
216211,80.249.134.0,255.255.255.0,54004
57918,80.249.135.0,255.255.255.0,54004
3267,80.250.162.0,255.255.254.0,7018
8535,80.252.0.0,255.255.240.0,7018
39042,80.252.16.0,255.255.252.0,54004
15702,80.252.32.0,255.255.240.0,7018
8893,80.252.96.0,255.255.240.0,54004
8282,80.252.116.0,255.255.255.0,7018
29468,80.252.208.0,255.255.248.0,7018
197603,80.252.220.0,255.255.255.0,7018
21454,80.252.224.0,255.255.240.0,7018
59708,80.253.157.0,255.255.255.0,7018
206575,80.253.160.0,255.255.252.0,7018
203964,80.253.164.0,255.255.252.0,7018
60707,80.253.244.0,255.255.255.0,54004
39101,80.254.16.0,255.255.240.0,7018
39046,80.254.48.0,255.255.240.0,7018
43833,80.254.224.0,255.255.252.0,7018
24585,80.255.96.0,255.255.252.0,7018
8311,80.255.117.0,255.255.255.0,7018
41397,80.255.120.0,255.255.252.0,7018
203591,81.2.132.0,255.255.252.0,7018
205520,81.2.190.0,255.255.255.0,7018
198203,81.4.100.0,255.255.252.0,54004
24626,81.4.192.0,255.255.192.0,7018
5486,81.5.0.0,255.255.248.0,7018
30778,81.6.128.0,255.255.248.0,7018
209801,81.6.133.0,255.255.255.0,7018
43386,81.6.139.0,255.255.255.0,7018
24848,81.6.176.0,255.255.248.0,7018
35366,81.7.0.0,255.255.192.0,7018
49602,81.7.108.0,255.255.252.0,7018
201593,81.9.27.0,255.255.255.0,7018
12605,81.10.128.0,255.255.128.0,7018
6736,81.12.12.0,255.255.255.0,7018
5523,81.13.0.0,255.255.128.0,54004
208314,81.13.6.0,255.255.255.0,54004
20804,81.15.128.0,255.255.128.0,7018
199715,81.15.131.0,255.255.255.0,7018
56449,81.15.138.0,255.255.254.0,7018
50551,81.15.157.0,255.255.255.0,7018
43769,81.15.187.0,255.255.255.0,7018
204301,81.15.191.0,255.255.255.0,7018
60468,81.15.206.0,255.255.254.0,7018
24756,81.15.210.0,255.255.255.0,7018
205813,81.15.239.0,255.255.255.0,7018
25070,81.15.246.0,255.255.255.0,7018
42378,81.16.157.0,255.255.255.0,7018
40339,81.16.184.0,255.255.255.0,54004
24607,81.16.224.0,255.255.248.0,54004
201201,81.16.233.0,255.255.255.0,54004
35833,81.17.208.0,255.255.240.0,7018
29046,81.18.32.0,255.255.255.0,54004
24657,81.18.96.0,255.255.240.0,7018
41330,81.18.112.0,255.255.240.0,7018
15389,81.18.224.0,255.255.240.0,7018
25512,81.19.32.0,255.255.240.0,7018
29668,81.19.48.0,255.255.240.0,7018
24638,81.19.64.0,255.255.224.0,7018
39242,81.19.112.0,255.255.240.0,7018
29033,81.20.32.0,255.255.240.0,7018
39202,81.20.48.0,255.255.240.0,7018
13208,81.20.176.0,255.255.240.0,7018
200982,81.20.205.0,255.255.255.0,7018
50670,81.21.8.0,255.255.252.0,7018
200094,81.21.206.0,255.255.255.0,7018
39324,81.22.240.0,255.255.240.0,7018
12350,81.23.64.0,255.255.240.0,7018
8416,81.23.176.0,255.255.240.0,7018
30729,81.23.192.0,255.255.240.0,7018
24730,81.23.224.0,255.255.240.0,7018
50522,81.23.244.0,255.255.252.0,7018
24764,81.24.64.0,255.255.240.0,7018
57227,81.24.84.0,255.255.255.0,7018
39512,81.24.208.0,255.255.240.0,54004
24817,81.24.224.0,255.255.252.0,7018
60273,81.25.32.0,255.255.248.0,7018
8905,81.25.48.0,255.255.240.0,54004
15595,81.25.224.0,255.255.240.0,54004
24880,81.27.128.0,255.255.240.0,7018
47887,81.28.112.0,255.255.240.0,7018
200276,81.28.248.0,255.255.255.0,7018
39657,81.30.16.0,255.255.240.0,7018
198059,81.30.96.0,255.255.255.0,7018
48129,81.30.112.0,255.255.255.0,7018
34169,81.30.130.0,255.255.254.0,7018
15935,81.30.224.0,255.255.224.0,54004
12519,81.31.64.0,255.255.240.0,7018
47242,81.31.144.0,255.255.255.0,54004
150623,81.31.208.0,255.255.255.0,54004
198016,81.31.214.0,255.255.255.0,54004
206292,81.31.215.0,255.255.255.0,7018
12826,81.80.237.0,255.255.255.0,7018
215918,81.85.59.0,255.255.255.0,7018
39729,81.88.48.0,255.255.240.0,7018
39684,81.88.80.0,255.255.252.0,54004
15436,81.88.96.0,255.255.248.0,7018
15766,81.88.160.0,255.255.240.0,7018
25035,81.88.192.0,255.255.240.0,54004
39709,81.88.208.0,255.255.240.0,54004
34279,81.89.16.0,255.255.255.0,7018
5495,81.89.176.0,255.255.240.0,54004
25081,81.89.192.0,255.255.240.0,7018
39863,81.89.208.0,255.255.252.0,7018
8879,81.89.224.0,255.255.224.0,7018
12739,81.90.0.0,255.255.240.0,7018
48407,81.90.16.0,255.255.240.0,7018
57443,81.90.30.0,255.255.255.0,54004
29003,81.90.48.0,255.255.240.0,7018
39790,81.91.80.0,255.255.240.0,7018
60981,81.91.96.0,255.255.248.0,7018
25124,81.91.128.0,255.255.252.0,7018
8763,81.91.160.0,255.255.240.0,7018
44705,81.91.189.0,255.255.255.0,54004
39817,81.91.208.0,255.255.240.0,7018
21385,81.92.160.0,255.255.240.0,7018
202664,81.92.240.0,255.255.255.0,7018
25251,81.94.32.0,255.255.252.0,54004
34042,81.95.16.0,255.255.240.0,7018
8491,81.95.32.0,255.255.240.0,7018
41354,81.95.52.0,255.255.255.0,7018
42160,81.95.112.0,255.255.240.0,7018
25249,81.95.160.0,255.255.240.0,7018
203306,81.95.199.0,255.255.255.0,7018
39816,81.95.204.0,255.255.252.0,7018
12365,81.95.224.0,255.255.240.0,54004
197177,81.161.100.0,255.255.255.0,7018
59516,81.161.116.0,255.255.252.0,7018
214668,81.161.238.0,255.255.255.0,54004
198541,81.162.0.0,255.255.240.0,7018
49136,81.162.32.0,255.255.240.0,54004
198293,81.162.64.0,255.255.240.0,7018
34955,81.162.192.0,255.255.255.0,7018
44032,81.162.224.0,255.255.255.0,7018
201725,81.163.8.0,255.255.248.0,7018
41616,81.163.80.0,255.255.255.0,7018
200638,81.163.195.0,255.255.255.0,7018
59782,81.163.200.0,255.255.248.0,7018
213039,81.163.210.0,255.255.255.0,7018
6724,81.169.128.0,255.255.128.0,7018
34343,81.171.32.0,255.255.240.0,7018
51942,81.173.44.0,255.255.252.0,54004
57136,81.180.6.0,255.255.254.0,7018
34723,81.180.24.0,255.255.255.0,7018
9199,81.180.64.0,255.255.252.0,7018
58022,81.180.136.0,255.255.254.0,7018
44682,81.180.207.0,255.255.255.0,7018
56746,81.180.232.0,255.255.254.0,7018
44679,81.180.240.0,255.255.248.0,7018
215417,81.181.9.0,255.255.255.0,7018
57180,81.181.44.0,255.255.255.0,7018
215230,81.181.64.0,255.255.255.0,7018
205275,81.181.66.0,255.255.255.0,7018
31554,81.181.76.0,255.255.255.0,7018
41028,81.181.85.0,255.255.255.0,7018
61353,81.181.130.0,255.255.255.0,7018
48571,81.181.168.0,255.255.254.0,7018
35505,81.181.181.0,255.255.255.0,7018
43807,81.181.240.0,255.255.255.0,7018
216249,81.181.245.0,255.255.255.0,7018
3233,81.181.249.0,255.255.255.0,7018
2200,81.194.0.0,255.255.0.0,7018
34073,81.198.73.0,255.255.255.0,7018
28768,81.200.32.0,255.255.248.0,7018
52060,81.200.120.0,255.255.252.0,7018
202173,81.200.126.0,255.255.254.0,54004
15589,81.200.130.0,255.255.254.0,7018
41148,81.200.240.0,255.255.240.0,7018
41135,81.201.80.0,255.255.240.0,54004
29575,81.201.163.0,255.255.255.0,7018
12923,81.201.224.0,255.255.240.0,7018
61102,81.218.219.0,255.255.255.0,7018
43128,82.21.208.0,255.255.255.0,7018
133210,82.21.215.0,255.255.255.0,54004
59729,82.21.253.0,255.255.255.0,7018
198825,82.22.7.0,255.255.255.0,54004
62217,82.22.33.0,255.255.255.0,7018
208711,82.22.43.0,255.255.255.0,54004
213482,82.22.119.0,255.255.255.0,54004
204770,82.23.0.0,255.255.254.0,7018
215035,82.23.190.0,255.255.255.0,54004
61049,82.25.181.0,255.255.255.0,7018
149981,82.27.189.0,255.255.255.0,54004
206735,82.29.43.0,255.255.255.0,7018
151336,82.29.107.0,255.255.255.0,54004
202282,82.39.0.0,255.255.192.0,7018
214132,82.39.111.0,255.255.255.0,7018
273508,82.39.244.0,255.255.255.0,54004
8612,82.84.0.0,255.254.0.0,7018
39738,82.86.0.0,255.255.224.0,7018
8554,82.97.0.0,255.255.192.0,7018
12306,82.98.64.0,255.255.192.0,7018
25248,82.99.128.0,255.255.192.0,7018
30736,82.103.128.0,255.255.192.0,7018
43267,82.112.184.0,255.255.248.0,7018
30827,82.113.128.0,255.255.224.0,7018
5504,82.114.32.0,255.255.252.0,7018
15757,82.114.128.0,255.255.224.0,54004
44552,82.114.232.0,255.255.248.0,54004
30936,82.116.32.0,255.255.224.0,7018
15594,82.116.96.0,255.255.224.0,7018
35223,82.117.0.0,255.255.224.0,7018
6712,82.117.240.0,255.255.255.0,7018
212630,82.117.241.0,255.255.255.0,7018
8262,82.119.64.0,255.255.224.0,7018
215596,82.129.10.0,255.255.254.0,54004
199452,82.129.48.0,255.255.240.0,7018
559,82.130.64.0,255.255.192.0,7018
39007,82.135.160.0,255.255.248.0,7018
29147,82.137.156.0,255.255.255.0,7018
57452,82.138.42.0,255.255.255.0,54004
29414,82.139.146.0,255.255.254.0,7018
15419,82.140.131.0,255.255.255.0,7018
25355,82.144.64.0,255.255.255.0,54004
16168,82.144.96.0,255.255.224.0,7018
201971,82.145.35.0,255.255.255.0,54004
202228,82.146.12.0,255.255.254.0,7018
215853,82.146.23.0,255.255.255.0,7018
29446,82.146.128.0,255.255.224.0,7018
13259,82.147.64.0,255.255.255.0,7018
204298,82.147.76.0,255.255.255.0,54004
8728,82.147.160.0,255.255.224.0,7018
25376,82.148.224.0,255.255.224.0,7018
8990,82.150.32.0,255.255.224.0,7018
29028,82.150.138.0,255.255.255.0,7018
35782,82.150.144.0,255.255.255.0,7018
8596,82.150.192.0,255.255.224.0,7018
12888,82.150.224.0,255.255.248.0,54004
29456,82.151.96.0,255.255.224.0,7018
151964,82.153.47.0,255.255.255.0,54004
60713,82.160.50.0,255.255.255.0,7018
204086,82.160.86.0,255.255.254.0,7018
201695,82.160.134.0,255.255.255.0,7018
203261,82.160.149.0,255.255.255.0,7018
62105,82.163.40.0,255.255.248.0,7018
202940,82.166.240.0,255.255.255.0,7018
208227,82.177.44.0,255.255.254.0,7018
212251,82.177.68.0,255.255.252.0,7018
196928,82.177.138.0,255.255.254.0,7018
24577,82.177.142.0,255.255.255.0,7018
203188,82.177.165.0,255.255.255.0,7018
203389,82.177.184.0,255.255.252.0,7018
206442,82.177.202.0,255.255.254.0,7018
39112,82.177.253.0,255.255.255.0,7018
8920,82.194.160.0,255.255.240.0,7018
31359,82.195.0.0,255.255.224.0,7018
8365,82.195.64.0,255.255.224.0,7018
50818,82.196.16.0,255.255.255.0,7018
29452,82.196.224.0,255.255.224.0,7018
30733,82.198.160.0,255.255.224.0,7018
30745,82.202.132.0,255.255.252.0,7018
56864,82.202.176.0,255.255.248.0,54004
209030,82.202.186.0,255.255.255.0,7018
29624,82.212.192.0,255.255.224.0,7018
13289,82.212.224.0,255.255.224.0,7018
15997,82.214.128.0,255.255.192.0,7018
30740,82.219.0.0,255.255.0.0,7018
30818,82.221.164.0,255.255.255.0,7018
31444,83.68.32.0,255.255.240.0,7018
31492,83.69.128.0,255.255.224.0,54004
21320,83.97.88.0,255.255.248.0,7018
12946,83.97.128.0,255.255.128.0,7018
30870,83.98.136.0,255.255.254.0,54004
49127,83.98.157.0,255.255.255.0,54004
30925,83.98.224.0,255.255.224.0,54004
29690,83.101.128.0,255.255.224.0,54004
49206,83.118.224.0,255.255.252.0,7018
5390,83.119.0.0,255.255.224.0,7018
40999,83.125.8.0,255.255.252.0,7018
30971,83.136.32.0,255.255.248.0,7018
42605,83.136.72.0,255.255.248.0,7018
33941,83.136.120.0,255.255.248.0,7018
47156,83.136.234.0,255.255.255.0,54004
42346,83.137.24.0,255.255.248.0,7018
31394,83.137.40.0,255.255.248.0,7018
29063,83.138.0.0,255.255.248.0,7018
34895,83.138.64.0,255.255.192.0,7018
33852,83.139.0.0,255.255.255.0,7018
15994,83.139.67.0,255.255.255.0,7018
201877,83.139.194.0,255.255.255.0,7018
44941,83.142.8.0,255.255.255.0,7018
215085,83.142.31.0,255.255.255.0,7018
31712,83.142.32.0,255.255.248.0,7018
15713,83.142.104.0,255.255.248.0,54004
44949,83.142.128.0,255.255.254.0,7018
33838,83.142.152.0,255.255.248.0,7018
30851,83.142.168.0,255.255.252.0,7018
34254,83.142.184.0,255.255.248.0,7018
199494,83.142.216.0,255.255.252.0,7018
20516,83.142.232.0,255.255.248.0,54004
196812,83.143.32.0,255.255.248.0,7018
60486,83.143.72.0,255.255.255.0,54004
42511,83.143.156.0,255.255.252.0,54004
196773,83.144.0.0,255.255.240.0,7018
33965,83.144.192.0,255.255.192.0,7018
31319,83.149.128.0,255.255.192.0,7018
60920,83.150.196.0,255.255.252.0,7018
212504,83.150.217.0,255.255.255.0,7018
50599,83.150.236.0,255.255.255.0,7018
197205,83.150.244.0,255.255.252.0,7018
31505,83.151.32.0,255.255.252.0,7018
35369,83.164.128.0,255.255.128.0,7018
24936,83.166.224.0,255.255.254.0,7018
8801,83.167.176.0,255.255.248.0,54004
16353,83.167.191.0,255.255.255.0,7018
202520,83.168.68.0,255.255.254.0,54004
201532,83.168.92.0,255.255.255.0,7018
29259,83.170.0.0,255.255.192.0,7018
2847,83.171.0.0,255.255.192.0,7018
41273,83.171.216.0,255.255.252.0,54004
43809,83.171.228.0,255.255.252.0,7018
49935,83.172.140.0,255.255.254.0,7018
34572,83.173.64.0,255.255.224.0,7018
31510,83.175.64.0,255.255.192.0,7018
34525,83.175.144.0,255.255.240.0,7018
12355,83.216.224.0,255.255.224.0,7018
51446,83.217.8.0,255.255.255.0,7018
31514,83.217.192.0,255.255.248.0,54004
196927,83.218.96.0,255.255.224.0,7018
31225,83.219.229.0,255.255.255.0,54004
50254,83.219.234.0,255.255.255.0,54004
31275,83.220.64.0,255.255.255.0,7018
31294,83.220.160.0,255.255.252.0,7018
25532,83.222.4.0,255.255.254.0,7018
47328,83.222.124.0,255.255.252.0,7018
6854,83.222.192.0,255.255.224.0,7018
48921,83.223.48.0,255.255.252.0,7018
33425,83.228.128.0,255.255.192.0,7018
15744,83.230.0.0,255.255.192.0,7018
35434,83.230.0.0,255.255.224.0,7018
202220,83.230.14.0,255.255.255.0,7018
8508,83.230.64.0,255.255.240.0,7018
15974,83.234.164.0,255.255.252.0,7018
212748,83.242.104.0,255.255.254.0,7018
198579,83.242.112.0,255.255.240.0,7018
5577,83.243.8.0,255.255.248.0,7018
42065,83.243.64.0,255.255.252.0,7018
31500,83.243.69.0,255.255.255.0,7018
29329,83.243.72.0,255.255.248.0,7018
31364,83.246.128.0,255.255.240.0,7018
39551,83.247.128.0,255.255.255.0,7018
13194,84.15.0.0,255.255.0.0,7018
34087,84.16.192.0,255.255.224.0,7018
33940,84.17.96.0,255.255.224.0,7018
33873,84.17.160.0,255.255.224.0,7018
42611,84.18.224.0,255.255.224.0,7018
213094,84.18.224.0,255.255.252.0,7018
33924,84.20.64.0,255.255.252.0,7018
8562,84.20.184.0,255.255.252.0,7018
33848,84.21.32.0,255.255.252.0,7018
56786,84.21.176.0,255.255.252.0,7018
57251,84.22.128.0,255.255.252.0,54004
29319,84.23.32.0,255.255.248.0,54004
50949,84.23.46.0,255.255.255.0,7018
204941,84.23.49.0,255.255.255.0,54004
216090,84.23.51.0,255.255.255.0,54004
16290,84.23.160.0,255.255.224.0,7018
34171,84.23.224.0,255.255.255.0,7018
4589,84.37.67.0,255.255.255.0,7018
203118,84.38.2.0,255.255.255.0,54004
206902,84.38.140.0,255.255.255.0,7018
199749,84.39.32.0,255.255.255.0,7018
48200,84.39.104.0,255.255.248.0,7018
60664,84.39.144.0,255.255.255.0,54004
12887,84.40.152.0,255.255.254.0,7018
56990,84.45.0.0,255.255.248.0,7018
206483,84.45.30.0,255.255.255.0,7018
40513,84.45.50.0,255.255.255.0,54004
196914,84.47.148.0,255.255.254.0,54004
210030,84.54.32.0,255.255.255.0,7018
216285,84.54.49.0,255.255.255.0,7018
212755,84.54.50.0,255.255.255.0,7018
34250,84.54.113.0,255.255.255.0,54004
28910,84.54.124.0,255.255.255.0,54004
24877,84.55.24.0,255.255.248.0,7018
13041,84.88.0.0,255.255.0.0,7018
20253,84.201.208.0,255.255.255.0,54004
50222,84.204.53.0,255.255.255.0,7018
31608,84.205.0.0,255.255.224.0,7018
12654,84.205.66.0,255.255.255.0,54004
35506,84.205.192.0,255.255.255.0,7018
31581,84.206.0.0,255.255.0.0,7018
8448,84.225.192.0,255.255.192.0,7018
206866,84.232.40.0,255.255.248.0,7018
39848,84.234.108.0,255.255.252.0,54004
34969,84.234.112.0,255.255.254.0,7018
208141,84.234.118.0,255.255.254.0,7018
41959,84.234.122.0,255.255.255.0,7018
200672,84.234.124.0,255.255.255.0,7018
211528,84.234.126.0,255.255.255.0,7018
216439,84.234.127.0,255.255.255.0,7018
5387,84.237.32.0,255.255.255.0,54004
209625,84.238.133.0,255.255.255.0,7018
47402,84.238.184.0,255.255.248.0,7018
5541,84.239.0.0,255.255.252.0,7018
49915,84.239.30.0,255.255.255.0,54004
2594,84.240.128.0,255.255.192.0,7018
51034,84.244.0.0,255.255.224.0,7018
20495,84.244.128.0,255.255.192.0,7018
202819,84.245.95.0,255.255.255.0,7018
20590,84.246.105.0,255.255.255.0,54004
41943,84.246.134.0,255.255.255.0,7018
15450,84.246.169.0,255.255.255.0,7018
42455,84.246.200.0,255.255.248.0,7018
34308,84.246.248.0,255.255.248.0,7018
202617,84.247.18.0,255.255.255.0,54004
59862,84.247.36.0,255.255.252.0,7018
50369,84.247.58.0,255.255.255.0,7018
35237,84.252.144.0,255.255.255.0,54004
8629,84.253.96.0,255.255.224.0,7018
35548,84.254.64.0,255.255.255.0,7018
39563,85.8.131.0,255.255.255.0,7018
48846,85.8.180.0,255.255.255.0,54004
215074,85.8.184.0,255.255.255.0,54004
206388,85.9.94.0,255.255.255.0,7018
199965,85.11.87.0,255.255.255.0,7018
51931,85.11.117.0,255.255.255.0,7018
48747,85.11.152.0,255.255.255.0,7018
34788,85.13.128.0,255.255.255.0,7018
200533,85.14.7.0,255.255.255.0,7018
211526,85.14.56.0,255.255.255.0,7018
31167,85.14.128.0,255.255.192.0,7018
34896,85.15.64.0,255.255.192.0,7018
15763,85.22.0.0,255.255.0.0,7018
31643,85.28.0.0,255.255.240.0,7018
42498,85.31.36.0,255.255.252.0,7018
15672,85.31.112.0,255.255.252.0,54004
42162,85.31.152.0,255.255.248.0,7018
198225,85.31.172.0,255.255.252.0,7018
50779,85.31.220.0,255.255.255.0,7018
5429,85.89.102.0,255.255.255.0,54004
25384,85.89.224.0,255.255.224.0,7018
24822,85.90.160.0,255.255.224.0,7018
34245,85.91.0.0,255.255.224.0,7018
51553,85.91.49.0,255.255.255.0,7018
34270,85.91.224.0,255.255.224.0,7018
212057,85.93.31.0,255.255.255.0,54004
197013,85.93.160.0,255.255.224.0,7018
34362,85.94.64.0,255.255.252.0,7018
34470,85.95.128.0,255.255.224.0,7018
271689,85.113.92.0,255.255.252.0,54004
44444,85.115.32.0,255.255.255.0,54004
34803,85.115.128.0,255.255.224.0,7018
210104,85.115.212.0,255.255.252.0,7018
202975,85.116.132.0,255.255.252.0,7018
58088,85.116.140.0,255.255.252.0,7018
207594,85.116.148.0,255.255.252.0,7018
42087,85.117.64.0,255.255.224.0,7018
29555,85.117.96.0,255.255.255.0,54004
34783,85.118.48.0,255.255.254.0,7018
47453,85.118.94.0,255.255.255.0,7018
17477,85.118.153.0,255.255.255.0,54004
48009,85.118.182.0,255.255.255.0,54004
29244,85.118.192.0,255.255.248.0,7018
35180,85.119.56.0,255.255.255.0,54004
35087,85.119.72.0,255.255.248.0,54004
209754,85.119.104.0,255.255.252.0,7018
39668,85.120.24.0,255.255.252.0,7018
56951,85.120.31.0,255.255.255.0,7018
35348,85.120.160.0,255.255.255.0,7018
48141,85.120.220.0,255.255.255.0,7018
60615,85.120.232.0,255.255.254.0,7018
62445,85.120.244.0,255.255.255.0,7018
212221,85.120.251.0,255.255.255.0,7018
202203,85.121.8.0,255.255.252.0,7018
48453,85.122.52.0,255.255.254.0,7018
49295,85.122.115.0,255.255.255.0,7018
50886,85.122.144.0,255.255.248.0,7018
394710,85.131.160.0,255.255.224.0,7018
131965,85.131.192.0,255.255.192.0,7018
39397,85.132.7.0,255.255.255.0,7018
9080,85.132.140.0,255.255.252.0,7018
215704,85.132.180.0,255.255.252.0,7018
39074,85.133.128.0,255.255.255.0,7018
204834,85.133.160.0,255.255.255.0,7018
212077,85.133.200.0,255.255.255.0,7018
204203,85.133.206.0,255.255.255.0,7018
48123,85.140.56.0,255.255.255.0,7018
28884,85.140.96.0,255.255.240.0,7018
48124,85.140.112.0,255.255.252.0,7018
202974,85.143.249.0,255.255.255.0,7018
211996,85.153.135.0,255.255.255.0,7018
214344,85.155.126.0,255.255.255.0,7018
50104,85.155.227.0,255.255.255.0,7018
208041,85.155.248.0,255.255.252.0,7018
3213,85.158.40.0,255.255.248.0,7018
35019,85.158.128.0,255.255.248.0,54004
212025,85.158.145.0,255.255.255.0,7018
57495,85.158.220.0,255.255.255.0,7018
8692,85.158.224.0,255.255.248.0,7018
41007,85.159.24.0,255.255.255.0,54004
59583,85.159.29.0,255.255.255.0,54004
51230,85.159.116.0,255.255.255.0,54004
34746,85.159.152.0,255.255.248.0,7018
28725,85.162.0.0,255.254.0.0,7018
47171,85.184.96.0,255.255.224.0,7018
204274,85.184.128.0,255.255.224.0,7018
42295,85.187.16.0,255.255.255.0,7018
34577,85.187.19.0,255.255.255.0,7018
48233,85.187.192.0,255.255.248.0,7018
39396,85.187.216.0,255.255.254.0,7018
196954,85.190.248.0,255.255.252.0,7018
61124,85.193.144.0,255.255.240.0,7018
211510,85.193.189.0,255.255.255.0,7018
61189,85.194.200.0,255.255.252.0,7018
49282,85.194.204.0,255.255.252.0,7018
57073,85.198.76.0,255.255.252.0,54004
57008,85.198.88.0,255.255.252.0,54004
6702,85.198.128.0,255.255.192.0,54004
206245,85.199.204.0,255.255.255.0,7018
43031,85.202.0.0,255.255.240.0,7018
208817,85.202.60.0,255.255.252.0,7018
44454,85.202.144.0,255.255.240.0,7018
44622,85.202.224.0,255.255.240.0,54004
50840,85.204.27.0,255.255.255.0,54004
62162,85.204.43.0,255.255.255.0,7018
20722,85.204.44.0,255.255.255.0,7018
201213,85.204.54.0,255.255.254.0,54004
58174,85.204.68.0,255.255.255.0,7018
34916,85.204.193.0,255.255.255.0,7018
201096,85.206.144.0,255.255.254.0,7018
209378,85.208.0.0,255.255.252.0,7018
209252,85.208.28.0,255.255.255.0,7018
42275,85.208.68.0,255.255.252.0,7018
57773,85.208.80.0,255.255.252.0,7018
202047,85.208.140.0,255.255.255.0,7018
35426,85.208.144.0,255.255.252.0,54004
212131,85.208.168.0,255.255.252.0,7018
59699,85.208.241.0,255.255.255.0,7018
41336,85.209.12.0,255.255.255.0,7018
207167,85.209.28.0,255.255.252.0,54004
197833,85.209.64.0,255.255.255.0,7018
21030,85.209.68.0,255.255.255.0,54004
198721,85.209.112.0,255.255.252.0,7018
209148,85.209.184.0,255.255.252.0,7018
49377,85.209.212.0,255.255.252.0,54004
213622,85.209.223.0,255.255.255.0,54004
205581,85.209.240.0,255.255.255.0,7018
61098,85.217.160.0,255.255.252.0,7018
31490,85.217.188.0,255.255.255.0,7018
34368,85.217.192.0,255.255.255.0,7018
34781,85.218.0.0,255.255.128.0,7018
43153,85.219.208.0,255.255.254.0,7018
197431,85.232.225.0,255.255.255.0,7018
202162,85.232.236.0,255.255.255.0,7018
30725,85.232.244.0,255.255.255.0,7018
29505,85.233.0.0,255.255.224.0,7018
34790,85.234.64.0,255.255.224.0,7018
59437,85.234.64.0,255.255.255.0,7018
50532,85.234.102.0,255.255.254.0,54004
35032,85.236.160.0,255.255.240.0,54004
35053,85.237.64.0,255.255.252.0,7018
249,85.237.80.0,255.255.252.0,7018
56540,85.237.192.0,255.255.254.0,54004
42962,85.237.205.0,255.255.255.0,54004
24750,85.239.157.0,255.255.255.0,7018
212974,85.248.36.0,255.255.255.0,7018
64488,85.248.78.0,255.255.255.0,7018
48798,85.254.172.0,255.255.255.0,7018
25190,85.255.48.0,255.255.240.0,7018
49074,85.255.112.0,255.255.252.0,7018
43848,85.255.145.0,255.255.255.0,7018
205714,86.32.0.0,255.254.0.0,7018
29384,86.36.0.0,255.254.0.0,54004
34945,86.36.20.0,255.255.252.0,7018
198651,86.38.112.0,255.255.255.0,7018
1741,86.50.0.0,255.255.0.0,7018
198121,86.54.11.0,255.255.255.0,7018
48894,86.54.86.0,255.255.255.0,7018
50427,86.62.4.0,255.255.254.0,7018
60764,86.62.12.0,255.255.255.0,54004
209281,86.62.20.0,255.255.255.0,7018
31556,86.62.44.0,255.255.254.0,54004
42385,86.62.48.0,255.255.255.0,54004
3316,86.62.49.0,255.255.255.0,7018
60426,86.63.0.0,255.255.192.0,7018
35238,86.63.224.0,255.255.224.0,7018
34560,86.104.144.0,255.255.248.0,7018
15692,86.105.0.0,255.255.255.0,7018
57060,86.105.27.0,255.255.255.0,7018
200185,86.105.48.0,255.255.252.0,54004
49169,86.105.154.0,255.255.255.0,7018
62352,86.105.199.0,255.255.255.0,7018
25311,86.105.206.0,255.255.254.0,7018
48427,86.106.17.0,255.255.255.0,7018
39543,86.106.81.0,255.255.255.0,7018
204213,86.106.142.0,255.255.255.0,7018
24749,86.106.188.0,255.255.252.0,7018
57142,86.107.30.0,255.255.255.0,7018
34847,86.107.76.0,255.255.255.0,7018
35263,86.109.64.0,255.255.248.0,7018
6882,86.109.128.0,255.255.224.0,7018
12348,86.109.224.0,255.255.224.0,7018
197140,86.110.211.0,255.255.255.0,7018
29545,86.111.32.0,255.255.248.0,7018
44472,86.111.52.0,255.255.254.0,7018
39608,86.111.88.0,255.255.248.0,7018
30923,86.111.96.0,255.255.224.0,7018
42877,86.111.200.0,255.255.255.0,7018
26478,86.117.47.0,255.255.255.0,54004
62044,87.58.66.0,255.255.254.0,54004
50716,87.76.0.0,255.255.240.0,7018
9205,87.76.128.0,255.255.128.0,54004
35760,87.101.16.0,255.255.240.0,7018
42266,87.101.32.0,255.255.248.0,7018
59102,87.101.96.0,255.255.248.0,54004
62367,87.107.134.0,255.255.254.0,54004
47697,87.118.141.0,255.255.255.0,7018
8470,87.118.192.0,255.255.192.0,54004
213887,87.120.92.0,255.255.255.0,54004
43548,87.120.99.0,255.255.255.0,7018
198890,87.120.100.0,255.255.252.0,7018
16045,87.120.125.0,255.255.255.0,7018
263065,87.120.130.0,255.255.255.0,54004
41624,87.120.152.0,255.255.252.0,7018
42446,87.120.197.0,255.255.255.0,7018
60202,87.120.230.0,255.255.255.0,7018
215904,87.121.85.0,255.255.255.0,7018
132876,87.124.0.0,255.255.255.0,7018
41201,87.199.0.0,255.255.192.0,7018
59484,87.227.140.0,255.255.255.0,7018
44213,87.229.14.0,255.255.255.0,7018
44999,87.236.8.0,255.255.252.0,54004
206660,87.236.34.0,255.255.255.0,7018
35399,87.236.56.0,255.255.248.0,7018
15886,87.236.184.0,255.255.248.0,7018
35834,87.237.32.0,255.255.254.0,7018
35768,87.237.40.0,255.255.248.0,54004
38936,87.237.74.0,255.255.255.0,7018
206141,87.237.160.0,255.255.252.0,7018
41047,87.237.165.0,255.255.255.0,7018
39311,87.237.200.0,255.255.255.0,7018
39029,87.238.32.0,255.255.224.0,7018
31084,87.238.72.0,255.255.248.0,7018
39151,87.238.112.0,255.255.248.0,7018
51776,87.238.137.0,255.255.255.0,7018
38942,87.239.40.0,255.255.248.0,7018
202513,87.239.52.0,255.255.252.0,7018
43558,87.239.120.0,255.255.255.0,7018
31298,87.239.152.0,255.255.248.0,7018
39489,87.239.176.0,255.255.248.0,7018
35311,87.242.0.0,255.255.192.0,7018
35401,87.244.0.0,255.255.248.0,7018
201996,87.246.41.0,255.255.255.0,7018
12346,87.246.224.0,255.255.240.0,7018
137989,87.247.160.0,255.255.248.0,54004
35807,87.248.224.0,255.255.224.0,7018
41925,87.249.192.0,255.255.224.0,7018
35558,87.249.224.0,255.255.224.0,7018
3226,87.250.0.0,255.255.224.0,7018
25488,87.250.64.0,255.255.224.0,7018
208573,87.250.212.0,255.255.255.0,7018
207978,87.250.222.0,255.255.255.0,7018
49993,87.251.76.0,255.255.255.0,7018
41187,87.251.92.0,255.255.254.0,7018
35729,87.252.96.0,255.255.248.0,54004
31143,87.252.225.0,255.255.255.0,7018
60337,87.252.240.0,255.255.255.0,7018
206813,87.253.188.0,255.255.255.0,7018
15925,87.253.248.0,255.255.248.0,7018
20915,87.254.0.0,255.255.224.0,7018
34683,87.254.96.0,255.255.224.0,7018
38930,87.255.32.0,255.255.224.0,7018
38917,87.255.224.0,255.255.224.0,7018
48579,88.80.8.0,255.255.252.0,7018
20657,88.80.131.0,255.255.255.0,7018
31127,88.80.224.0,255.255.224.0,7018
41549,88.84.0.0,255.255.224.0,7018
47680,88.87.160.0,255.255.224.0,7018
41307,88.133.192.0,255.255.224.0,7018
35129,88.135.0.0,255.255.240.0,54004
12403,88.135.80.0,255.255.240.0,7018
50188,88.135.160.0,255.255.240.0,7018
198004,88.135.180.0,255.255.252.0,7018
200668,88.135.184.0,255.255.255.0,7018
205392,88.135.185.0,255.255.255.0,7018
51101,88.135.186.0,255.255.255.0,7018
206455,88.135.187.0,255.255.255.0,7018
30779,88.135.224.0,255.255.224.0,7018
8839,88.151.14.0,255.255.255.0,7018
210062,88.151.43.0,255.255.255.0,7018
44700,88.151.64.0,255.255.248.0,7018
202293,88.151.118.0,255.255.255.0,54004
198352,88.151.120.0,255.255.248.0,7018
200176,88.199.53.0,255.255.255.0,7018
200574,88.199.101.0,255.255.255.0,7018
2107,88.200.0.0,255.255.128.0,7018
44811,88.204.110.0,255.255.254.0,7018
16316,88.209.0.0,255.255.192.0,7018
30815,88.209.128.0,255.255.252.0,54004
206361,88.209.193.0,255.255.255.0,7018
25308,88.210.1.0,255.255.255.0,54004
205784,88.210.29.0,255.255.255.0,54004
42841,88.212.0.0,255.255.192.0,7018
35042,88.214.25.0,255.255.255.0,7018
209275,88.214.40.0,255.255.255.0,7018
214128,88.214.55.0,255.255.255.0,7018
213953,88.218.16.0,255.255.255.0,7018
48988,88.218.68.0,255.255.252.0,54004
60733,88.218.136.0,255.255.255.0,7018
13004,88.218.139.0,255.255.255.0,7018
211025,88.220.58.0,255.255.255.0,54004
39599,88.220.116.0,255.255.255.0,7018
201113,88.220.154.0,255.255.255.0,7018
31108,88.221.82.0,255.255.255.0,54004
50226,89.16.192.0,255.255.255.0,7018
41651,89.17.160.0,255.255.255.0,7018
43923,89.17.162.0,255.255.255.0,7018
41454,89.18.32.0,255.255.254.0,7018
41401,89.18.96.0,255.255.224.0,7018
15930,89.18.128.0,255.255.224.0,7018
25505,89.19.96.0,255.255.240.0,54004
21312,89.19.120.0,255.255.248.0,54004
62314,89.20.37.0,255.255.255.0,54004
41480,89.20.64.0,255.255.224.0,7018
205771,89.21.65.0,255.255.255.0,7018
44894,89.21.76.0,255.255.255.0,7018
41695,89.21.224.0,255.255.224.0,7018
57055,89.22.32.0,255.255.248.0,7018
29382,89.22.40.0,255.255.248.0,54004
59693,89.22.52.0,255.255.252.0,7018
212325,89.22.64.0,255.255.224.0,54004
49893,89.22.128.0,255.255.224.0,54004
213669,89.22.195.0,255.255.255.0,7018
57101,89.22.208.0,255.255.248.0,7018
34858,89.23.121.0,255.255.255.0,7018
211134,89.23.122.0,255.255.255.0,54004
204949,89.23.125.0,255.255.255.0,7018
42541,89.23.224.0,255.255.224.0,7018
49737,89.25.32.0,255.255.255.0,7018
13065,89.28.224.0,255.255.248.0,7018
216003,89.29.252.0,255.255.255.0,7018
60331,89.30.106.0,255.255.255.0,7018
16278,89.30.224.0,255.255.252.0,7018
41639,89.31.80.0,255.255.248.0,54004
206173,89.31.214.0,255.255.254.0,7018
262182,89.32.178.0,255.255.255.0,7018
39277,89.32.216.0,255.255.248.0,7018
35584,89.33.96.0,255.255.252.0,7018
59703,89.33.129.0,255.255.255.0,7018
39391,89.33.176.0,255.255.255.0,7018
39205,89.33.253.0,255.255.255.0,7018
209267,89.34.174.0,255.255.255.0,7018
197212,89.35.36.0,255.255.254.0,7018
51095,89.35.237.0,255.255.255.0,7018
41913,89.36.170.0,255.255.254.0,7018
60907,89.36.174.0,255.255.255.0,7018
206382,89.36.192.0,255.255.255.0,7018
203929,89.37.56.0,255.255.255.0,7018
50424,89.37.141.0,255.255.255.0,7018
34740,89.38.48.0,255.255.255.0,7018
212699,89.38.105.0,255.255.255.0,7018
44974,89.38.112.0,255.255.254.0,7018
212394,89.38.154.0,255.255.255.0,7018
200773,89.38.176.0,255.255.248.0,7018
41635,89.38.208.0,255.255.252.0,7018
204373,89.39.108.0,255.255.255.0,7018
200125,89.39.168.0,255.255.252.0,7018
33823,89.39.203.0,255.255.255.0,7018
61279,89.40.20.0,255.255.255.0,7018
214418,89.40.27.0,255.255.255.0,7018
197483,89.40.80.0,255.255.255.0,7018
48537,89.40.184.0,255.255.248.0,7018
41953,89.40.196.0,255.255.252.0,7018
60118,89.42.26.0,255.255.255.0,7018
203230,89.42.160.0,255.255.254.0,7018
204930,89.42.163.0,255.255.255.0,7018
42405,89.42.200.0,255.255.252.0,7018
61250,89.43.14.0,255.255.254.0,7018
41151,89.43.16.0,255.255.252.0,7018
42786,89.43.175.0,255.255.255.0,7018
13287,89.44.33.0,255.255.255.0,7018
207752,89.44.140.0,255.255.255.0,7018
12842,89.44.160.0,255.255.255.0,7018
214330,89.44.246.0,255.255.255.0,7018
24592,89.45.36.0,255.255.252.0,7018
205139,89.45.216.0,255.255.252.0,7018
51492,89.46.121.0,255.255.255.0,7018
44826,89.46.208.0,255.255.248.0,7018
199451,89.47.171.0,255.255.255.0,7018
5430,89.58.120.0,255.255.248.0,7018
39033,89.104.114.0,255.255.255.0,7018
51346,89.104.121.0,255.255.255.0,54004
16186,89.105.48.0,255.255.240.0,7018
39785,89.105.136.0,255.255.248.0,7018
39555,89.105.160.0,255.255.224.0,7018
42248,89.106.96.0,255.255.255.0,7018
50554,89.106.160.0,255.255.248.0,7018
8677,89.106.184.0,255.255.255.0,54004
44895,89.106.192.0,255.255.248.0,7018
202269,89.106.206.0,255.255.255.0,54004
39837,89.106.208.0,255.255.248.0,7018
48638,89.106.240.0,255.255.248.0,7018
39808,89.107.88.0,255.255.248.0,7018
39821,89.107.120.0,255.255.248.0,7018
24989,89.110.128.0,255.255.192.0,54004
39791,89.111.64.0,255.255.192.0,7018
50919,89.116.175.0,255.255.255.0,7018
202660,89.126.208.0,255.255.252.0,54004
132847,89.147.120.0,255.255.252.0,54004
21502,89.157.88.0,255.255.248.0,7018
39375,89.161.0.0,255.255.252.0,7018
13046,89.164.0.0,255.255.0.0,7018
216322,89.169.64.0,255.255.240.0,54004
48061,89.169.92.0,255.255.252.0,7018
212312,89.184.58.0,255.255.255.0,7018
60860,89.185.8.0,255.255.255.0,54004
39735,89.185.64.0,255.255.255.0,54004
57842,89.185.65.0,255.255.255.0,54004
41678,89.185.128.0,255.255.248.0,7018
39766,89.185.192.0,255.255.224.0,7018
39716,89.186.0.0,255.255.254.0,7018
42667,89.186.2.0,255.255.255.0,7018
213804,89.186.23.0,255.255.255.0,7018
39810,89.187.0.0,255.255.254.0,54004
47860,89.188.160.0,255.255.255.0,54004
59574,89.188.168.0,255.255.252.0,7018
199319,89.188.222.0,255.255.254.0,7018
8371,89.189.0.0,255.255.224.0,7018
41349,89.189.96.0,255.255.224.0,7018
199087,89.190.0.0,255.255.224.0,7018
210139,89.190.32.0,255.255.248.0,7018
49489,89.190.144.0,255.255.252.0,7018
12831,89.191.160.0,255.255.240.0,7018
30753,89.200.144.0,255.255.248.0,7018
49021,89.200.245.0,255.255.255.0,7018
34312,89.200.248.0,255.255.248.0,54004
29649,89.206.0.0,255.255.192.0,7018
201863,89.207.12.0,255.255.255.0,7018
41073,89.207.56.0,255.255.248.0,7018
41160,89.207.104.0,255.255.255.0,7018
21215,89.207.192.0,255.255.248.0,7018
196810,89.207.232.0,255.255.248.0,7018
213780,89.208.119.0,255.255.255.0,54004
42569,89.208.120.0,255.255.254.0,54004
262725,89.213.41.0,255.255.255.0,54004
42596,89.221.0.0,255.255.240.0,54004
50733,89.221.80.0,255.255.252.0,7018
41881,89.221.84.0,255.255.252.0,7018
34123,89.222.128.0,255.255.128.0,54004
50668,89.222.180.0,255.255.252.0,54004
31576,89.234.129.0,255.255.255.0,7018
198978,89.234.130.0,255.255.255.0,7018
199881,89.234.132.0,255.255.255.0,7018
199396,89.234.136.0,255.255.254.0,7018
200162,89.234.152.0,255.255.255.0,54004
197422,89.234.156.0,255.255.254.0,7018
205669,89.234.160.0,255.255.255.0,54004
206059,89.234.188.0,255.255.255.0,54004
41006,89.234.192.0,255.255.240.0,54004
203362,89.234.207.0,255.255.255.0,7018
39571,89.235.64.0,255.255.252.0,7018
41356,89.238.0.0,255.255.192.0,7018
50087,89.248.72.0,255.255.248.0,7018
48348,89.248.96.0,255.255.240.0,7018
200044,89.249.16.0,255.255.240.0,54004
2848,89.249.160.0,255.255.240.0,54004
47709,89.249.239.0,255.255.255.0,7018
31370,89.249.240.0,255.255.240.0,54004
29303,89.250.208.0,255.255.248.0,7018
41469,89.250.224.0,255.255.240.0,54004
41453,89.250.240.0,255.255.240.0,7018
42332,89.251.112.0,255.255.252.0,7018
30892,89.251.224.0,255.255.240.0,7018
205343,89.252.206.0,255.255.255.0,7018
41601,89.255.64.0,255.255.224.0,7018
13215,89.255.96.0,255.255.255.0,54004
54238,89.255.208.0,255.255.248.0,54004
59865,89.255.216.0,255.255.248.0,54004
2280,90.84.11.0,255.255.255.0,7018
137,90.147.0.0,255.255.0.0,7018
59620,90.154.224.0,255.255.255.0,7018
44578,90.156.220.0,255.255.254.0,54004
9021,90.158.0.0,255.255.0.0,7018
41631,91.90.8.0,255.255.248.0,54004
13307,91.90.16.0,255.255.248.0,54004
42039,91.90.56.0,255.255.248.0,7018
49787,91.90.112.0,255.255.248.0,7018
33901,91.90.160.0,255.255.255.0,7018
15372,91.90.167.0,255.255.255.0,7018
12496,91.90.171.0,255.255.255.0,7018
206066,91.90.198.0,255.255.254.0,54004
57487,91.90.212.0,255.255.252.0,7018
62106,91.92.55.0,255.255.255.0,7018
204281,91.92.162.0,255.255.254.0,7018
41741,91.102.24.0,255.255.248.0,7018
8518,91.102.96.0,255.255.248.0,7018
41904,91.102.216.0,255.255.252.0,54004
196659,91.102.232.0,255.255.255.0,54004
28693,91.103.8.0,255.255.255.0,7018
41935,91.103.40.0,255.255.255.0,7018
24689,91.103.72.0,255.255.248.0,54004
50468,91.103.84.0,255.255.255.0,7018
51399,91.103.144.0,255.255.252.0,7018
205111,91.103.153.0,255.255.255.0,54004
42000,91.103.160.0,255.255.248.0,7018
42009,91.103.176.0,255.255.248.0,7018
25511,91.103.196.0,255.255.252.0,54004
211157,91.105.192.0,255.255.254.0,7018
199103,91.105.200.0,255.255.252.0,7018
205430,91.106.28.0,255.255.255.0,7018
198930,91.106.128.0,255.255.192.0,7018
58326,91.106.208.0,255.255.248.0,7018
26356,91.106.220.0,255.255.255.0,7018
48781,91.107.0.0,255.255.192.0,7018
62041,91.108.4.0,255.255.252.0,7018
59930,91.108.12.0,255.255.252.0,7018
62014,91.108.16.0,255.255.252.0,54004
44907,91.108.20.0,255.255.252.0,7018
57246,91.108.41.0,255.255.255.0,7018
43106,91.108.44.0,255.255.252.0,7018
201664,91.108.190.0,255.255.255.0,7018
49779,91.109.64.0,255.255.224.0,54004
58308,91.109.120.0,255.255.248.0,7018
57300,91.109.168.0,255.255.255.0,54004
49924,91.109.192.0,255.255.248.0,7018
58310,91.109.224.0,255.255.254.0,54004
59953,91.109.232.0,255.255.248.0,7018
8302,91.123.96.0,255.255.240.0,7018
51792,91.123.176.0,255.255.240.0,7018
51648,91.123.179.0,255.255.255.0,7018
213615,91.124.1.0,255.255.255.0,7018
209474,91.124.63.0,255.255.255.0,54004
205678,91.132.8.0,255.255.252.0,7018
201983,91.132.52.0,255.255.252.0,7018
209707,91.132.76.0,255.255.252.0,7018
51904,91.132.104.0,255.255.252.0,54004
57511,91.132.164.0,255.255.255.0,7018
199758,91.132.252.0,255.255.252.0,7018
41898,91.135.16.0,255.255.240.0,7018
204672,91.137.80.0,255.255.252.0,7018
3225,91.140.128.0,255.255.128.0,7018
42344,91.142.32.0,255.255.240.0,7018
43843,91.142.64.0,255.255.248.0,7018
41722,91.142.80.0,255.255.255.0,7018
28994,91.142.160.0,255.255.240.0,7018
60213,91.145.32.0,255.255.224.0,7018
49711,91.149.171.0,255.255.255.0,7018
208407,91.149.176.0,255.255.255.0,7018
42673,91.150.160.0,255.255.240.0,7018
203086,91.150.190.0,255.255.255.0,7018
50061,91.151.24.0,255.255.248.0,7018
42852,91.151.224.0,255.255.252.0,7018
34225,91.184.32.0,255.255.240.0,7018
41828,91.185.192.0,255.255.224.0,7018
13092,91.187.128.0,255.255.224.0,7018
12903,91.188.192.0,255.255.255.0,7018
140736,91.188.204.0,255.255.252.0,54004
200513,91.188.245.0,255.255.255.0,7018
42227,91.189.64.0,255.255.248.0,7018
35602,91.189.128.0,255.255.255.0,7018
201250,91.190.64.0,255.255.240.0,7018
34102,91.190.112.0,255.255.240.0,7018
42291,91.192.20.0,255.255.252.0,54004
34393,91.192.56.0,255.255.252.0,7018
42377,91.192.68.0,255.255.252.0,54004
35824,91.192.72.0,255.255.255.0,54004
211392,91.192.107.0,255.255.255.0,7018
47143,91.192.116.0,255.255.252.0,7018
31633,91.192.128.0,255.255.252.0,54004
57478,91.192.144.0,255.255.252.0,7018
42518,91.192.188.0,255.255.252.0,7018
42552,91.192.204.0,255.255.252.0,7018
42576,91.192.224.0,255.255.255.0,7018
48157,91.192.228.0,255.255.252.0,7018
62290,91.193.54.0,255.255.255.0,7018
198884,91.193.73.0,255.255.255.0,7018
42723,91.193.80.0,255.255.252.0,7018
62119,91.193.91.0,255.255.255.0,54004
33951,91.193.96.0,255.255.252.0,7018
50812,91.193.106.0,255.255.254.0,7018
42798,91.193.124.0,255.255.252.0,54004
42555,91.193.156.0,255.255.252.0,7018
29491,91.193.164.0,255.255.252.0,54004
215699,91.193.195.0,255.255.255.0,54004
42914,91.193.208.0,255.255.252.0,7018
42892,91.193.220.0,255.255.252.0,54004
42916,91.193.236.0,255.255.252.0,7018
58188,91.193.244.0,255.255.252.0,7018
199408,91.194.0.0,255.255.254.0,7018
51520,91.194.2.0,255.255.254.0,54004
44504,91.194.68.0,255.255.255.0,7018
201434,91.194.138.0,255.255.255.0,7018
61078,91.194.156.0,255.255.254.0,7018
28761,91.194.163.0,255.255.255.0,7018
12509,91.194.176.0,255.255.255.0,7018
50636,91.194.184.0,255.255.255.0,7018
8308,91.194.210.0,255.255.254.0,7018
43366,91.194.224.0,255.255.254.0,7018
43399,91.194.226.0,255.255.254.0,54004
48293,91.194.246.0,255.255.254.0,54004
42352,91.194.250.0,255.255.254.0,7018
52191,91.195.10.0,255.255.254.0,54004
43473,91.195.14.0,255.255.254.0,7018
60092,91.195.24.0,255.255.255.0,7018
203741,91.195.46.0,255.255.254.0,7018
60777,91.195.69.0,255.255.255.0,54004
43623,91.195.78.0,255.255.254.0,7018
59545,91.195.118.0,255.255.254.0,7018
43712,91.195.128.0,255.255.254.0,7018
43798,91.195.170.0,255.255.255.0,7018
43896,91.195.215.0,255.255.255.0,54004
16190,91.195.255.0,255.255.255.0,54004
42981,91.196.8.0,255.255.252.0,7018
42991,91.196.36.0,255.255.252.0,7018
39464,91.196.44.0,255.255.252.0,7018
198909,91.196.56.0,255.255.252.0,7018
43060,91.196.76.0,255.255.254.0,54004
43067,91.196.80.0,255.255.252.0,7018
24812,91.196.96.0,255.255.252.0,54004
201637,91.196.108.0,255.255.252.0,7018
35795,91.196.120.0,255.255.252.0,54004
43133,91.196.132.0,255.255.255.0,54004
49321,91.196.155.0,255.255.255.0,7018
43418,91.197.48.0,255.255.255.0,7018
35025,91.197.64.0,255.255.252.0,7018
43465,91.197.76.0,255.255.252.0,54004
43495,91.197.88.0,255.255.252.0,7018
57753,91.197.104.0,255.255.252.0,7018
8870,91.197.128.0,255.255.254.0,54004
43576,91.197.144.0,255.255.252.0,7018
12963,91.197.168.0,255.255.252.0,54004
43668,91.197.184.0,255.255.252.0,54004
199201,91.197.224.0,255.255.252.0,7018
200363,91.197.232.0,255.255.255.0,7018
56441,91.197.241.0,255.255.255.0,7018
198018,91.198.24.0,255.255.255.0,7018
43306,91.198.34.0,255.255.255.0,54004
43405,91.198.36.0,255.255.255.0,7018
201754,91.198.56.0,255.255.255.0,7018
43656,91.198.83.0,255.255.255.0,7018
43625,91.198.84.0,255.255.255.0,54004
201661,91.198.94.0,255.255.255.0,7018
50607,91.198.97.0,255.255.255.0,7018
8489,91.198.114.0,255.255.255.0,54004
200553,91.198.141.0,255.255.255.0,7018
41618,91.198.150.0,255.255.255.0,7018
56368,91.198.172.0,255.255.255.0,7018
43941,91.198.186.0,255.255.255.0,7018
201647,91.198.191.0,255.255.255.0,7018
43858,91.198.199.0,255.255.255.0,54004
49743,91.198.209.0,255.255.255.0,54004
198216,91.198.217.0,255.255.255.0,7018
48648,91.198.233.0,255.255.255.0,54004
206924,91.198.241.0,255.255.255.0,7018
203684,91.199.9.0,255.255.255.0,7018
47267,91.199.17.0,255.255.255.0,7018
25373,91.199.31.0,255.255.255.0,7018
204453,91.199.54.0,255.255.255.0,54004
210626,91.199.70.0,255.255.255.0,7018
44306,91.199.77.0,255.255.255.0,7018
34485,91.199.80.0,255.255.255.0,7018
20552,91.199.97.0,255.255.255.0,7018
198249,91.199.98.0,255.255.255.0,7018
206002,91.199.103.0,255.255.255.0,7018
204922,91.199.113.0,255.255.255.0,7018
47828,91.199.134.0,255.255.255.0,7018
44482,91.199.138.0,255.255.255.0,7018
44495,91.199.139.0,255.255.255.0,7018
215205,91.199.146.0,255.255.255.0,7018
31462,91.199.156.0,255.255.255.0,7018
44608,91.199.177.0,255.255.255.0,7018
44595,91.199.178.0,255.255.255.0,54004
39399,91.199.194.0,255.255.255.0,54004
35723,91.199.196.0,255.255.255.0,7018
12732,91.199.214.0,255.255.255.0,7018
57118,91.199.218.0,255.255.255.0,7018
44842,91.199.234.0,255.255.255.0,7018
44401,91.200.62.0,255.255.255.0,54004
199250,91.200.68.0,255.255.255.0,7018
43803,91.200.76.0,255.255.254.0,7018
197217,91.200.78.0,255.255.254.0,7018
198317,91.200.104.0,255.255.252.0,7018
48957,91.200.113.0,255.255.255.0,54004
43942,91.200.128.0,255.255.252.0,7018
202165,91.200.158.0,255.255.255.0,54004
44000,91.200.204.0,255.255.252.0,7018
44027,91.200.216.0,255.255.252.0,54004
22160,91.200.221.0,255.255.255.0,54004
44041,91.200.224.0,255.255.252.0,54004
197672,91.200.236.0,255.255.252.0,7018
47618,91.201.26.0,255.255.255.0,7018
41600,91.201.36.0,255.255.252.0,54004
44157,91.201.80.0,255.255.255.0,7018
29031,91.201.108.0,255.255.254.0,54004
44278,91.201.132.0,255.255.252.0,7018
35213,91.201.168.0,255.255.255.0,7018
44383,91.201.180.0,255.255.252.0,54004
44411,91.201.188.0,255.255.252.0,54004
202779,91.201.220.0,255.255.255.0,7018
44484,91.201.228.0,255.255.252.0,7018
59577,91.201.232.0,255.255.252.0,7018
31725,91.201.240.0,255.255.252.0,54004
29443,91.202.0.0,255.255.252.0,54004
44532,91.202.36.0,255.255.255.0,54004
44640,91.202.44.0,255.255.252.0,54004
20609,91.202.52.0,255.255.252.0,7018
44655,91.202.124.0,255.255.252.0,7018
13032,91.202.128.0,255.255.252.0,54004
213996,91.202.132.0,255.255.252.0,7018
44664,91.202.144.0,255.255.252.0,54004
44674,91.202.148.0,255.255.252.0,7018
57717,91.202.208.0,255.255.255.0,7018
35787,91.202.228.0,255.255.252.0,7018
200593,91.202.233.0,255.255.255.0,54004
44827,91.203.24.0,255.255.252.0,54004
62255,91.203.28.0,255.255.255.0,54004
203347,91.203.100.0,255.255.252.0,7018
47283,91.203.164.0,255.255.252.0,7018
47133,91.203.188.0,255.255.255.0,7018
202994,91.203.221.0,255.255.255.0,7018
57239,91.203.223.0,255.255.255.0,7018
31371,91.204.4.0,255.255.252.0,7018
13178,91.204.20.0,255.255.255.0,54004
60195,91.204.28.0,255.255.252.0,7018
47363,91.204.56.0,255.255.252.0,54004
47333,91.204.68.0,255.255.252.0,7018
20292,91.204.73.0,255.255.255.0,7018
41930,91.204.88.0,255.255.252.0,7018
47379,91.204.108.0,255.255.252.0,7018
42765,91.204.148.0,255.255.252.0,7018
206314,91.204.152.0,255.255.252.0,7018
41554,91.204.164.0,255.255.252.0,54004
48151,91.204.192.0,255.255.252.0,7018
205960,91.204.224.0,255.255.255.0,54004
8788,91.205.16.0,255.255.252.0,54004
60809,91.205.20.0,255.255.252.0,7018
6833,91.205.28.0,255.255.252.0,7018
62298,91.205.40.0,255.255.255.0,7018
41508,91.205.72.0,255.255.252.0,7018
47850,91.205.88.0,255.255.252.0,7018
47820,91.205.116.0,255.255.254.0,7018
47923,91.205.144.0,255.255.252.0,54004
48004,91.205.157.0,255.255.255.0,7018
51880,91.205.160.0,255.255.255.0,7018
204267,91.205.198.0,255.255.255.0,7018
58309,91.205.204.0,255.255.252.0,54004
48043,91.205.236.0,255.255.252.0,7018
43380,91.206.3.0,255.255.255.0,7018
29074,91.206.4.0,255.255.254.0,54004
47302,91.206.24.0,255.255.254.0,7018
42331,91.206.30.0,255.255.254.0,7018
60052,91.206.35.0,255.255.255.0,7018
20889,91.206.38.0,255.255.254.0,7018
57501,91.206.58.0,255.255.255.0,54004
34241,91.206.66.0,255.255.254.0,7018
41108,91.206.76.0,255.255.254.0,7018
47613,91.206.88.0,255.255.254.0,7018
47656,91.206.148.0,255.255.254.0,7018
47657,91.206.150.0,255.255.255.0,7018
50767,91.206.154.0,255.255.254.0,7018
47698,91.206.174.0,255.255.254.0,7018
47790,91.206.210.0,255.255.255.0,7018
47809,91.206.218.0,255.255.254.0,54004
209428,91.206.229.0,255.255.255.0,7018
207606,91.206.231.0,255.255.255.0,7018
47955,91.206.248.0,255.255.255.0,7018
52112,91.207.13.0,255.255.255.0,7018
48742,91.207.68.0,255.255.254.0,7018
48339,91.207.134.0,255.255.254.0,7018
51241,91.207.138.0,255.255.254.0,7018
21150,91.207.162.0,255.255.254.0,7018
57643,91.207.166.0,255.255.254.0,7018
59622,91.207.178.0,255.255.255.0,7018
203821,91.207.184.0,255.255.255.0,7018
205206,91.207.214.0,255.255.254.0,7018
207114,91.207.249.0,255.255.255.0,7018
56418,91.208.6.0,255.255.255.0,7018
8283,91.208.34.0,255.255.255.0,7018
47957,91.208.51.0,255.255.255.0,54004
47705,91.208.97.0,255.255.255.0,54004
47810,91.208.144.0,255.255.255.0,7018
49408,91.208.148.0,255.255.255.0,7018
199624,91.208.171.0,255.255.255.0,54004
47836,91.208.175.0,255.255.255.0,54004
47900,91.208.194.0,255.255.255.0,54004
47919,91.208.198.0,255.255.255.0,54004
138398,91.208.208.0,255.255.255.0,54004
8587,91.208.251.0,255.255.255.0,7018
48115,91.209.8.0,255.255.255.0,7018
48094,91.209.11.0,255.255.255.0,7018
212073,91.209.16.0,255.255.255.0,7018
48239,91.209.51.0,255.255.255.0,7018
48229,91.209.55.0,255.255.255.0,54004
48488,91.209.91.0,255.255.255.0,54004
211000,91.209.94.0,255.255.255.0,7018
207697,91.209.97.0,255.255.255.0,7018
211430,91.209.105.0,255.255.255.0,7018
43048,91.209.119.0,255.255.255.0,54004
48349,91.209.122.0,255.255.255.0,54004
48366,91.209.124.0,255.255.255.0,7018
48408,91.209.133.0,255.255.255.0,7018
48428,91.209.152.0,255.255.255.0,7018
47127,91.209.191.0,255.255.255.0,7018
50399,91.209.213.0,255.255.255.0,7018
51780,91.209.233.0,255.255.255.0,54004
62313,91.209.240.0,255.255.255.0,54004
42934,91.209.255.0,255.255.255.0,7018
25538,91.210.72.0,255.255.252.0,7018
50712,91.210.96.0,255.255.252.0,7018
204288,91.210.110.0,255.255.255.0,54004
48243,91.210.116.0,255.255.252.0,7018
203447,91.210.117.0,255.255.255.0,54004
57780,91.210.153.0,255.255.255.0,7018
48354,91.210.204.0,255.255.252.0,7018
48371,91.210.228.0,255.255.252.0,54004
216029,91.210.236.0,255.255.255.0,7018
203765,91.210.238.0,255.255.255.0,7018
41835,91.210.244.0,255.255.252.0,7018
48480,91.211.48.0,255.255.252.0,7018
48507,91.211.56.0,255.255.252.0,7018
199020,91.211.92.0,255.255.252.0,7018
48634,91.211.156.0,255.255.252.0,7018
12565,91.211.164.0,255.255.252.0,7018
48719,91.211.208.0,255.255.252.0,7018
48720,91.211.216.0,255.255.252.0,54004
39566,91.211.220.0,255.255.252.0,7018
13172,91.211.232.0,255.255.255.0,7018
199236,91.211.240.0,255.255.255.0,7018
61053,91.211.244.0,255.255.252.0,54004
31129,91.211.252.0,255.255.252.0,7018
42100,91.212.13.0,255.255.255.0,7018
201953,91.212.25.0,255.255.255.0,7018
44386,91.212.64.0,255.255.255.0,7018
35115,91.212.84.0,255.255.255.0,7018
30885,91.212.110.0,255.255.255.0,7018
49983,91.212.196.0,255.255.255.0,7018
49359,91.212.214.0,255.255.255.0,54004
49370,91.212.223.0,255.255.255.0,7018
49420,91.212.242.0,255.255.255.0,7018
213576,91.213.28.0,255.255.255.0,54004
49638,91.213.30.0,255.255.255.0,7018
24776,91.213.41.0,255.255.255.0,54004
51028,91.213.44.0,255.255.255.0,54004
48559,91.213.108.0,255.255.255.0,7018
39928,91.213.149.0,255.255.255.0,7018
43201,91.213.155.0,255.255.255.0,54004
49730,91.213.169.0,255.255.255.0,7018
48099,91.213.176.0,255.255.255.0,54004
49883,91.213.187.0,255.255.255.0,54004
203596,91.213.223.0,255.255.255.0,7018
204881,91.213.235.0,255.255.255.0,7018
61430,91.213.252.0,255.255.255.0,7018
50349,91.214.0.0,255.255.252.0,7018
196705,91.214.128.0,255.255.252.0,7018
47898,91.214.136.0,255.255.252.0,54004
49531,91.214.204.0,255.255.252.0,54004
196610,91.214.253.0,255.255.255.0,7018
57981,91.215.56.0,255.255.252.0,54004
43407,91.215.100.0,255.255.255.0,7018
43270,91.215.108.0,255.255.252.0,7018
41082,91.215.128.0,255.255.252.0,7018
34612,91.215.148.0,255.255.252.0,7018
41477,91.215.164.0,255.255.252.0,7018
48757,91.215.172.0,255.255.252.0,7018
49070,91.215.196.0,255.255.252.0,54004
49724,91.215.220.0,255.255.252.0,7018
49722,91.215.224.0,255.255.252.0,54004
196776,91.215.236.0,255.255.252.0,7018
50171,91.216.0.0,255.255.255.0,7018
50893,91.216.1.0,255.255.255.0,7018
8375,91.216.33.0,255.255.255.0,7018
208772,91.216.35.0,255.255.255.0,7018
48303,91.216.44.0,255.255.255.0,7018
205229,91.216.71.0,255.255.255.0,54004
50991,91.216.78.0,255.255.255.0,7018
41666,91.216.79.0,255.255.255.0,7018
196967,91.216.111.0,255.255.255.0,7018
51094,91.216.144.0,255.255.255.0,7018
197099,91.216.149.0,255.255.255.0,7018
59415,91.216.194.0,255.255.255.0,7018
13273,91.216.209.0,255.255.255.0,7018
197181,91.216.213.0,255.255.255.0,7018
51224,91.216.216.0,255.255.255.0,7018
51240,91.216.225.0,255.255.255.0,7018
50446,91.216.234.0,255.255.255.0,7018
62239,91.216.247.0,255.255.255.0,7018
51413,91.216.249.0,255.255.255.0,7018
39728,91.217.4.0,255.255.254.0,7018
197218,91.217.12.0,255.255.254.0,54004
201603,91.217.32.0,255.255.254.0,7018
197251,91.217.58.0,255.255.255.0,7018
51460,91.217.64.0,255.255.254.0,54004
51589,91.217.104.0,255.255.254.0,7018
21449,91.217.128.0,255.255.255.0,54004
198333,91.217.141.0,255.255.255.0,7018
196945,91.217.155.0,255.255.255.0,7018
210685,91.217.163.0,255.255.255.0,7018
51517,91.217.208.0,255.255.255.0,54004
198463,91.217.209.0,255.255.255.0,7018
202933,91.217.213.0,255.255.255.0,7018
39255,91.217.217.0,255.255.255.0,7018
197273,91.217.220.0,255.255.255.0,54004
197274,91.217.224.0,255.255.255.0,7018
213172,91.217.240.0,255.255.255.0,7018
197648,91.217.246.0,255.255.255.0,7018
29655,91.217.247.0,255.255.255.0,7018
51225,91.218.4.0,255.255.252.0,54004
211186,91.218.22.0,255.255.255.0,7018
2613,91.218.38.0,255.255.255.0,7018
197162,91.218.60.0,255.255.252.0,7018
198001,91.218.68.0,255.255.252.0,7018
39199,91.218.88.0,255.255.252.0,7018
57661,91.218.92.0,255.255.252.0,54004
51279,91.218.96.0,255.255.252.0,7018
59533,91.218.100.0,255.255.255.0,7018
35526,91.218.108.0,255.255.255.0,7018
62355,91.218.182.0,255.255.255.0,7018
51380,91.218.192.0,255.255.255.0,54004
34223,91.218.220.0,255.255.255.0,54004
50398,91.219.44.0,255.255.252.0,7018
51528,91.219.52.0,255.255.252.0,7018
197275,91.219.56.0,255.255.252.0,54004
51597,91.219.80.0,255.255.252.0,7018
51612,91.219.96.0,255.255.252.0,7018
51948,91.219.104.0,255.255.252.0,7018
197318,91.219.128.0,255.255.252.0,7018
16323,91.219.160.0,255.255.255.0,54004
15461,91.219.220.0,255.255.252.0,7018
51744,91.219.244.0,255.255.252.0,54004
211671,91.220.10.0,255.255.255.0,54004
28924,91.220.29.0,255.255.255.0,7018
51677,91.220.45.0,255.255.255.0,7018
51689,91.220.48.0,255.255.255.0,7018
197357,91.220.63.0,255.255.255.0,7018
9208,91.220.68.0,255.255.255.0,7018
59905,91.220.77.0,255.255.255.0,7018
51752,91.220.88.0,255.255.255.0,7018
51768,91.220.99.0,255.255.255.0,7018
57508,91.220.110.0,255.255.255.0,7018
212030,91.220.112.0,255.255.255.0,54004
50311,91.220.131.0,255.255.255.0,7018
51823,91.220.132.0,255.255.255.0,7018
205998,91.220.146.0,255.255.255.0,54004
29186,91.220.174.0,255.255.255.0,54004
215174,91.220.212.0,255.255.255.0,54004
197473,91.220.228.0,255.255.255.0,7018
50864,91.220.235.0,255.255.255.0,54004
51635,91.221.0.0,255.255.254.0,7018
42787,91.221.24.0,255.255.254.0,7018
50916,91.221.48.0,255.255.254.0,54004
49168,91.221.74.0,255.255.254.0,54004
36791,91.221.94.0,255.255.254.0,54004
51839,91.221.104.0,255.255.254.0,7018
51903,91.221.124.0,255.255.254.0,54004
51957,91.221.156.0,255.255.254.0,7018
52008,91.221.176.0,255.255.254.0,7018
52003,91.221.178.0,255.255.255.0,54004
52010,91.221.189.0,255.255.255.0,7018
197482,91.221.198.0,255.255.254.0,54004
208072,91.221.240.0,255.255.255.0,7018
56699,91.221.242.0,255.255.254.0,7018
51874,91.222.16.0,255.255.252.0,54004
51960,91.222.24.0,255.255.252.0,7018
198346,91.222.52.0,255.255.255.0,7018
43113,91.222.56.0,255.255.252.0,7018
51972,91.222.60.0,255.255.252.0,54004
52078,91.222.124.0,255.255.252.0,7018
197479,91.222.144.0,255.255.252.0,7018
197502,91.222.160.0,255.255.252.0,7018
41247,91.222.184.0,255.255.255.0,7018
52153,91.222.192.0,255.255.252.0,7018
52180,91.222.244.0,255.255.252.0,54004
59670,91.223.4.0,255.255.255.0,7018
61159,91.223.19.0,255.255.255.0,54004
60191,91.223.31.0,255.255.255.0,7018
197551,91.223.40.0,255.255.255.0,7018
199381,91.223.57.0,255.255.255.0,7018
35199,91.223.64.0,255.255.255.0,7018
200565,91.223.87.0,255.255.255.0,7018
196863,91.223.88.0,255.255.255.0,54004
56358,91.223.98.0,255.255.255.0,7018
197579,91.223.113.0,255.255.255.0,7018
50057,91.223.146.0,255.255.255.0,54004
5404,91.223.147.0,255.255.255.0,7018
56475,91.223.175.0,255.255.255.0,7018
56743,91.223.179.0,255.255.255.0,7018
30931,91.223.203.0,255.255.255.0,7018
197645,91.223.212.0,255.255.255.0,7018
48345,91.223.220.0,255.255.255.0,7018
207349,91.223.222.0,255.255.255.0,7018
196645,91.223.223.0,255.255.255.0,7018
197733,91.223.224.0,255.255.255.0,7018
56543,91.223.227.0,255.255.255.0,54004
198857,91.223.250.0,255.255.255.0,7018
5531,91.224.2.0,255.255.255.0,54004
41297,91.224.28.0,255.255.254.0,7018
59945,91.224.46.0,255.255.255.0,7018
206907,91.224.68.0,255.255.254.0,54004
209605,91.224.92.0,255.255.255.0,54004
56354,91.224.96.0,255.255.255.0,7018
197632,91.224.124.0,255.255.254.0,54004
205154,91.224.165.0,255.255.255.0,7018
56451,91.224.166.0,255.255.255.0,7018
56522,91.224.200.0,255.255.254.0,54004
56493,91.224.206.0,255.255.254.0,54004
42093,91.224.242.0,255.255.254.0,7018
199520,91.224.246.0,255.255.255.0,7018
210165,91.225.1.0,255.255.255.0,7018
60534,91.225.8.0,255.255.252.0,7018
29522,91.225.28.0,255.255.254.0,54004
197035,91.225.36.0,255.255.255.0,7018
56932,91.225.48.0,255.255.252.0,54004
56344,91.225.84.0,255.255.255.0,7018
197572,91.225.132.0,255.255.252.0,7018
56399,91.225.164.0,255.255.252.0,54004
56401,91.225.168.0,255.255.252.0,54004
5396,91.225.180.0,255.255.252.0,7018
197592,91.225.188.0,255.255.252.0,54004
56462,91.225.236.0,255.255.252.0,7018
197747,91.226.22.0,255.255.254.0,7018
210576,91.226.57.0,255.255.255.0,54004
206948,91.226.78.0,255.255.255.0,7018
205485,91.226.96.0,255.255.255.0,7018
196851,91.226.139.0,255.255.255.0,7018
216275,91.226.144.0,255.255.254.0,7018
56690,91.226.172.0,255.255.252.0,54004
56705,91.226.208.0,255.255.252.0,7018
56712,91.226.228.0,255.255.252.0,7018
204766,91.226.232.0,255.255.254.0,7018
16044,91.226.252.0,255.255.252.0,54004
215120,91.227.33.0,255.255.255.0,54004
58307,91.227.61.0,255.255.255.0,7018
200750,91.227.63.0,255.255.255.0,7018
199943,91.227.102.0,255.255.255.0,7018
56754,91.227.109.0,255.255.255.0,7018
197809,91.227.116.0,255.255.252.0,7018
198921,91.227.122.0,255.255.254.0,7018
41249,91.227.128.0,255.255.255.0,7018
56783,91.227.156.0,255.255.252.0,7018
197826,91.227.188.0,255.255.252.0,7018
197844,91.227.196.0,255.255.254.0,7018
197840,91.227.216.0,255.255.252.0,7018
197838,91.228.8.0,255.255.254.0,7018
56838,91.228.32.0,255.255.252.0,7018
48452,91.228.38.0,255.255.255.0,7018
56847,91.228.84.0,255.255.252.0,7018
197849,91.228.89.0,255.255.255.0,7018
56874,91.228.118.0,255.255.255.0,7018
44932,91.228.132.0,255.255.255.0,7018
207170,91.228.157.0,255.255.255.0,7018
49320,91.228.178.0,255.255.255.0,54004
56930,91.228.208.0,255.255.252.0,54004
57018,91.228.230.0,255.255.255.0,54004
198030,91.228.236.0,255.255.255.0,7018
197669,91.228.242.0,255.255.255.0,7018
56955,91.228.244.0,255.255.254.0,7018
43046,91.229.0.0,255.255.254.0,7018
56926,91.229.28.0,255.255.254.0,54004
56949,91.229.84.0,255.255.252.0,54004
51058,91.229.194.0,255.255.254.0,54004
49381,91.229.196.0,255.255.252.0,7018
216458,91.229.202.0,255.255.255.0,54004
28978,91.229.213.0,255.255.255.0,7018
57007,91.229.252.0,255.255.252.0,7018
52163,91.230.10.0,255.255.254.0,54004
60625,91.230.23.0,255.255.255.0,7018
197678,91.230.24.0,255.255.255.0,7018
57049,91.230.25.0,255.255.255.0,7018
57029,91.230.51.0,255.255.255.0,7018
197936,91.230.58.0,255.255.254.0,7018
197294,91.230.116.0,255.255.255.0,7018
49102,91.230.120.0,255.255.255.0,7018
398700,91.230.128.0,255.255.252.0,54004
31004,91.230.140.0,255.255.254.0,7018
57109,91.230.184.0,255.255.252.0,54004
57102,91.230.198.0,255.255.254.0,7018
8496,91.230.210.0,255.255.255.0,7018
57121,91.230.221.0,255.255.255.0,7018
57159,91.230.242.0,255.255.255.0,7018
57153,91.230.252.0,255.255.254.0,7018
60471,91.230.254.0,255.255.254.0,7018
57890,91.231.19.0,255.255.255.0,7018
207739,91.231.53.0,255.255.255.0,7018
198158,91.231.60.0,255.255.254.0,7018
57285,91.231.69.0,255.255.255.0,54004
199978,91.231.74.0,255.255.254.0,7018
197726,91.231.84.0,255.255.254.0,54004
15624,91.231.100.0,255.255.252.0,7018
198067,91.231.110.0,255.255.254.0,7018
198098,91.231.118.0,255.255.254.0,7018
198072,91.231.120.0,255.255.252.0,7018
198081,91.231.152.0,255.255.255.0,7018
21485,91.231.153.0,255.255.255.0,7018
197295,91.231.168.0,255.255.254.0,7018
214379,91.231.182.0,255.255.255.0,54004
44439,91.231.184.0,255.255.255.0,7018
198611,91.231.205.0,255.255.255.0,7018
57354,91.231.218.0,255.255.255.0,7018
51357,91.232.0.0,255.255.252.0,7018
211664,91.232.22.0,255.255.255.0,7018
198896,91.232.90.0,255.255.254.0,7018
50466,91.232.108.0,255.255.252.0,7018
59778,91.232.124.0,255.255.254.0,7018
49627,91.232.130.0,255.255.255.0,7018
198214,91.232.140.0,255.255.252.0,7018
201068,91.232.143.0,255.255.255.0,7018
198227,91.232.158.0,255.255.254.0,54004
198263,91.232.164.0,255.255.252.0,7018
198232,91.232.175.0,255.255.255.0,7018
60036,91.232.181.0,255.255.255.0,7018
61026,91.232.187.0,255.255.255.0,54004
198251,91.232.240.0,255.255.255.0,7018
34911,91.232.247.0,255.255.255.0,7018
42353,91.233.5.0,255.255.255.0,7018
198334,91.233.6.0,255.255.255.0,7018
57569,91.233.18.0,255.255.255.0,7018
57583,91.233.44.0,255.255.252.0,54004
57593,91.233.60.0,255.255.255.0,7018
57586,91.233.62.0,255.255.255.0,54004
50265,91.233.88.0,255.255.255.0,54004
203768,91.233.191.0,255.255.255.0,7018
212932,91.233.196.0,255.255.255.0,7018
198040,91.233.204.0,255.255.254.0,7018
197964,91.233.227.0,255.255.255.0,7018
57723,91.233.228.0,255.255.254.0,7018
198374,91.233.250.0,255.255.254.0,7018
34691,91.233.252.0,255.255.254.0,7018
215307,91.234.11.0,255.255.255.0,7018
198356,91.234.24.0,255.255.255.0,7018
196957,91.234.40.0,255.255.252.0,54004
198367,91.234.60.0,255.255.252.0,7018
42374,91.234.66.0,255.255.254.0,7018
198083,91.234.96.0,255.255.254.0,54004
198397,91.234.124.0,255.255.252.0,7018
198424,91.234.128.0,255.255.252.0,7018
210126,91.234.200.0,255.255.255.0,7018
211451,91.234.233.0,255.255.255.0,7018
57766,91.235.7.0,255.255.255.0,7018
215654,91.235.12.0,255.255.255.0,7018
201160,91.235.64.0,255.255.255.0,7018
57812,91.235.80.0,255.255.254.0,7018
198493,91.235.124.0,255.255.254.0,7018
50584,91.235.160.0,255.255.254.0,7018
198498,91.235.192.0,255.255.252.0,7018
3165,91.235.238.0,255.255.254.0,7018
20682,91.235.248.0,255.255.255.0,7018
198524,91.236.1.0,255.255.255.0,7018
198525,91.236.4.0,255.255.252.0,7018
198529,91.236.20.0,255.255.254.0,7018
58279,91.236.22.0,255.255.254.0,54004
198595,91.236.57.0,255.255.255.0,7018
8778,91.236.68.0,255.255.252.0,54004
198269,91.236.72.0,255.255.255.0,7018
60624,91.236.84.0,255.255.254.0,7018
42237,91.236.116.0,255.255.255.0,7018
198560,91.236.128.0,255.255.255.0,7018
198518,91.236.132.0,255.255.254.0,7018
198891,91.236.137.0,255.255.255.0,7018
20986,91.236.153.0,255.255.255.0,7018
15682,91.236.171.0,255.255.255.0,7018
49720,91.236.224.0,255.255.255.0,54004
57945,91.236.233.0,255.255.255.0,7018
57944,91.236.248.0,255.255.252.0,7018
57962,91.237.40.0,255.255.254.0,54004
42717,91.237.60.0,255.255.254.0,7018
39394,91.237.65.0,255.255.255.0,7018
1921,91.237.67.0,255.255.255.0,54004
29479,91.237.78.0,255.255.255.0,7018
60219,91.237.79.0,255.255.255.0,7018
57966,91.237.80.0,255.255.254.0,7018
198604,91.237.84.0,255.255.254.0,7018
15669,91.237.102.0,255.255.254.0,7018
198713,91.237.112.0,255.255.254.0,7018
201562,91.237.136.0,255.255.254.0,7018
34891,91.237.138.0,255.255.254.0,7018
198327,91.237.160.0,255.255.254.0,7018
211724,91.237.163.0,255.255.255.0,54004
35493,91.237.168.0,255.255.254.0,7018
50392,91.237.244.0,255.255.252.0,54004
60510,91.238.34.0,255.255.254.0,7018
56621,91.238.88.0,255.255.252.0,7018
214385,91.238.96.0,255.255.255.0,54004
58066,91.238.103.0,255.255.255.0,54004
34182,91.238.144.0,255.255.255.0,7018
199857,91.238.178.0,255.255.254.0,7018
47486,91.238.248.0,255.255.255.0,7018
58138,91.239.32.0,255.255.254.0,7018
206082,91.239.38.0,255.255.254.0,7018
25143,91.239.48.0,255.255.255.0,54004
205344,91.239.54.0,255.255.255.0,54004
216265,91.239.55.0,255.255.255.0,7018
58221,91.239.80.0,255.255.252.0,54004
59497,91.239.104.0,255.255.252.0,54004
29196,91.239.112.0,255.255.255.0,7018
60466,91.239.113.0,255.255.255.0,7018
198927,91.239.180.0,255.255.252.0,7018
60606,91.239.200.0,255.255.252.0,7018
201786,91.239.227.0,255.255.255.0,7018
58239,91.239.236.0,255.255.254.0,7018
198948,91.239.248.0,255.255.255.0,7018
198851,91.239.254.0,255.255.255.0,7018
58254,91.240.12.0,255.255.252.0,54004
201126,91.240.17.0,255.255.255.0,7018
58278,91.240.36.0,255.255.255.0,54004
50489,91.240.47.0,255.255.255.0,7018
51950,91.240.48.0,255.255.252.0,7018
199214,91.240.74.0,255.255.254.0,54004
198910,91.240.100.0,255.255.254.0,7018
59424,91.240.120.0,255.255.252.0,7018
200442,91.240.124.0,255.255.252.0,7018
198975,91.240.130.0,255.255.255.0,7018
59439,91.240.178.0,255.255.255.0,7018
198982,91.240.223.0,255.255.255.0,7018
21101,91.240.230.0,255.255.255.0,7018
43013,91.241.0.0,255.255.254.0,7018
59460,91.241.32.0,255.255.252.0,7018
199113,91.242.56.0,255.255.248.0,7018
35346,91.242.78.0,255.255.254.0,7018
199070,91.242.170.0,255.255.254.0,7018
216251,91.242.253.0,255.255.255.0,7018
215226,91.242.255.0,255.255.255.0,7018
198091,91.243.66.0,255.255.254.0,7018
61360,91.243.96.0,255.255.240.0,7018
61960,91.243.120.0,255.255.254.0,7018
59573,91.243.160.0,255.255.240.0,7018
50092,91.244.64.0,255.255.252.0,54004
44837,91.244.69.0,255.255.255.0,54004
49749,91.244.72.0,255.255.248.0,7018
59591,91.244.112.0,255.255.252.0,7018
59636,91.244.124.0,255.255.255.0,54004
59600,91.244.168.0,255.255.248.0,7018
199121,91.244.180.0,255.255.255.0,7018
203416,91.244.192.0,255.255.252.0,7018
203058,91.244.200.0,255.255.252.0,7018
197375,91.244.230.0,255.255.254.0,7018
199125,91.244.238.0,255.255.255.0,54004
28825,91.245.32.0,255.255.255.0,7018
197394,91.245.33.0,255.255.255.0,7018
59611,91.245.80.0,255.255.248.0,7018
47914,91.245.128.0,255.255.224.0,7018
28676,91.245.216.0,255.255.254.0,7018
49485,91.246.10.0,255.255.255.0,7018
44086,91.246.13.0,255.255.255.0,7018
56905,91.246.60.0,255.255.255.0,7018
210612,91.246.61.0,255.255.255.0,7018
59990,91.246.76.0,255.255.255.0,7018
198133,91.246.208.0,255.255.248.0,7018
210593,91.247.175.0,255.255.255.0,7018
35644,91.247.220.0,255.255.255.0,54004
29588,91.247.248.0,255.255.252.0,54004
197520,92.38.22.0,255.255.254.0,7018
198803,92.38.28.0,255.255.255.0,54004
209954,92.38.92.0,255.255.255.0,7018
21051,92.38.244.0,255.255.252.0,54004
44741,92.39.144.0,255.255.255.0,7018
206067,92.40.0.0,255.254.0.0,7018
42176,92.42.80.0,255.255.252.0,7018
51345,92.42.101.0,255.255.255.0,7018
44295,92.42.176.0,255.255.248.0,7018
33835,92.42.216.0,255.255.248.0,7018
47949,92.43.24.0,255.255.248.0,7018
49322,92.43.96.0,255.255.248.0,7018
60730,92.43.155.0,255.255.255.0,7018
62340,92.43.166.0,255.255.254.0,7018
25563,92.43.216.0,255.255.248.0,7018
16128,92.43.248.0,255.255.248.0,7018
62051,92.52.216.0,255.255.255.0,7018
51956,92.53.236.0,255.255.252.0,7018
203760,92.55.204.0,255.255.254.0,54004
44185,92.60.48.0,255.255.252.0,7018
8903,92.60.171.0,255.255.255.0,7018
44765,92.61.60.0,255.255.252.0,7018
44302,92.61.112.0,255.255.240.0,7018
44334,92.61.160.0,255.255.248.0,7018
44384,92.61.192.0,255.255.240.0,7018
29061,92.62.64.0,255.255.240.0,54004
39823,92.62.96.0,255.255.240.0,7018
47684,92.62.144.0,255.255.240.0,7018
49633,92.63.32.0,255.255.240.0,7018
216182,92.114.4.0,255.255.255.0,54004
56684,92.114.106.0,255.255.255.0,7018
205479,92.118.28.0,255.255.252.0,54004
50869,92.119.38.0,255.255.255.0,7018
42005,92.240.224.0,255.255.255.0,7018
60823,92.243.70.0,255.255.255.0,7018
203568,92.243.76.0,255.255.252.0,7018
60296,92.245.28.0,255.255.252.0,54004
43364,92.245.164.0,255.255.252.0,7018
21086,92.245.188.0,255.255.255.0,7018
202999,92.246.77.0,255.255.255.0,7018
47723,92.246.148.0,255.255.252.0,7018
202112,92.249.27.0,255.255.255.0,7018
209067,92.253.200.0,255.255.255.0,7018
47806,93.88.28.0,255.255.252.0,7018
44973,93.88.224.0,255.255.252.0,7018
198813,93.89.96.0,255.255.240.0,54004
201328,93.89.192.0,255.255.240.0,7018
45010,93.90.48.0,255.255.240.0,7018
45055,93.90.80.0,255.255.255.0,7018
62023,93.91.80.0,255.255.240.0,7018
43097,93.92.64.0,255.255.255.0,7018
44923,93.92.200.0,255.255.248.0,7018
48092,93.93.136.0,255.255.248.0,7018
997,93.93.244.0,255.255.255.0,54004
15960,93.94.80.0,255.255.248.0,7018
42998,93.94.152.0,255.255.248.0,54004
29434,93.94.192.0,255.255.255.0,7018
47123,93.94.248.0,255.255.255.0,7018
44902,93.95.56.0,255.255.248.0,7018
60690,93.95.72.0,255.255.248.0,7018
196737,93.95.80.0,255.255.248.0,7018
24594,93.95.120.0,255.255.248.0,7018
31499,93.95.168.0,255.255.248.0,54004
44913,93.95.192.0,255.255.248.0,7018
204773,93.95.210.0,255.255.255.0,7018
39175,93.95.211.0,255.255.255.0,7018
41090,93.95.232.0,255.255.248.0,7018
207163,93.96.192.0,255.255.224.0,7018
210019,93.105.75.0,255.255.255.0,7018
20879,93.113.90.0,255.255.254.0,7018
48067,93.113.192.0,255.255.248.0,54004
48948,93.114.160.0,255.255.255.0,7018
44854,93.114.180.0,255.255.255.0,54004
49298,93.119.172.0,255.255.252.0,7018
208389,93.123.0.0,255.255.254.0,7018
20665,93.123.7.0,255.255.255.0,7018
43068,93.123.48.0,255.255.240.0,7018
60330,93.125.20.0,255.255.252.0,7018
21062,93.125.39.0,255.255.255.0,7018
51276,93.125.70.0,255.255.255.0,7018
35530,93.126.64.0,255.255.252.0,7018
12773,93.157.13.0,255.255.255.0,54004
47370,93.157.40.0,255.255.248.0,7018
199023,93.157.69.0,255.255.255.0,7018
40961,93.157.72.0,255.255.248.0,7018
41714,93.157.80.0,255.255.248.0,7018
212855,93.157.140.0,255.255.255.0,54004
201819,93.157.152.0,255.255.248.0,7018
49403,93.157.168.0,255.255.248.0,54004
47866,93.158.0.0,255.255.192.0,7018
60503,93.158.236.0,255.255.252.0,54004
62201,93.159.183.0,255.255.255.0,7018
199774,93.159.184.0,255.255.255.0,7018
60754,93.170.1.0,255.255.255.0,54004
35325,93.170.40.0,255.255.252.0,54004
57197,93.170.44.0,255.255.254.0,54004
205264,93.170.74.0,255.255.255.0,7018
209863,93.170.78.0,255.255.255.0,7018
16066,93.170.81.0,255.255.255.0,7018
62247,93.170.82.0,255.255.255.0,7018
201069,93.170.96.0,255.255.255.0,7018
50043,93.170.136.0,255.255.254.0,54004
40983,93.170.216.0,255.255.255.0,54004
41119,93.170.219.0,255.255.255.0,7018
50182,93.170.246.0,255.255.254.0,54004
59718,93.171.139.0,255.255.255.0,7018
57371,93.171.144.0,255.255.248.0,7018
215032,93.171.180.0,255.255.255.0,7018
212118,93.171.212.0,255.255.255.0,7018
51495,93.171.220.0,255.255.252.0,7018
49150,93.174.161.0,255.255.255.0,7018
5467,93.175.0.0,255.255.240.0,54004
47702,93.175.192.0,255.255.240.0,54004
203848,93.175.248.0,255.255.255.0,7018
213113,93.177.80.0,255.255.255.0,7018
213111,93.177.82.0,255.255.255.0,7018
209059,93.177.126.0,255.255.255.0,54004
213175,93.179.67.0,255.255.255.0,7018
197965,93.180.72.0,255.255.248.0,7018
41802,93.182.0.0,255.255.192.0,7018
47155,93.182.128.0,255.255.192.0,7018
34527,93.184.164.0,255.255.254.0,54004
56456,93.185.0.0,255.255.240.0,7018
198468,93.185.163.0,255.255.255.0,7018
60771,93.187.97.0,255.255.255.0,54004
48223,93.187.184.0,255.255.248.0,7018
47617,93.187.208.0,255.255.248.0,7018
39570,93.188.0.0,255.255.255.0,54004
199421,93.188.60.0,255.255.252.0,7018
47178,93.188.112.0,255.255.248.0,7018
47181,93.188.188.0,255.255.252.0,54004
39458,93.189.0.0,255.255.248.0,7018
15378,93.189.48.0,255.255.248.0,7018
12347,93.189.64.0,255.255.248.0,7018
41430,93.189.87.0,255.255.255.0,7018
47138,93.189.168.0,255.255.255.0,7018
29430,93.189.232.0,255.255.248.0,7018
6881,93.190.128.0,255.255.248.0,7018
47227,93.190.168.0,255.255.248.0,7018
47236,93.190.200.0,255.255.248.0,7018
47372,93.191.160.0,255.255.248.0,7018
47147,94.16.25.0,255.255.255.0,7018
44068,94.26.128.0,255.255.192.0,7018
201036,94.42.102.0,255.255.255.0,7018
41305,94.45.96.0,255.255.240.0,7018
199631,94.46.238.0,255.255.255.0,7018
59989,94.72.152.0,255.255.252.0,7018
47588,94.100.48.0,255.255.255.0,7018
47942,94.102.192.0,255.255.240.0,7018
47881,94.102.224.0,255.255.240.0,7018
47917,94.103.64.0,255.255.240.0,7018
49457,94.103.96.0,255.255.240.0,7018
209674,94.103.116.0,255.255.254.0,7018
45815,94.103.163.0,255.255.255.0,54004
47875,94.124.32.0,255.255.252.0,7018
48451,94.124.40.0,255.255.248.0,7018
201372,94.124.56.0,255.255.248.0,7018
206052,94.124.76.0,255.255.255.0,7018
47724,94.124.200.0,255.255.254.0,7018
48417,94.125.22.0,255.255.255.0,7018
47833,94.125.104.0,255.255.248.0,7018
12593,94.125.120.0,255.255.248.0,54004
47944,94.125.200.0,255.255.248.0,7018
59721,94.126.112.0,255.255.255.0,7018
47989,94.126.152.0,255.255.248.0,7018
48070,94.126.232.0,255.255.255.0,7018
202895,94.127.128.0,255.255.248.0,7018
8772,94.131.21.0,255.255.255.0,7018
61371,94.131.196.0,255.255.254.0,54004
6798,94.136.96.0,255.255.240.0,7018
205741,94.136.176.0,255.255.252.0,7018
47645,94.137.64.0,255.255.248.0,54004
64433,94.137.74.0,255.255.254.0,54004
210281,94.137.89.0,255.255.255.0,54004
8804,94.137.152.0,255.255.248.0,7018
49530,94.138.148.0,255.255.255.0,7018
12046,94.138.224.0,255.255.224.0,7018
43028,94.140.104.0,255.255.254.0,7018
56669,94.140.216.0,255.255.255.0,54004
39853,94.140.218.0,255.255.255.0,54004
197382,94.141.121.0,255.255.255.0,54004
51696,94.142.134.0,255.255.254.0,7018
48685,94.142.152.0,255.255.248.0,7018
213063,94.142.176.0,255.255.255.0,7018
13247,94.142.216.0,255.255.248.0,7018
209659,94.142.251.0,255.255.255.0,7018
196816,94.143.24.0,255.255.248.0,7018
47258,94.143.48.0,255.255.248.0,54004
35046,94.143.232.0,255.255.248.0,7018
16164,94.143.248.0,255.255.248.0,54004
13282,94.154.0.0,255.255.255.0,7018
207261,94.154.13.0,255.255.255.0,7018
208014,94.154.15.0,255.255.255.0,7018
204455,94.154.47.0,255.255.255.0,7018
197837,94.154.56.0,255.255.248.0,7018
47909,94.154.80.0,255.255.248.0,7018
197892,94.154.96.0,255.255.248.0,7018
215804,94.156.67.0,255.255.255.0,7018
59723,94.156.78.0,255.255.255.0,7018
202619,94.158.32.0,255.255.248.0,54004
48036,94.158.96.0,255.255.240.0,7018
211914,94.158.208.0,255.255.248.0,7018
58175,94.176.7.0,255.255.255.0,7018
211448,94.176.160.0,255.255.255.0,54004
201601,94.177.25.0,255.255.255.0,7018
206162,94.177.132.0,255.255.255.0,7018
48434,94.184.92.0,255.255.254.0,7018
12796,94.190.128.0,255.255.252.0,7018
1140,94.198.152.0,255.255.248.0,7018
202265,94.199.1.0,255.255.255.0,54004
48298,94.199.40.0,255.255.248.0,7018
30836,94.199.48.0,255.255.248.0,7018
39319,94.199.224.0,255.255.248.0,7018
57187,94.207.32.0,255.255.248.0,54004
47998,94.228.64.0,255.255.240.0,7018
48467,94.228.160.0,255.255.255.0,7018
214697,94.228.166.0,255.255.255.0,7018
41938,94.229.20.0,255.255.255.0,7018
201966,94.229.83.0,255.255.255.0,7018
48462,94.229.240.0,255.255.240.0,7018
48464,94.230.16.0,255.255.240.0,7018
48484,94.230.48.0,255.255.240.0,7018
48670,94.230.160.0,255.255.240.0,7018
49732,94.230.240.0,255.255.240.0,7018
41841,94.231.0.0,255.255.240.0,7018
48971,94.231.80.0,255.255.240.0,7018
48089,94.232.56.0,255.255.248.0,7018
48128,94.232.64.0,255.255.248.0,7018
39893,94.232.144.0,255.255.248.0,7018
39067,94.232.224.0,255.255.248.0,7018
47223,94.240.0.0,255.255.255.0,7018
49715,94.240.8.0,255.255.252.0,7018
203985,94.240.12.0,255.255.255.0,7018
198389,94.240.13.0,255.255.255.0,7018
202563,94.240.15.0,255.255.255.0,7018
199238,94.240.22.0,255.255.255.0,7018
200253,94.240.26.0,255.255.255.0,7018
205447,94.240.27.0,255.255.255.0,7018
200302,94.242.0.0,255.255.224.0,7018
49350,94.243.20.0,255.255.255.0,7018
48249,94.243.128.0,255.255.192.0,7018
48278,94.244.0.0,255.255.252.0,7018
33923,94.246.128.0,255.255.192.0,7018
48394,94.247.8.0,255.255.248.0,7018
48441,94.247.56.0,255.255.248.0,7018
49673,94.247.104.0,255.255.248.0,7018
209133,94.247.108.0,255.255.255.0,7018
48483,94.247.112.0,255.255.255.0,54004
44219,94.247.184.0,255.255.254.0,7018
214556,94.249.215.0,255.255.255.0,54004
214929,94.249.228.0,255.255.255.0,54004
216309,94.249.231.0,255.255.255.0,54004
210442,95.46.72.0,255.255.255.0,54004
208941,95.46.73.0,255.255.255.0,54004
56639,95.46.143.0,255.255.255.0,7018
201147,95.46.176.0,255.255.248.0,7018
204020,95.46.209.0,255.255.255.0,7018
41967,95.47.148.0,255.255.252.0,7018
204671,95.47.173.0,255.255.255.0,7018
47845,95.47.246.0,255.255.255.0,7018
35645,95.66.128.0,255.255.224.0,7018
34867,95.67.0.0,255.255.128.0,54004
20661,95.85.96.0,255.255.224.0,54004
214891,95.85.240.0,255.255.255.0,54004
34876,95.86.128.0,255.255.255.0,7018
38924,95.87.0.0,255.255.192.0,7018
47237,95.87.64.0,255.255.248.0,54004
15966,95.128.0.0,255.255.248.0,7018
31178,95.128.72.0,255.255.248.0,7018
48825,95.128.128.0,255.255.248.0,7018
9104,95.128.153.0,255.255.255.0,7018
207227,95.128.154.0,255.255.255.0,7018
48823,95.129.48.0,255.255.248.0,7018
35339,95.129.200.0,255.255.248.0,7018
201514,95.130.4.0,255.255.252.0,7018
39839,95.130.208.0,255.255.248.0,7018
48972,95.130.232.0,255.255.248.0,7018
49044,95.131.128.0,255.255.248.0,7018
6894,95.131.152.0,255.255.248.0,7018
215706,95.131.203.0,255.255.255.0,7018
199536,95.131.206.0,255.255.255.0,7018
48739,95.140.16.0,255.255.240.0,54004
208117,95.140.82.0,255.255.255.0,7018
57207,95.140.122.0,255.255.255.0,7018
2593,95.140.128.0,255.255.248.0,7018
202089,95.141.112.0,255.255.240.0,54004
44158,95.141.192.0,255.255.240.0,54004
204866,95.142.104.0,255.255.255.0,7018
34766,95.142.110.0,255.255.255.0,7018
28709,95.142.201.0,255.255.255.0,7018
60476,95.142.206.0,255.255.255.0,7018
49888,95.143.240.0,255.255.240.0,7018
211096,95.156.203.0,255.255.255.0,7018
197697,95.156.240.0,255.255.248.0,7018
51018,95.159.64.0,255.255.192.0,7018
212566,95.161.83.0,255.255.255.0,7018
211613,95.161.92.0,255.255.254.0,7018
35005,95.161.140.0,255.255.254.0,54004
50952,95.161.252.0,255.255.255.0,7018
39598,95.161.253.0,255.255.255.0,7018
206539,95.169.64.0,255.255.248.0,7018
48822,95.171.0.0,255.255.224.0,54004
60879,95.172.128.0,255.255.248.0,54004
61111,95.172.136.0,255.255.255.0,54004
50166,95.172.138.0,255.255.255.0,54004
8291,95.173.128.0,255.255.248.0,7018
43797,95.173.144.0,255.255.252.0,7018
49025,95.173.200.0,255.255.254.0,7018
59443,95.182.0.0,255.255.248.0,54004
209307,95.183.42.0,255.255.255.0,7018
209788,95.183.44.0,255.255.254.0,7018
56834,95.214.12.0,255.255.252.0,54004
62009,95.214.88.0,255.255.252.0,7018
203395,95.214.119.0,255.255.255.0,54004
49761,95.215.76.0,255.255.252.0,7018
39805,95.215.152.0,255.255.252.0,7018
57174,95.215.176.0,255.255.248.0,54004
51758,95.215.184.0,255.255.248.0,7018
59482,95.215.228.0,255.255.255.0,54004
199846,95.215.232.0,255.255.255.0,7018
200005,96.7.200.0,255.255.255.0,54004
19008,96.31.192.0,255.255.240.0,7018
21659,96.126.70.0,255.255.255.0,54004
395176,97.65.222.0,255.255.255.0,54004
19366,97.107.0.0,255.255.240.0,7018
36001,97.107.32.0,255.255.240.0,7018
6391,97.107.176.0,255.255.240.0,54004
54735,97.107.237.0,255.255.255.0,7018
31844,97.107.240.0,255.255.255.0,7018
137280,98.98.216.0,255.255.255.0,54004
153259,98.98.224.0,255.255.255.0,54004
16428,98.100.114.0,255.255.255.0,7018
32881,98.124.60.0,255.255.252.0,7018
25816,98.142.112.0,255.255.255.0,54004
12189,98.143.32.0,255.255.255.0,7018
400514,98.158.224.0,255.255.254.0,54004
12050,99.193.28.0,255.255.254.0,7018
15128,99.217.128.0,255.255.192.0,54004
55670,101.0.4.0,255.255.255.0,54004
151326,101.1.7.0,255.255.255.0,54004
38592,101.2.160.0,255.255.248.0,54004
55707,101.2.168.0,255.255.255.0,54004
24155,101.36.84.0,255.255.255.0,7018
4787,101.50.16.0,255.255.248.0,54004
18283,101.50.32.0,255.255.240.0,7018
7511,101.50.60.0,255.255.252.0,7018
24173,101.53.0.0,255.255.255.0,54004
4711,101.53.96.0,255.255.252.0,7018
210278,101.56.0.0,255.254.0.0,7018
63804,101.78.4.0,255.255.254.0,54004
45680,101.78.6.0,255.255.255.0,54004
38738,101.96.12.0,255.255.252.0,54004
139006,101.97.36.0,255.255.255.0,54004
3605,101.99.128.0,255.255.128.0,7018
17492,101.100.0.0,255.255.128.0,54004
138384,101.102.0.0,255.255.192.0,7018
131960,101.102.96.0,255.255.252.0,7018
133612,101.112.0.0,255.248.0.0,7018
55992,101.197.0.0,255.255.0.0,54004
54890,101.203.84.0,255.255.254.0,7018
136041,101.234.4.0,255.255.254.0,54004
7473,101.234.31.0,255.255.255.0,54004
10207,101.234.128.0,255.255.254.0,54004
45577,101.234.132.0,255.255.254.0,54004
327907,102.22.64.0,255.255.255.0,7018
328170,102.22.80.0,255.255.252.0,7018
328598,102.22.88.0,255.255.248.0,7018
328575,102.22.124.0,255.255.255.0,7018
328317,102.22.192.0,255.255.255.0,7018
328271,102.22.208.0,255.255.248.0,7018
328589,102.22.236.0,255.255.252.0,7018
328576,102.22.240.0,255.255.248.0,7018
328631,102.22.248.0,255.255.248.0,7018
328568,102.23.88.0,255.255.252.0,7018
327733,102.23.92.0,255.255.252.0,54004
328562,102.23.144.0,255.255.240.0,7018
329122,102.23.160.0,255.255.252.0,7018
328242,102.23.168.0,255.255.248.0,7018
328473,102.23.183.0,255.255.255.0,7018
327751,102.23.184.0,255.255.248.0,7018
328548,102.23.192.0,255.255.240.0,7018
328748,102.23.207.0,255.255.255.0,7018
328547,102.23.208.0,255.255.248.0,7018
327782,102.32.0.0,255.254.0.0,7018
327687,102.34.0.0,255.255.0.0,54004
328556,102.36.132.0,255.255.252.0,7018
37682,102.36.148.0,255.255.255.0,7018
328538,102.36.152.0,255.255.252.0,7018
328544,102.36.156.0,255.255.252.0,7018
328528,102.36.160.0,255.255.255.0,7018
327932,102.36.224.0,255.255.252.0,7018
328567,102.36.240.0,255.255.252.0,7018
328164,102.36.248.0,255.255.252.0,7018
328519,102.36.252.0,255.255.252.0,7018
328510,102.38.64.0,255.255.224.0,7018
328512,102.64.16.0,255.255.240.0,7018
327991,102.64.32.0,255.255.240.0,7018
328536,102.64.56.0,255.255.255.0,7018
328514,102.64.64.0,255.255.248.0,7018
328498,102.64.92.0,255.255.254.0,7018
328501,102.64.112.0,255.255.254.0,7018
328505,102.64.114.0,255.255.254.0,7018
328474,102.67.56.0,255.255.255.0,7018
328468,102.67.64.0,255.255.224.0,7018
37721,102.67.96.0,255.255.248.0,7018
328467,102.67.128.0,255.255.248.0,7018
328482,102.67.152.0,255.255.252.0,7018
328483,102.67.184.0,255.255.252.0,7018
328461,102.68.0.0,255.255.252.0,7018
328469,102.68.16.0,255.255.255.0,54004
328441,102.68.24.0,255.255.248.0,7018
328434,102.68.40.0,255.255.248.0,7018
328490,102.68.76.0,255.255.252.0,7018
327813,102.68.80.0,255.255.255.0,7018
37662,102.68.112.0,255.255.248.0,7018
328480,102.68.120.0,255.255.252.0,7018
328578,102.68.141.0,255.255.255.0,7018
328523,102.68.156.0,255.255.254.0,7018
328423,102.68.180.0,255.255.252.0,7018
328431,102.69.128.0,255.255.240.0,7018
60171,102.69.152.0,255.255.252.0,7018
328418,102.69.156.0,255.255.255.0,7018
328436,102.69.164.0,255.255.252.0,54004
327791,102.69.184.0,255.255.252.0,7018
37549,102.69.192.0,255.255.240.0,7018
328517,102.69.208.0,255.255.252.0,7018
328507,102.69.216.0,255.255.252.0,7018
328475,102.69.224.0,255.255.248.0,7018
328479,102.69.232.0,255.255.252.0,7018
328457,102.69.240.0,255.255.255.0,7018
328456,102.69.244.0,255.255.254.0,7018
328320,102.128.80.0,255.255.240.0,7018
37563,102.128.128.0,255.255.255.0,54004
328210,102.128.144.0,255.255.240.0,7018
328222,102.128.160.0,255.255.252.0,7018
328176,102.128.172.0,255.255.255.0,7018
328397,102.129.40.0,255.255.248.0,7018
37451,102.129.64.0,255.255.255.0,7018
37150,102.129.96.0,255.255.224.0,7018
329184,102.129.165.0,255.255.255.0,7018
328417,102.130.12.0,255.255.252.0,7018
328388,102.130.16.0,255.255.240.0,7018
328386,102.130.72.0,255.255.248.0,7018
328375,102.130.80.0,255.255.255.0,7018
327808,102.130.96.0,255.255.255.0,7018
328401,102.130.103.0,255.255.255.0,7018
328068,102.130.104.0,255.255.254.0,7018
328364,102.130.112.0,255.255.255.0,7018
37634,102.130.128.0,255.255.252.0,7018
37645,102.130.192.0,255.255.248.0,7018
328391,102.130.236.0,255.255.252.0,7018
328426,102.130.240.0,255.255.248.0,7018
37474,102.130.254.0,255.255.254.0,7018
328361,102.131.20.0,255.255.252.0,7018
328356,102.131.28.0,255.255.255.0,7018
328373,102.131.60.0,255.255.255.0,7018
328350,102.132.0.0,255.255.240.0,7018
327996,102.132.32.0,255.255.224.0,7018
328347,102.132.80.0,255.255.252.0,7018
63293,102.132.112.0,255.255.255.0,54004
37680,102.132.128.0,255.255.128.0,7018
328346,102.134.24.0,255.255.252.0,7018
328337,102.134.64.0,255.255.248.0,7018
328384,102.134.80.0,255.255.252.0,7018
328334,102.134.88.0,255.255.252.0,7018
329153,102.134.92.0,255.255.252.0,7018
328437,102.134.116.0,255.255.252.0,7018
328333,102.134.120.0,255.255.248.0,7018
328336,102.134.132.0,255.255.252.0,7018
328331,102.135.168.0,255.255.255.0,7018
328335,102.135.190.0,255.255.255.0,7018
328266,102.135.240.0,255.255.248.0,7018
328327,102.140.64.0,255.255.252.0,7018
328351,102.140.112.0,255.255.248.0,7018
25250,102.140.128.0,255.255.224.0,7018
37720,102.140.160.0,255.255.240.0,7018
328638,102.141.64.0,255.255.224.0,7018
328216,102.141.96.0,255.255.240.0,7018
328323,102.141.120.0,255.255.248.0,7018
328816,102.141.208.0,255.255.252.0,7018
328313,102.141.235.0,255.255.255.0,7018
327962,102.141.240.0,255.255.240.0,7018
33788,102.143.128.0,255.255.128.0,7018
328341,102.164.0.0,255.255.224.0,7018
140595,102.164.56.0,255.255.252.0,54004
328296,102.164.60.0,255.255.255.0,7018
328285,102.164.64.0,255.255.240.0,7018
328315,102.164.80.0,255.255.240.0,7018
328287,102.164.104.0,255.255.248.0,7018
37649,102.164.128.0,255.255.192.0,7018
37529,102.164.248.0,255.255.252.0,7018
270353,102.165.46.0,255.255.255.0,7018
328278,102.165.64.0,255.255.224.0,7018
328275,102.165.120.0,255.255.252.0,7018
37521,102.165.124.0,255.255.255.0,7018
327897,102.165.160.0,255.255.248.0,7018
328270,102.165.168.0,255.255.248.0,7018
328316,102.176.176.0,255.255.252.0,7018
327984,102.176.192.0,255.255.224.0,7018
328260,102.176.251.0,255.255.255.0,7018
37356,102.177.0.0,255.255.192.0,7018
328262,102.177.64.0,255.255.248.0,7018
328269,102.177.72.0,255.255.252.0,7018
140867,102.177.178.0,255.255.255.0,54004
37577,102.178.0.0,255.255.252.0,7018
329006,102.204.48.0,255.255.252.0,7018
327966,102.204.56.0,255.255.252.0,7018
329643,102.204.60.0,255.255.252.0,7018
328178,102.204.92.0,255.255.252.0,7018
329622,102.204.148.0,255.255.252.0,7018
329618,102.204.196.0,255.255.252.0,7018
329608,102.204.244.0,255.255.252.0,7018
329597,102.205.28.0,255.255.252.0,7018
214354,102.205.44.0,255.255.255.0,54004
329583,102.205.80.0,255.255.252.0,7018
329582,102.205.84.0,255.255.252.0,7018
329562,102.205.148.0,255.255.252.0,7018
329558,102.205.164.0,255.255.255.0,7018
329552,102.205.188.0,255.255.254.0,7018
329546,102.205.206.0,255.255.255.0,7018
329541,102.205.212.0,255.255.254.0,7018
329539,102.205.216.0,255.255.252.0,7018
329535,102.205.236.0,255.255.252.0,7018
213481,102.205.240.0,255.255.254.0,7018
329527,102.206.12.0,255.255.252.0,7018
328974,102.206.84.0,255.255.252.0,7018
329126,102.206.92.0,255.255.252.0,7018
328888,102.206.100.0,255.255.254.0,7018
328987,102.206.112.0,255.255.252.0,7018
328939,102.206.128.0,255.255.252.0,54004
329478,102.206.160.0,255.255.252.0,7018
328977,102.206.164.0,255.255.252.0,7018
207113,102.206.164.0,255.255.255.0,7018
328780,102.206.200.0,255.255.255.0,7018
329174,102.206.204.0,255.255.252.0,7018
329039,102.206.212.0,255.255.252.0,7018
329289,102.206.236.0,255.255.252.0,7018
327992,102.207.4.0,255.255.252.0,7018
329518,102.207.44.0,255.255.252.0,7018
329206,102.207.60.0,255.255.252.0,7018
329303,102.207.92.0,255.255.255.0,7018
329510,102.207.120.0,255.255.254.0,7018
328061,102.207.176.0,255.255.252.0,54004
329497,102.207.191.0,255.255.255.0,7018
328722,102.207.244.0,255.255.255.0,7018
329481,102.208.8.0,255.255.255.0,7018
328464,102.208.12.0,255.255.255.0,7018
328223,102.208.16.0,255.255.252.0,7018
328659,102.208.20.0,255.255.255.0,7018
329474,102.208.36.0,255.255.252.0,7018
329467,102.208.64.0,255.255.252.0,7018
329465,102.208.83.0,255.255.255.0,7018
329009,102.208.88.0,255.255.255.0,7018
328988,102.208.96.0,255.255.252.0,54004
329471,102.208.176.0,255.255.252.0,7018
329451,102.208.180.0,255.255.252.0,7018
329446,102.208.196.0,255.255.252.0,7018
327812,102.208.200.0,255.255.252.0,7018
328964,102.208.204.0,255.255.254.0,7018
329443,102.208.212.0,255.255.255.0,7018
328882,102.208.228.0,255.255.255.0,7018
329438,102.208.252.0,255.255.252.0,7018
329433,102.209.12.0,255.255.252.0,7018
328668,102.209.44.0,255.255.255.0,7018
328745,102.209.48.0,255.255.255.0,7018
328856,102.209.56.0,255.255.252.0,7018
329424,102.209.68.0,255.255.255.0,7018
329415,102.209.108.0,255.255.252.0,7018
329414,102.209.124.0,255.255.252.0,7018
329411,102.209.136.0,255.255.252.0,7018
329371,102.209.144.0,255.255.252.0,7018
329402,102.209.191.0,255.255.255.0,7018
329401,102.209.192.0,255.255.252.0,7018
327724,102.209.200.0,255.255.252.0,7018
37222,102.209.224.0,255.255.254.0,7018
328732,102.209.232.0,255.255.252.0,7018
329386,102.209.242.0,255.255.255.0,7018
329392,102.210.0.0,255.255.252.0,54004
329391,102.210.8.0,255.255.255.0,7018
329390,102.210.24.0,255.255.252.0,7018
329014,102.210.28.0,255.255.255.0,7018
329504,102.210.29.0,255.255.255.0,7018
329388,102.210.36.0,255.255.252.0,7018
329387,102.210.40.0,255.255.252.0,7018
329360,102.210.48.0,255.255.252.0,7018
327814,102.210.60.0,255.255.252.0,7018
37697,102.210.72.0,255.255.252.0,7018
328196,102.210.76.0,255.255.252.0,7018
329379,102.210.100.0,255.255.254.0,7018
329373,102.210.124.0,255.255.252.0,7018
37497,102.210.145.0,255.255.255.0,7018
328652,102.210.173.0,255.255.255.0,7018
329350,102.210.210.0,255.255.254.0,7018
37738,102.210.212.0,255.255.255.0,7018
328858,102.210.220.0,255.255.252.0,7018
329346,102.210.243.0,255.255.255.0,7018
329340,102.210.248.0,255.255.252.0,7018
328735,102.211.44.0,255.255.252.0,7018
329317,102.211.92.0,255.255.252.0,7018
329305,102.211.116.0,255.255.255.0,7018
328917,102.211.124.0,255.255.252.0,7018
329148,102.211.164.0,255.255.255.0,7018
327727,102.211.168.0,255.255.255.0,7018
329166,102.211.204.0,255.255.252.0,7018
329288,102.211.212.0,255.255.252.0,7018
37129,102.211.216.0,255.255.252.0,7018
329286,102.211.224.0,255.255.252.0,7018
329291,102.211.230.0,255.255.254.0,7018
329266,102.212.0.0,255.255.252.0,7018
212001,102.212.6.0,255.255.255.0,54004
329248,102.212.32.0,255.255.252.0,7018
328672,102.212.36.0,255.255.255.0,7018
329243,102.212.44.0,255.255.252.0,7018
329240,102.212.52.0,255.255.252.0,7018
329276,102.212.60.0,255.255.254.0,7018
329237,102.212.64.0,255.255.254.0,7018
329279,102.212.120.0,255.255.252.0,7018
329233,102.212.140.0,255.255.255.0,7018
329222,102.212.144.0,255.255.255.0,7018
329290,102.212.162.0,255.255.255.0,7018
328963,102.212.164.0,255.255.252.0,7018
329239,102.212.230.0,255.255.255.0,7018
329215,102.212.232.0,255.255.255.0,7018
329230,102.212.252.0,255.255.254.0,7018
328658,102.212.255.0,255.255.255.0,7018
327872,102.213.0.0,255.255.252.0,7018
329242,102.213.16.0,255.255.254.0,54004
329202,102.213.24.0,255.255.252.0,7018
328154,102.213.32.0,255.255.252.0,7018
329258,102.213.76.0,255.255.255.0,7018
329212,102.213.80.0,255.255.252.0,7018
329182,102.213.88.0,255.255.255.0,7018
329183,102.213.92.0,255.255.252.0,7018
37114,102.213.168.0,255.255.255.0,54004
329253,102.213.192.0,255.255.252.0,7018
328916,102.213.200.0,255.255.252.0,7018
329177,102.213.208.0,255.255.252.0,7018
329198,102.213.216.0,255.255.252.0,7018
329224,102.213.244.0,255.255.255.0,7018
327871,102.214.40.0,255.255.252.0,7018
329135,102.214.84.0,255.255.252.0,7018
329151,102.214.89.0,255.255.255.0,7018
37722,102.214.100.0,255.255.255.0,54004
329125,102.214.152.0,255.255.255.0,7018
327767,102.214.182.0,255.255.254.0,7018
329159,102.214.200.0,255.255.252.0,7018
329144,102.214.204.0,255.255.252.0,7018
329121,102.214.232.0,255.255.252.0,7018
329110,102.214.252.0,255.255.252.0,7018
328803,102.215.20.0,255.255.255.0,7018
329029,102.215.32.0,255.255.252.0,7018
329111,102.215.40.0,255.255.252.0,7018
329098,102.215.64.0,255.255.252.0,7018
328661,102.215.72.0,255.255.252.0,7018
329101,102.215.76.0,255.255.252.0,7018
329095,102.215.99.0,255.255.255.0,7018
329063,102.215.132.0,255.255.252.0,7018
329084,102.215.152.0,255.255.255.0,7018
209179,102.215.224.0,255.255.255.0,7018
329049,102.215.240.0,255.255.252.0,7018
329058,102.215.244.0,255.255.252.0,7018
329062,102.216.0.0,255.255.252.0,7018
329057,102.216.8.0,255.255.254.0,7018
329046,102.216.22.0,255.255.255.0,7018
329053,102.216.28.0,255.255.252.0,7018
329064,102.216.40.0,255.255.252.0,7018
329033,102.216.64.0,255.255.252.0,7018
329028,102.216.72.0,255.255.252.0,7018
329038,102.216.112.0,255.255.252.0,7018
329021,102.216.116.0,255.255.254.0,7018
327983,102.216.124.0,255.255.252.0,7018
328111,102.216.168.0,255.255.252.0,7018
329032,102.216.176.0,255.255.252.0,7018
329024,102.216.180.0,255.255.252.0,7018
329036,102.216.188.0,255.255.252.0,7018
329099,102.216.236.0,255.255.254.0,7018
329109,102.216.238.0,255.255.254.0,7018
328999,102.217.8.0,255.255.255.0,7018
328991,102.217.44.0,255.255.255.0,7018
328994,102.217.100.0,255.255.252.0,7018
328993,102.217.120.0,255.255.254.0,7018
328989,102.217.124.0,255.255.252.0,7018
12556,102.217.132.0,255.255.252.0,7018
327906,102.217.144.0,255.255.252.0,7018
328884,102.217.152.0,255.255.255.0,7018
328986,102.217.172.0,255.255.255.0,7018
328633,102.217.184.0,255.255.252.0,7018
328970,102.217.188.0,255.255.252.0,7018
37659,102.217.213.0,255.255.255.0,7018
24757,102.218.0.0,255.255.252.0,54004
328952,102.218.8.0,255.255.254.0,7018
328948,102.218.16.0,255.255.254.0,7018
328942,102.218.40.0,255.255.254.0,7018
328946,102.218.44.0,255.255.252.0,7018
328016,102.218.64.0,255.255.252.0,7018
328950,102.218.72.0,255.255.255.0,7018
328975,102.218.124.0,255.255.252.0,7018
328826,102.218.192.0,255.255.252.0,7018
328918,102.218.200.0,255.255.252.0,7018
328915,102.218.204.0,255.255.255.0,7018
328719,102.219.16.0,255.255.252.0,7018
328935,102.219.56.0,255.255.252.0,7018
328870,102.219.108.0,255.255.252.0,7018
328894,102.219.138.0,255.255.255.0,7018
327960,102.219.144.0,255.255.252.0,7018
328931,102.219.148.0,255.255.255.0,7018
328848,102.219.228.0,255.255.252.0,7018
328855,102.219.232.0,255.255.255.0,7018
328868,102.219.240.0,255.255.255.0,7018
328691,102.219.252.0,255.255.252.0,7018
328846,102.220.20.0,255.255.255.0,7018
328837,102.220.53.0,255.255.255.0,7018
328839,102.220.68.0,255.255.252.0,7018
328825,102.220.96.0,255.255.255.0,7018
37599,102.220.102.0,255.255.254.0,7018
328820,102.220.104.0,255.255.255.0,7018
328911,102.220.120.0,255.255.254.0,7018
328929,102.220.122.0,255.255.254.0,7018
328912,102.220.127.0,255.255.255.0,7018
328818,102.220.132.0,255.255.252.0,7018
327921,102.220.141.0,255.255.255.0,7018
328822,102.220.144.0,255.255.252.0,7018
328835,102.220.168.0,255.255.252.0,7018
328829,102.220.176.0,255.255.252.0,7018
328160,102.220.188.0,255.255.255.0,7018
328842,102.220.223.0,255.255.255.0,7018
328806,102.220.248.0,255.255.255.0,7018
328795,102.220.252.0,255.255.252.0,7018
328763,102.221.0.0,255.255.255.0,7018
328810,102.221.12.0,255.255.252.0,7018
328841,102.221.48.0,255.255.254.0,7018
328790,102.221.60.0,255.255.252.0,7018
328779,102.221.88.0,255.255.255.0,7018
328777,102.221.92.0,255.255.252.0,7018
328761,102.221.112.0,255.255.254.0,7018
328714,102.221.118.0,255.255.254.0,7018
328744,102.221.168.0,255.255.252.0,7018
328772,102.221.180.0,255.255.254.0,7018
328742,102.221.184.0,255.255.252.0,7018
328730,102.221.196.0,255.255.252.0,7018
328750,102.221.204.0,255.255.252.0,7018
328760,102.221.248.0,255.255.252.0,54004
328767,102.222.12.0,255.255.252.0,7018
328718,102.222.16.0,255.255.252.0,7018
328728,102.222.25.0,255.255.255.0,7018
327817,102.222.28.0,255.255.252.0,7018
328749,102.222.62.0,255.255.254.0,7018
37724,102.222.66.0,255.255.254.0,7018
328706,102.222.73.0,255.255.255.0,7018
328365,102.222.100.0,255.255.254.0,7018
328699,102.222.104.0,255.255.254.0,54004
328720,102.222.108.0,255.255.252.0,7018
37542,102.222.128.0,255.255.252.0,7018
328693,102.222.164.0,255.255.255.0,7018
328698,102.222.184.0,255.255.252.0,7018
328677,102.222.188.0,255.255.252.0,7018
328674,102.222.208.0,255.255.255.0,7018
37316,102.223.4.0,255.255.255.0,7018
328656,102.223.40.0,255.255.252.0,7018
328657,102.223.62.0,255.255.255.0,7018
328643,102.223.114.0,255.255.254.0,7018
328624,102.223.140.0,255.255.252.0,7018
329042,102.223.182.0,255.255.254.0,7018
327822,102.223.200.0,255.255.252.0,7018
328616,102.223.216.0,255.255.252.0,7018
328622,102.223.232.0,255.255.252.0,7018
327896,102.223.236.0,255.255.252.0,7018
328644,102.223.251.0,255.255.255.0,7018
5438,102.240.128.0,255.255.255.0,7018
131074,103.0.0.0,255.255.0.0,54004
56172,103.1.5.0,255.255.255.0,7018
55567,103.1.7.0,255.255.255.0,7018
131267,103.1.28.0,255.255.252.0,54004
142352,103.1.50.0,255.255.255.0,54004
150318,103.1.159.0,255.255.255.0,7018
4621,103.1.160.0,255.255.252.0,7018
5087,103.1.176.0,255.255.255.0,54004
58507,103.1.188.0,255.255.252.0,54004
23627,103.1.252.0,255.255.252.0,7018
24257,103.2.8.0,255.255.254.0,7018
24259,103.2.32.0,255.255.252.0,7018
7505,103.2.60.0,255.255.252.0,7018
150172,103.2.80.0,255.255.255.0,54004
45891,103.2.88.0,255.255.252.0,54004
17958,103.2.96.0,255.255.252.0,7018
38639,103.2.128.0,255.255.252.0,7018
38896,103.2.144.0,255.255.252.0,54004
131210,103.2.232.0,255.255.255.0,7018
10030,103.3.20.0,255.255.252.0,7018
24282,103.3.48.0,255.255.252.0,7018
135477,103.3.58.0,255.255.255.0,54004
45325,103.3.68.0,255.255.255.0,54004
56262,103.3.80.0,255.255.252.0,54004
7595,103.3.164.0,255.255.255.0,54004
7506,103.3.188.0,255.255.252.0,7018
139994,103.3.220.0,255.255.252.0,7018
134860,103.3.234.0,255.255.254.0,54004
150216,103.4.76.0,255.255.254.0,54004
150204,103.4.80.0,255.255.255.0,54004
141934,103.4.82.0,255.255.254.0,54004
138823,103.4.100.0,255.255.254.0,54004
140607,103.4.102.0,255.255.255.0,54004
131316,103.4.122.0,255.255.255.0,54004
131455,103.4.132.0,255.255.255.0,54004
149684,103.4.240.0,255.255.255.0,54004
56252,103.4.243.0,255.255.255.0,54004
55350,103.4.244.0,255.255.252.0,54004
132021,103.5.0.0,255.255.254.0,54004
58381,103.5.50.0,255.255.254.0,54004
45499,103.5.60.0,255.255.255.0,54004
55575,103.5.77.0,255.255.255.0,54004
134753,103.5.79.0,255.255.255.0,54004
141226,103.5.108.0,255.255.255.0,54004
17408,103.5.116.0,255.255.252.0,7018
131160,103.5.140.0,255.255.252.0,7018
149938,103.5.149.0,255.255.255.0,54004
38207,103.5.188.0,255.255.252.0,7018
135516,103.5.212.0,255.255.254.0,54004
24441,103.5.230.0,255.255.254.0,54004
23864,103.5.240.0,255.255.255.0,7018
136968,103.5.241.0,255.255.255.0,7018
134148,103.5.242.0,255.255.255.0,54004
32242,103.6.4.0,255.255.255.0,54004
7604,103.6.12.0,255.255.252.0,54004
134041,103.6.90.0,255.255.255.0,54004
132164,103.6.117.0,255.255.255.0,54004
140586,103.6.119.0,255.255.255.0,54004
138311,103.6.120.0,255.255.255.0,7018
153800,103.6.123.0,255.255.255.0,54004
150768,103.6.124.0,255.255.254.0,54004
10214,103.6.208.0,255.255.254.0,54004
152992,103.6.234.0,255.255.254.0,7018
131310,103.6.236.0,255.255.252.0,7018
131693,103.7.12.0,255.255.255.0,7018
131694,103.7.84.0,255.255.252.0,54004
4768,103.7.96.0,255.255.255.0,54004
149994,103.7.123.0,255.255.255.0,54004
24192,103.7.168.0,255.255.252.0,54004
137352,103.7.186.0,255.255.255.0,54004
135406,103.7.188.0,255.255.254.0,7018
10075,103.7.248.0,255.255.252.0,54004
58580,103.8.28.0,255.255.255.0,54004
45707,103.8.56.0,255.255.255.0,54004
132240,103.8.72.0,255.255.254.0,54004
45320,103.8.76.0,255.255.254.0,7018
17450,103.8.96.0,255.255.252.0,54004
703,103.8.138.0,255.255.255.0,54004
58589,103.8.229.0,255.255.255.0,54004
136463,103.9.42.0,255.255.255.0,54004
132468,103.9.50.0,255.255.255.0,54004
45152,103.9.56.0,255.255.252.0,54004
55789,103.9.116.0,255.255.255.0,54004
9832,103.9.132.0,255.255.252.0,54004
132267,103.9.136.0,255.255.255.0,54004
131713,103.9.144.0,255.255.252.0,54004
135302,103.9.160.0,255.255.252.0,54004
58616,103.9.184.0,255.255.255.0,54004
9245,103.9.216.0,255.255.252.0,54004
132309,103.9.240.0,255.255.252.0,54004
134688,103.10.72.0,255.255.252.0,54004
17473,103.10.82.0,255.255.255.0,54004
56246,103.10.120.0,255.255.252.0,54004
17671,103.10.136.0,255.255.252.0,54004
37908,103.10.164.0,255.255.252.0,7018
45559,103.10.200.0,255.255.255.0,7018
24305,103.11.9.0,255.255.255.0,54004
58430,103.11.12.0,255.255.255.0,7018
132046,103.11.40.0,255.255.255.0,54004
9976,103.11.44.0,255.255.252.0,54004
9387,103.11.60.0,255.255.255.0,54004
45561,103.11.72.0,255.255.254.0,54004
24334,103.11.88.0,255.255.252.0,54004
58453,103.11.109.0,255.255.255.0,7018
58392,103.11.134.0,255.255.254.0,7018
38456,103.11.160.0,255.255.255.0,54004
38505,103.11.186.0,255.255.254.0,54004
132080,103.11.216.0,255.255.252.0,54004
45910,103.11.228.0,255.255.255.0,54004
18400,103.11.241.0,255.255.255.0,54004
137366,103.12.12.0,255.255.254.0,54004
140646,103.12.36.0,255.255.252.0,54004
58629,103.12.72.0,255.255.252.0,54004
142295,103.12.79.0,255.255.255.0,54004
131728,103.12.114.0,255.255.255.0,7018
58655,103.12.172.0,255.255.252.0,54004
58656,103.12.178.0,255.255.255.0,54004
136969,103.12.196.0,255.255.255.0,54004
38611,103.12.201.0,255.255.255.0,54004
134034,103.13.40.0,255.255.255.0,7018
146902,103.13.42.0,255.255.255.0,7018
131284,103.13.64.0,255.255.255.0,54004
136792,103.13.69.0,255.255.255.0,54004
132111,103.13.75.0,255.255.255.0,54004
23918,103.13.83.64,255.255.255.240,7018
4769,103.13.120.0,255.255.254.0,54004
55405,103.13.122.0,255.255.254.0,54004
138886,103.13.137.0,255.255.255.0,54004
150215,103.13.138.0,255.255.255.0,54004
150329,103.13.166.0,255.255.255.0,54004
58645,103.13.168.0,255.255.252.0,7018
56197,103.13.172.0,255.255.255.0,54004
134802,103.13.184.0,255.255.255.0,54004
136141,103.13.192.0,255.255.255.0,54004
138608,103.13.206.0,255.255.255.0,7018
58625,103.14.36.0,255.255.252.0,7018
147314,103.14.151.0,255.255.255.0,7018
150029,103.14.152.0,255.255.255.0,7018
132354,103.14.184.0,255.255.255.0,7018
131732,103.14.195.0,255.255.255.0,54004
58499,103.15.36.0,255.255.254.0,54004
55353,103.15.64.0,255.255.255.0,54004
18094,103.15.92.0,255.255.254.0,7018
17939,103.15.188.0,255.255.252.0,7018
131735,103.15.240.0,255.255.255.0,54004
132599,103.16.60.0,255.255.252.0,54004
134303,103.16.76.0,255.255.255.0,54004
131772,103.16.78.0,255.255.255.0,54004
131769,103.16.132.0,255.255.255.0,54004
38716,103.16.134.0,255.255.254.0,54004
132768,103.16.144.0,255.255.252.0,7018
132602,103.16.152.0,255.255.252.0,7018
131775,103.16.198.0,255.255.255.0,54004
150345,103.17.6.0,255.255.255.0,54004
150593,103.17.12.0,255.255.255.0,54004
55779,103.17.18.0,255.255.255.0,7018
150229,103.17.34.0,255.255.255.0,54004
56055,103.17.44.0,255.255.252.0,54004
24514,103.17.78.0,255.255.255.0,54004
131782,103.17.79.0,255.255.255.0,7018
56209,103.17.80.0,255.255.255.0,54004
56301,103.17.108.0,255.255.254.0,7018
58826,103.17.180.0,255.255.255.0,54004
38165,103.17.182.0,255.255.254.0,54004
135895,103.17.232.0,255.255.252.0,7018
131421,103.17.236.0,255.255.254.0,54004
150973,103.17.248.0,255.255.255.0,54004
45581,103.17.249.0,255.255.255.0,54004
23778,103.18.24.0,255.255.252.0,7018
150275,103.18.44.0,255.255.254.0,54004
24289,103.18.60.0,255.255.252.0,7018
142339,103.18.112.0,255.255.255.0,54004
45287,103.18.114.0,255.255.254.0,54004
7532,103.18.128.0,255.255.252.0,54004
58817,103.18.144.0,255.255.252.0,54004
150230,103.18.184.0,255.255.255.0,54004
134371,103.18.204.0,255.255.255.0,7018
45711,103.18.236.0,255.255.252.0,7018
56028,103.19.4.0,255.255.252.0,54004
23930,103.19.16.0,255.255.255.0,7018
150371,103.19.48.0,255.255.255.0,54004
132637,103.19.56.0,255.255.255.0,54004
132639,103.19.80.0,255.255.255.0,7018
132722,103.19.100.0,255.255.255.0,54004
150063,103.19.120.0,255.255.254.0,7018
55923,103.19.192.0,255.255.255.0,54004
24039,103.19.218.0,255.255.255.0,7018
132668,103.19.228.0,255.255.255.0,7018
149963,103.20.16.0,255.255.255.0,7018
132394,103.20.20.0,255.255.255.0,7018
55996,103.20.34.0,255.255.254.0,54004
38843,103.20.40.0,255.255.252.0,54004
17828,103.20.76.0,255.255.252.0,54004
150187,103.20.88.0,255.255.255.0,54004
14413,103.20.92.0,255.255.255.0,7018
154217,103.20.108.0,255.255.255.0,54004
149707,103.20.109.0,255.255.255.0,54004
10022,103.20.136.0,255.255.252.0,54004
45552,103.20.144.0,255.255.252.0,54004
58688,103.20.180.0,255.255.252.0,7018
58553,103.20.184.0,255.255.255.0,54004
55685,103.20.188.0,255.255.255.0,54004
58708,103.20.236.0,255.255.255.0,54004
132448,103.21.17.0,255.255.255.0,54004
132434,103.21.32.0,255.255.252.0,7018
132435,103.21.44.0,255.255.252.0,7018
132445,103.21.53.0,255.255.255.0,54004
45295,103.21.92.0,255.255.255.0,54004
132453,103.21.184.0,255.255.252.0,7018
149967,103.21.195.0,255.255.255.0,54004
131746,103.21.204.0,255.255.252.0,54004
9905,103.21.216.0,255.255.252.0,54004
131330,103.22.148.0,255.255.255.0,7018
45504,103.22.156.0,255.255.255.0,7018
134640,103.22.204.0,255.255.252.0,54004
134967,103.22.244.0,255.255.252.0,54004
132040,103.23.16.0,255.255.252.0,7018
45796,103.23.120.0,255.255.255.0,54004
133200,103.23.136.0,255.255.255.0,7018
58463,103.23.180.0,255.255.255.0,7018
132094,103.23.184.0,255.255.252.0,7018
58464,103.23.188.0,255.255.252.0,7018
131705,103.23.196.0,255.255.255.0,54004
134928,103.23.239.0,255.255.255.0,54004
140045,103.23.252.0,255.255.255.0,54004
132730,103.24.32.0,255.255.252.0,54004
46052,103.24.56.0,255.255.255.0,54004
58914,103.24.64.0,255.255.252.0,54004
46061,103.24.72.0,255.255.252.0,54004
55651,103.24.120.0,255.255.255.0,7018
133680,103.24.135.0,255.255.255.0,7018
9303,103.24.136.0,255.255.255.0,54004
9622,103.24.168.0,255.255.252.0,7018
132530,103.24.192.0,255.255.255.0,7018
132649,103.24.212.0,255.255.255.0,54004
132652,103.25.192.0,255.255.255.0,54004
59143,103.25.196.0,255.255.254.0,54004
132816,103.25.200.0,255.255.252.0,54004
132653,103.25.208.0,255.255.252.0,54004
18159,103.26.16.0,255.255.254.0,54004
9587,103.26.20.0,255.255.252.0,54004
7690,103.26.24.0,255.255.254.0,7018
150369,103.26.26.0,255.255.254.0,7018
132667,103.26.102.0,255.255.255.0,54004
132774,103.26.108.0,255.255.252.0,7018
141664,103.26.128.0,255.255.255.0,54004
58821,103.26.176.0,255.255.255.0,54004
142308,103.26.179.0,255.255.255.0,54004
142319,103.26.188.0,255.255.254.0,54004
132884,103.26.244.0,255.255.255.0,7018
136374,103.27.2.0,255.255.255.0,54004
133333,103.27.28.0,255.255.252.0,7018
58989,103.27.38.0,255.255.255.0,7018
132881,103.27.52.0,255.255.255.0,54004
132890,103.27.104.0,255.255.252.0,7018
10158,103.27.150.0,255.255.254.0,54004
132895,103.27.172.0,255.255.254.0,54004
150262,103.27.192.0,255.255.254.0,54004
132898,103.27.216.0,255.255.252.0,54004
132372,103.27.255.0,255.255.255.0,7018
139285,103.28.0.0,255.255.252.0,54004
150452,103.28.68.0,255.255.255.0,54004
58473,103.28.72.0,255.255.255.0,7018
133800,103.28.75.0,255.255.255.0,54004
58504,103.28.84.0,255.255.255.0,54004
56258,103.28.93.0,255.255.255.0,7018
63961,103.28.120.0,255.255.252.0,54004
131314,103.28.144.0,255.255.255.0,54004
45931,103.29.88.0,255.255.255.0,7018
131442,103.29.116.0,255.255.255.0,7018
56261,103.29.170.0,255.255.255.0,7018
58378,103.29.171.0,255.255.255.0,54004
38883,103.29.200.0,255.255.252.0,7018
45326,103.30.28.0,255.255.255.0,54004
18424,103.30.44.0,255.255.255.0,7018
56067,103.30.124.0,255.255.252.0,7018
58648,103.30.164.0,255.255.252.0,7018
45302,103.30.180.0,255.255.252.0,54004
150257,103.30.192.0,255.255.254.0,7018
38148,103.30.220.0,255.255.255.0,54004
150106,103.31.8.0,255.255.255.0,54004
131749,103.31.132.0,255.255.252.0,54004
132499,103.31.136.0,255.255.252.0,7018
38496,103.31.156.0,255.255.255.0,54004
45718,103.31.206.0,255.255.255.0,54004
212237,103.31.236.0,255.255.254.0,54004
139952,103.31.240.0,255.255.255.0,54004
131911,103.31.244.0,255.255.252.0,7018
134509,103.35.96.0,255.255.252.0,54004
23991,103.35.108.0,255.255.252.0,54004
9430,103.35.120.0,255.255.255.0,7018
134521,103.35.124.0,255.255.255.0,7018
63399,103.35.126.0,255.255.255.0,54004
64018,103.35.168.0,255.255.255.0,54004
62597,103.35.248.0,255.255.255.0,54004
133930,103.36.4.0,255.255.252.0,54004
7575,103.36.12.0,255.255.255.0,54004
133364,103.36.14.0,255.255.254.0,7018
133623,103.36.16.0,255.255.252.0,54004
133361,103.36.68.0,255.255.255.0,54004
131091,103.36.112.0,255.255.252.0,7018
136759,103.36.255.0,255.255.255.0,54004
150419,103.37.62.0,255.255.254.0,54004
153258,103.37.98.0,255.255.254.0,54004
63494,103.37.168.0,255.255.255.0,54004
133597,103.38.4.0,255.255.255.0,54004
133633,103.38.16.0,255.255.255.0,54004
138346,103.38.54.0,255.255.255.0,54004
38524,103.38.100.0,255.255.252.0,54004
151567,103.38.104.0,255.255.255.0,54004
152009,103.38.106.0,255.255.255.0,54004
151559,103.38.108.0,255.255.254.0,54004
133326,103.38.120.0,255.255.252.0,54004
137591,103.38.124.0,255.255.255.0,54004
140813,103.38.180.0,255.255.255.0,54004
140171,103.38.182.0,255.255.254.0,54004
150359,103.38.210.0,255.255.254.0,7018
150423,103.38.250.0,255.255.255.0,54004
150488,103.39.72.0,255.255.255.0,7018
150272,103.39.74.0,255.255.254.0,54004
133694,103.39.132.0,255.255.255.0,54004
59267,103.39.138.0,255.255.255.0,7018
131574,103.39.200.0,255.255.252.0,7018
59256,103.39.238.0,255.255.255.0,7018
208932,103.40.79.0,255.255.255.0,54004
24012,103.40.87.0,255.255.255.0,54004
133120,103.40.109.0,255.255.255.0,54004
63508,103.40.120.0,255.255.255.0,54004
23808,103.40.128.0,255.255.252.0,7018
135345,103.41.8.0,255.255.255.0,54004
59103,103.41.61.0,255.255.255.0,54004
136093,103.41.78.0,255.255.255.0,54004
139983,103.41.120.0,255.255.252.0,54004
136841,103.41.248.0,255.255.255.0,54004
147181,103.42.4.0,255.255.255.0,54004
150446,103.42.63.0,255.255.255.0,54004
139195,103.42.73.0,255.255.255.0,54004
24519,103.42.118.0,255.255.254.0,54004
133799,103.42.252.0,255.255.252.0,54004
133793,103.43.20.0,255.255.255.0,54004
137207,103.43.28.0,255.255.252.0,7018
134021,103.43.65.0,255.255.255.0,54004
56038,103.43.116.0,255.255.255.0,54004
63945,103.43.144.0,255.255.255.0,54004
11870,103.44.17.0,255.255.255.0,54004
150191,103.44.19.0,255.255.255.0,54004
63919,103.44.24.0,255.255.255.0,7018
138685,103.44.44.0,255.255.255.0,54004
133803,103.44.149.0,255.255.255.0,54004
63927,103.44.232.0,255.255.252.0,7018
150462,103.46.186.0,255.255.254.0,54004
141618,103.46.198.0,255.255.255.0,54004
18149,103.47.2.0,255.255.255.0,7018
59273,103.47.10.0,255.255.254.0,54004
396388,103.47.62.0,255.255.255.0,7018
133114,103.47.154.0,255.255.255.0,54004
133692,103.47.216.0,255.255.252.0,54004
63931,103.47.246.0,255.255.254.0,54004
133918,103.47.252.0,255.255.252.0,7018
59105,103.48.31.0,255.255.255.0,54004
136696,103.48.108.0,255.255.255.0,54004
63861,103.48.128.0,255.255.252.0,54004
136634,103.48.147.0,255.255.255.0,54004
133934,103.48.208.0,255.255.255.0,7018
133936,103.49.24.0,255.255.255.0,54004
63862,103.49.28.0,255.255.254.0,54004
141262,103.49.48.0,255.255.255.0,54004
150480,103.49.50.0,255.255.254.0,54004
59110,103.49.140.0,255.255.252.0,7018
3661,103.49.160.0,255.255.252.0,7018
141317,103.49.164.0,255.255.255.0,54004
153870,103.49.167.0,255.255.255.0,7018
136215,103.49.201.0,255.255.255.0,54004
133950,103.49.205.0,255.255.255.0,54004
24211,103.49.220.0,255.255.254.0,54004
63868,103.49.228.0,255.255.255.0,54004
150586,103.49.236.0,255.255.255.0,54004
133953,103.49.246.0,255.255.254.0,54004
134907,103.49.252.0,255.255.255.0,7018
132784,103.49.254.0,255.255.255.0,54004
141324,103.50.22.0,255.255.254.0,54004
133809,103.50.128.0,255.255.252.0,54004
134001,103.50.152.0,255.255.255.0,54004
134066,103.50.164.0,255.255.252.0,54004
133819,103.51.44.0,255.255.255.0,54004
10204,103.51.50.0,255.255.254.0,7018
131657,103.51.90.0,255.255.255.0,54004
63741,103.51.120.0,255.255.255.0,54004
152718,103.51.128.0,255.255.255.0,54004
141898,103.51.206.0,255.255.255.0,54004
135852,103.51.222.0,255.255.255.0,54004
150202,103.52.6.0,255.255.255.0,54004
133811,103.52.16.0,255.255.255.0,54004
133815,103.52.44.0,255.255.252.0,54004
138881,103.52.60.0,255.255.255.0,54004
59183,103.52.138.0,255.255.255.0,7018
63872,103.52.170.0,255.255.254.0,54004
139955,103.53.28.0,255.255.254.0,54004
23862,103.53.58.0,255.255.255.0,54004
133817,103.53.76.0,255.255.255.0,54004
150683,103.53.162.0,255.255.255.0,54004
63874,103.53.184.0,255.255.255.0,54004
55697,103.54.0.0,255.255.255.0,7018
140411,103.54.1.0,255.255.255.0,7018
134119,103.54.68.0,255.255.252.0,7018
38516,103.54.92.0,255.255.255.0,54004
135848,103.54.100.0,255.255.252.0,54004
136978,103.54.110.0,255.255.255.0,7018
141071,103.54.171.0,255.255.255.0,54004
58824,103.54.172.0,255.255.255.0,54004
150577,103.54.176.0,255.255.255.0,7018
140096,103.55.4.0,255.255.255.0,54004
150487,103.55.28.0,255.255.254.0,54004
133989,103.55.104.0,255.255.255.0,54004
138828,103.55.159.0,255.255.255.0,54004
134147,103.55.162.0,255.255.254.0,54004
150482,103.55.224.0,255.255.254.0,54004
134658,103.55.227.0,255.255.255.0,7018
9230,103.56.3.0,255.255.255.0,54004
152000,103.56.80.0,255.255.255.0,54004
210897,103.56.172.0,255.255.255.0,7018
149946,103.57.8.0,255.255.255.0,7018
136373,103.57.66.0,255.255.255.0,54004
137083,103.57.96.0,255.255.255.0,54004
134840,103.57.204.0,255.255.255.0,54004
140499,103.57.225.0,255.255.255.0,54004
201246,103.58.8.0,255.255.252.0,7018
134012,103.58.96.0,255.255.252.0,54004
59278,103.58.160.0,255.255.252.0,54004
24373,103.59.48.0,255.255.255.0,54004
150692,103.59.162.0,255.255.255.0,54004
136900,103.60.20.0,255.255.255.0,54004
134232,103.60.24.0,255.255.252.0,7018
64095,103.60.99.0,255.255.255.0,7018
7546,103.60.200.0,255.255.252.0,54004
150696,103.60.204.0,255.255.255.0,54004
134305,103.60.212.0,255.255.255.0,7018
150515,103.61.6.0,255.255.255.0,54004
45734,103.61.71.0,255.255.255.0,54004
134363,103.61.192.0,255.255.254.0,54004
134788,103.62.152.0,255.255.252.0,54004
63883,103.62.202.0,255.255.254.0,54004
38193,103.62.234.0,255.255.254.0,54004
138089,103.63.26.0,255.255.255.0,54004
139049,103.63.156.0,255.255.252.0,7018
150609,103.64.128.0,255.255.254.0,54004
150704,103.65.116.0,255.255.254.0,54004
151967,103.65.138.0,255.255.255.0,54004
153346,103.65.141.0,255.255.255.0,54004
142333,103.65.142.0,255.255.255.0,7018
135553,103.65.188.0,255.255.255.0,54004
135449,103.65.212.0,255.255.255.0,54004
135512,103.65.233.0,255.255.255.0,7018
58470,103.65.248.0,255.255.255.0,54004
135688,103.66.4.0,255.255.255.0,7018
141277,103.66.19.0,255.255.255.0,54004
45240,103.66.26.0,255.255.254.0,54004
135565,103.66.37.0,255.255.255.0,54004
135234,103.66.48.0,255.255.255.0,7018
139982,103.66.62.0,255.255.254.0,54004
133840,103.66.70.0,255.255.255.0,54004
141549,103.66.76.0,255.255.252.0,7018
141107,103.66.86.0,255.255.255.0,54004
140170,103.66.120.0,255.255.255.0,7018
9507,103.66.132.0,255.255.254.0,54004
38680,103.66.188.0,255.255.252.0,54004
150605,103.66.236.0,255.255.255.0,54004
151976,103.67.56.0,255.255.254.0,54004
151996,103.67.88.0,255.255.255.0,54004
152005,103.67.90.0,255.255.255.0,54004
135760,103.67.96.0,255.255.255.0,54004
9915,103.67.160.0,255.255.255.0,54004
131910,103.67.220.0,255.255.252.0,7018
140687,103.67.236.0,255.255.255.0,54004
24225,103.67.240.0,255.255.254.0,7018
150265,103.68.2.0,255.255.255.0,54004
135722,103.68.8.0,255.255.252.0,7018
135799,103.68.28.0,255.255.252.0,54004
135775,103.68.36.0,255.255.255.0,7018
135777,103.68.52.0,255.255.255.0,54004
131219,103.68.94.0,255.255.255.0,54004
151552,103.68.106.0,255.255.255.0,54004
131299,103.68.112.0,255.255.255.0,7018
131273,103.68.138.0,255.255.255.0,7018
131270,103.68.160.0,255.255.252.0,54004
7628,103.68.202.0,255.255.255.0,54004
150517,103.68.214.0,255.255.254.0,54004
131296,103.68.228.0,255.255.252.0,7018
150541,103.68.232.0,255.255.254.0,54004
138257,103.69.4.0,255.255.255.0,7018
135686,103.69.44.0,255.255.252.0,7018
150529,103.69.60.0,255.255.255.0,54004
18351,103.69.64.0,255.255.252.0,54004
135158,103.69.78.0,255.255.255.0,7018
151203,103.69.104.0,255.255.254.0,54004
147087,103.69.106.0,255.255.254.0,54004
23966,103.69.110.0,255.255.254.0,54004
131464,103.69.148.0,255.255.252.0,54004
135445,103.69.177.0,255.255.255.0,54004
23913,103.69.198.0,255.255.255.0,54004
132006,103.69.204.0,255.255.252.0,7018
131996,103.69.208.0,255.255.255.0,54004
132337,103.69.212.0,255.255.255.0,7018
150240,103.69.233.0,255.255.255.0,54004
150267,103.69.255.0,255.255.255.0,7018
45809,103.70.24.0,255.255.252.0,54004
135464,103.70.68.0,255.255.255.0,54004
149400,103.70.94.0,255.255.255.0,54004
150980,103.70.122.0,255.255.255.0,54004
134262,103.70.128.0,255.255.255.0,7018
135763,103.70.152.0,255.255.252.0,7018
55366,103.70.172.0,255.255.252.0,54004
135712,103.70.204.0,255.255.255.0,54004
134149,103.70.232.0,255.255.255.0,54004
59123,103.70.240.0,255.255.252.0,7018
132148,103.70.249.0,255.255.255.0,54004
138771,103.71.16.0,255.255.255.0,54004
135705,103.71.64.0,255.255.252.0,7018
139981,103.71.160.0,255.255.254.0,54004
135690,103.71.168.0,255.255.252.0,7018
135380,103.71.220.0,255.255.254.0,54004
9875,103.71.224.0,255.255.255.0,54004
141342,103.72.0.0,255.255.255.0,54004
147302,103.72.3.0,255.255.255.0,54004
151729,103.72.8.0,255.255.252.0,7018
151788,103.72.58.0,255.255.254.0,54004
150235,103.72.89.0,255.255.255.0,54004
133112,103.72.136.0,255.255.255.0,7018
151685,103.72.140.0,255.255.255.0,54004
18196,103.72.204.0,255.255.255.0,7018
133075,103.72.208.0,255.255.254.0,54004
206230,103.73.34.0,255.255.255.0,7018
132436,103.73.36.0,255.255.255.0,54004
132476,103.73.57.0,255.255.255.0,54004
132464,103.73.58.0,255.255.255.0,54004
18187,103.73.68.0,255.255.252.0,7018
135468,103.73.72.0,255.255.252.0,7018
135474,103.73.76.0,255.255.255.0,54004
23686,103.73.83.0,255.255.255.0,54004
132491,103.73.84.0,255.255.254.0,7018
132298,103.73.104.0,255.255.255.0,54004
132528,103.73.108.0,255.255.252.0,54004
132686,103.73.238.0,255.255.255.0,54004
38090,103.74.0.0,255.255.252.0,54004
135444,103.74.5.0,255.255.255.0,54004
147006,103.74.11.0,255.255.255.0,54004
132799,103.74.14.0,255.255.254.0,54004
139879,103.74.20.0,255.255.255.0,54004
132808,103.74.66.0,255.255.254.0,7018
46034,103.74.143.0,255.255.255.0,54004
149515,103.74.188.0,255.255.255.0,54004
148968,103.74.190.0,255.255.254.0,54004
4851,103.74.216.0,255.255.252.0,54004
135697,103.74.227.0,255.255.255.0,7018
9825,103.74.229.0,255.255.255.0,54004
135693,103.74.244.0,255.255.252.0,54004
133045,103.75.4.0,255.255.252.0,54004
149268,103.75.40.0,255.255.255.0,7018
135476,103.75.50.0,255.255.255.0,54004
136873,103.75.84.0,255.255.254.0,54004
133206,103.75.134.0,255.255.254.0,54004
38166,103.75.175.0,255.255.255.0,54004
133483,103.75.202.0,255.255.255.0,54004
135239,103.75.224.0,255.255.255.0,54004
138466,103.76.40.0,255.255.252.0,54004
150242,103.76.91.0,255.255.255.0,54004
151589,103.76.104.0,255.255.255.0,7018
151576,103.76.108.0,255.255.255.0,54004
150639,103.76.118.0,255.255.255.0,54004
141890,103.76.178.0,255.255.255.0,54004
135307,103.76.179.0,255.255.255.0,54004
135480,103.76.200.0,255.255.252.0,54004
58610,103.76.205.0,255.255.255.0,54004
135628,103.77.17.0,255.255.255.0,7018
150596,103.77.42.0,255.255.255.0,54004
38229,103.77.64.0,255.255.252.0,54004
134832,103.77.70.0,255.255.254.0,7018
63631,103.77.72.0,255.255.255.0,54004
135636,103.77.76.0,255.255.255.0,54004
146872,103.77.80.0,255.255.255.0,54004
140810,103.77.172.0,255.255.254.0,54004
151799,103.77.180.0,255.255.254.0,54004
131765,103.77.185.0,255.255.255.0,7018
10222,103.77.192.0,255.255.254.0,7018
64297,103.77.204.0,255.255.252.0,7018
151797,103.77.210.0,255.255.254.0,7018
135811,103.78.20.0,255.255.255.0,54004
55482,103.78.32.0,255.255.255.0,7018
150256,103.78.51.0,255.255.255.0,54004
135654,103.78.52.0,255.255.255.0,54004
135662,103.78.108.0,255.255.254.0,7018
58650,103.78.118.0,255.255.254.0,7018
135668,103.78.136.0,255.255.255.0,7018
135810,103.78.137.0,255.255.255.0,54004
146932,103.78.170.0,255.255.255.0,7018
150021,103.78.186.0,255.255.255.0,54004
64302,103.78.232.0,255.255.255.0,54004
139029,103.78.255.0,255.255.255.0,54004
135806,103.79.8.0,255.255.252.0,7018
138453,103.79.17.0,255.255.255.0,54004
135889,103.79.23.0,255.255.255.0,54004
7540,103.79.92.0,255.255.255.0,54004
134932,103.79.100.0,255.255.255.0,7018
136001,103.79.124.0,255.255.252.0,7018
139951,103.79.128.0,255.255.255.0,54004
9232,103.79.187.0,255.255.255.0,54004
131262,103.79.220.0,255.255.252.0,7018
136014,103.80.0.0,255.255.252.0,54004
136784,103.80.8.0,255.255.254.0,7018
137655,103.80.54.0,255.255.255.0,54004
135863,103.80.68.0,255.255.255.0,7018
135526,103.80.69.0,255.255.255.0,54004
64313,103.80.92.0,255.255.254.0,54004
9821,103.80.140.0,255.255.252.0,54004
23953,103.80.189.0,255.255.255.0,54004
153092,103.80.214.0,255.255.254.0,54004
151582,103.80.230.0,255.255.255.0,54004
64315,103.80.236.0,255.255.255.0,54004
136054,103.80.240.0,255.255.255.0,7018
135422,103.80.248.0,255.255.255.0,7018
132430,103.80.251.0,255.255.255.0,54004
137163,103.81.24.0,255.255.252.0,7018
136055,103.81.64.0,255.255.255.0,54004
138797,103.81.77.0,255.255.255.0,54004
150383,103.81.103.0,255.255.255.0,7018
150958,103.81.110.0,255.255.255.0,54004
135851,103.81.116.0,255.255.255.0,54004
59126,103.81.144.0,255.255.252.0,7018
150553,103.81.254.0,255.255.255.0,54004
18274,103.82.88.0,255.255.252.0,7018
135782,103.82.96.0,255.255.255.0,54004
7551,103.82.108.0,255.255.255.0,54004
136161,103.82.124.0,255.255.255.0,54004
136065,103.82.126.0,255.255.254.0,54004
135964,103.82.204.0,255.255.254.0,54004
137969,103.82.218.0,255.255.255.0,54004
136168,103.82.232.0,255.255.255.0,54004
142370,103.82.246.0,255.255.255.0,54004
150750,103.83.30.0,255.255.255.0,54004
135826,103.83.80.0,255.255.255.0,7018
136184,103.83.89.0,255.255.255.0,54004
136078,103.83.96.0,255.255.255.0,54004
150748,103.83.134.0,255.255.254.0,54004
131241,103.83.162.0,255.255.254.0,54004
58971,103.83.244.0,255.255.252.0,54004
141421,103.84.56.0,255.255.255.0,54004
24086,103.84.76.0,255.255.252.0,54004
136237,103.84.136.0,255.255.252.0,54004
137995,103.84.137.0,255.255.255.0,54004
136075,103.84.208.0,255.255.255.0,54004
138096,103.85.15.0,255.255.255.0,54004
8360,103.85.135.0,255.255.255.0,54004
139901,103.85.236.0,255.255.252.0,7018
136312,103.86.4.0,255.255.254.0,54004
134612,103.86.24.0,255.255.254.0,54004
138655,103.86.39.0,255.255.255.0,54004
136398,103.86.102.0,255.255.255.0,54004
150552,103.86.116.0,255.255.254.0,7018
136400,103.86.124.0,255.255.255.0,54004
136284,103.86.180.0,255.255.255.0,54004
135107,103.86.188.0,255.255.254.0,7018
149765,103.86.195.0,255.255.255.0,54004
45489,103.87.124.0,255.255.254.0,7018
38765,103.87.160.0,255.255.255.0,54004
136106,103.87.184.0,255.255.252.0,54004
151983,103.87.194.0,255.255.255.0,54004
150259,103.87.202.0,255.255.255.0,54004
133189,103.87.218.0,255.255.254.0,54004
136088,103.87.228.0,255.255.255.0,54004
4622,103.88.88.0,255.255.255.0,54004
134942,103.88.132.0,255.255.254.0,7018
136499,103.88.147.0,255.255.255.0,54004
38209,103.88.155.0,255.255.255.0,54004
134806,103.89.27.0,255.255.255.0,54004
150636,103.89.46.0,255.255.255.0,54004
61327,103.89.144.0,255.255.252.0,7018
56099,103.89.236.0,255.255.252.0,54004
150137,103.90.12.0,255.255.255.0,7018
59129,103.90.16.0,255.255.254.0,7018
63497,103.90.25.0,255.255.255.0,54004
135425,103.90.58.0,255.255.254.0,54004
136493,103.90.76.0,255.255.255.0,7018
131915,103.90.164.0,255.255.252.0,7018
136362,103.90.180.0,255.255.252.0,7018
131767,103.90.196.0,255.255.255.0,54004
136300,103.90.200.0,255.255.255.0,7018
136103,103.90.210.0,255.255.255.0,54004
133271,103.90.211.0,255.255.255.0,54004
142453,103.90.236.0,255.255.252.0,7018
131916,103.91.4.0,255.255.252.0,7018
38158,103.91.20.0,255.255.252.0,54004
136105,103.91.44.0,255.255.252.0,54004
136356,103.91.62.0,255.255.255.0,54004
136361,103.91.92.0,255.255.252.0,54004
136360,103.91.96.0,255.255.254.0,7018
136514,103.91.128.0,255.255.255.0,54004
136515,103.91.140.0,255.255.252.0,54004
139967,103.91.149.0,255.255.255.0,54004
45637,103.91.172.0,255.255.252.0,54004
136524,103.91.196.0,255.255.252.0,54004
976,103.91.219.0,255.255.255.0,54004
136303,103.91.220.0,255.255.255.0,54004
150570,103.91.224.0,255.255.255.0,54004
136533,103.91.240.0,255.255.252.0,54004
150022,103.92.106.0,255.255.255.0,54004
136552,103.92.148.0,255.255.255.0,7018
136306,103.92.162.0,255.255.255.0,7018
136823,103.92.224.0,255.255.252.0,54004
18278,103.92.228.0,255.255.252.0,7018
136343,103.93.9.0,255.255.255.0,54004
134785,103.93.32.0,255.255.255.0,54004
136323,103.93.36.0,255.255.255.0,54004
136322,103.93.48.0,255.255.254.0,7018
131918,103.93.60.0,255.255.252.0,7018
61414,103.93.76.0,255.255.255.0,7018
135060,103.93.150.0,255.255.255.0,54004
136116,103.93.158.0,255.255.254.0,7018
136357,103.93.200.0,255.255.255.0,7018
139623,103.93.232.0,255.255.255.0,54004
63490,103.93.236.0,255.255.255.0,54004
45722,103.94.8.0,255.255.252.0,54004
138244,103.94.27.0,255.255.255.0,54004
136617,103.94.68.0,255.255.252.0,54004
138277,103.94.81.0,255.255.255.0,7018
136119,103.94.168.0,255.255.255.0,7018
136733,103.94.224.0,255.255.255.0,54004
63878,103.94.248.0,255.255.255.0,54004
138884,103.94.250.0,255.255.255.0,54004
136741,103.95.0.0,255.255.252.0,54004
131923,103.95.104.0,255.255.252.0,7018
63770,103.95.184.0,255.255.252.0,54004
136785,103.95.215.0,255.255.255.0,7018
136654,103.96.12.0,255.255.252.0,54004
38029,103.96.30.0,255.255.255.0,7018
17981,103.96.78.0,255.255.255.0,54004
134153,103.96.104.0,255.255.254.0,54004
136797,103.96.110.0,255.255.255.0,7018
9607,103.96.112.0,255.255.252.0,7018
136805,103.96.141.0,255.255.255.0,54004
63773,103.96.229.0,255.255.255.0,7018
135277,103.96.242.0,255.255.254.0,54004
136127,103.97.4.0,255.255.255.0,54004
136131,103.97.77.0,255.255.255.0,7018
58820,103.97.111.0,255.255.255.0,54004
150923,103.97.224.0,255.255.255.0,54004
141846,103.97.226.0,255.255.255.0,7018
134578,103.98.15.0,255.255.255.0,54004
136820,103.98.116.0,255.255.254.0,7018
136828,103.98.120.0,255.255.255.0,54004
149781,103.98.192.0,255.255.255.0,7018
136920,103.99.26.0,255.255.255.0,54004
150279,103.99.27.0,255.255.255.0,54004
150723,103.99.35.0,255.255.255.0,7018
63772,103.99.80.0,255.255.252.0,7018
150315,103.99.132.0,255.255.255.0,54004
151575,103.99.136.0,255.255.255.0,54004
135139,103.99.148.0,255.255.252.0,7018
54415,103.99.168.0,255.255.255.0,7018
136837,103.99.214.0,255.255.255.0,54004
136948,103.99.249.0,255.255.255.0,54004
137819,103.100.75.0,255.255.255.0,54004
136838,103.100.96.0,255.255.255.0,54004
133527,103.100.112.0,255.255.252.0,54004
17911,103.100.188.0,255.255.255.0,54004
137050,103.100.204.0,255.255.255.0,54004
136664,103.100.216.0,255.255.252.0,54004
136972,103.100.224.0,255.255.252.0,54004
136975,103.101.16.0,255.255.255.0,54004
135860,103.101.92.0,255.255.255.0,7018
136636,103.101.108.0,255.255.252.0,54004
23951,103.101.138.0,255.255.254.0,54004
136994,103.101.168.0,255.255.252.0,54004
136998,103.101.208.0,255.255.255.0,54004
150941,103.101.216.0,255.255.255.0,7018
142347,103.101.218.0,255.255.255.0,54004
135523,103.101.232.0,255.255.255.0,54004
136865,103.102.12.0,255.255.254.0,54004
137331,103.102.15.0,255.255.255.0,54004
150925,103.102.16.0,255.255.254.0,7018
136700,103.102.96.0,255.255.255.0,7018
142601,103.102.108.0,255.255.255.0,7018
136856,103.102.112.0,255.255.254.0,54004
45158,103.102.118.0,255.255.255.0,7018
136854,103.102.140.0,255.255.255.0,7018
137032,103.102.164.0,255.255.255.0,54004
14907,103.102.166.0,255.255.255.0,54004
137042,103.102.222.0,255.255.255.0,7018
210456,103.102.231.0,255.255.255.0,7018
9255,103.102.235.0,255.255.255.0,54004
136708,103.103.8.0,255.255.252.0,7018
137047,103.103.42.0,255.255.255.0,54004
150467,103.103.115.0,255.255.255.0,54004
135928,103.103.116.0,255.255.252.0,7018
136671,103.103.120.0,255.255.255.0,7018
138818,103.103.136.0,255.255.255.0,54004
136861,103.103.144.0,255.255.255.0,54004
23747,103.103.148.0,255.255.255.0,54004
136847,103.103.180.0,255.255.255.0,54004
137955,103.103.194.0,255.255.255.0,54004
136714,103.104.44.0,255.255.252.0,54004
136869,103.104.204.0,255.255.252.0,54004
141815,103.104.231.0,255.255.255.0,54004
137495,103.105.20.0,255.255.254.0,7018
150942,103.105.56.0,255.255.255.0,54004
150945,103.105.92.0,255.255.255.0,54004
141887,103.105.114.0,255.255.255.0,54004
17727,103.105.128.0,255.255.255.0,54004
38858,103.105.145.0,255.255.255.0,7018
137239,103.105.212.0,255.255.252.0,54004
141137,103.105.217.0,255.255.255.0,54004
136885,103.105.252.0,255.255.255.0,54004
38047,103.106.52.0,255.255.255.0,54004
137267,103.106.110.0,255.255.255.0,7018
136880,103.106.112.0,255.255.255.0,54004
131928,103.106.124.0,255.255.252.0,7018
137157,103.106.136.0,255.255.255.0,7018
18207,103.106.160.0,255.255.252.0,54004
136888,103.106.173.0,255.255.255.0,54004
137090,103.106.180.0,255.255.255.0,54004
137329,103.106.216.0,255.255.255.0,54004
4796,103.107.4.0,255.255.252.0,54004
137388,103.107.39.0,255.255.255.0,54004
137404,103.107.80.0,255.255.252.0,54004
150932,103.107.136.0,255.255.255.0,54004
150948,103.107.138.0,255.255.254.0,54004
137094,103.107.150.0,255.255.255.0,7018
38515,103.107.248.0,255.255.252.0,7018
137102,103.107.252.0,255.255.255.0,7018
147224,103.108.45.0,255.255.255.0,54004
137425,103.108.60.0,255.255.255.0,54004
137426,103.108.68.0,255.255.254.0,54004
24436,103.108.86.0,255.255.255.0,54004
137150,103.108.98.0,255.255.255.0,54004
137104,103.108.118.0,255.255.255.0,7018
137107,103.108.152.0,255.255.255.0,54004
37988,103.108.228.0,255.255.255.0,54004
131929,103.108.232.0,255.255.252.0,7018
46024,103.108.254.0,255.255.255.0,54004
137310,103.109.0.0,255.255.255.0,7018
137109,103.109.12.0,255.255.255.0,7018
137311,103.109.24.0,255.255.255.0,54004
134734,103.109.97.0,255.255.255.0,54004
137316,103.109.124.0,255.255.255.0,54004
141805,103.109.137.0,255.255.255.0,54004
137315,103.109.210.0,255.255.255.0,54004
137491,103.110.96.0,255.255.252.0,7018
137562,103.110.142.0,255.255.255.0,7018
135269,103.110.166.0,255.255.255.0,54004
17494,103.110.215.0,255.255.255.0,7018
137535,103.110.220.0,255.255.254.0,54004
134877,103.110.236.0,255.255.252.0,7018
146904,103.111.6.0,255.255.254.0,54004
137118,103.111.108.0,255.255.255.0,54004
149951,103.111.118.0,255.255.255.0,54004
23947,103.111.144.0,255.255.255.0,7018
137678,103.111.158.0,255.255.255.0,54004
137922,103.111.180.0,255.255.254.0,54004
59149,103.111.248.0,255.255.255.0,54004
137532,103.112.64.0,255.255.255.0,54004
137327,103.112.122.0,255.255.254.0,54004
151043,103.112.138.0,255.255.255.0,54004
18117,103.112.188.0,255.255.255.0,7018
137332,103.112.189.0,255.255.255.0,54004
135059,103.112.191.0,255.255.255.0,54004
138109,103.112.194.0,255.255.255.0,54004
150744,103.112.205.0,255.255.255.0,54004
137172,103.112.212.0,255.255.252.0,7018
137171,103.113.0.0,255.255.255.0,54004
138165,103.113.1.0,255.255.255.0,7018
137557,103.113.44.0,255.255.255.0,54004
63774,103.113.56.0,255.255.255.0,54004
135110,103.113.60.0,255.255.255.0,54004
135943,103.113.80.0,255.255.255.0,54004
137561,103.113.100.0,255.255.255.0,54004
137566,103.113.176.0,255.255.252.0,54004
137567,103.113.184.0,255.255.252.0,54004
135859,103.113.188.0,255.255.252.0,7018
24556,103.113.196.0,255.255.255.0,54004
136342,103.113.228.0,255.255.252.0,7018
137575,103.113.244.0,255.255.255.0,54004
24263,103.113.246.0,255.255.255.0,7018
138787,103.113.252.0,255.255.255.0,7018
137576,103.114.12.0,255.255.252.0,54004
137360,103.114.35.0,255.255.255.0,54004
137349,103.114.52.0,255.255.255.0,54004
137351,103.114.144.0,255.255.255.0,54004
137905,103.114.146.0,255.255.254.0,54004
137815,103.114.170.0,255.255.255.0,54004
23618,103.114.184.0,255.255.252.0,7018
139719,103.115.4.0,255.255.254.0,54004
137823,103.115.24.0,255.255.252.0,7018
137359,103.115.36.0,255.255.252.0,54004
137831,103.115.79.0,255.255.255.0,54004
150363,103.115.84.0,255.255.254.0,7018
137841,103.115.112.0,255.255.255.0,54004
135223,103.115.124.0,255.255.255.0,54004
137847,103.115.136.0,255.255.252.0,7018
138131,103.115.164.0,255.255.255.0,54004
141959,103.115.176.0,255.255.252.0,54004
23676,103.115.192.0,255.255.255.0,7018
152605,103.115.196.0,255.255.255.0,54004
134922,103.116.136.0,255.255.254.0,54004
137363,103.116.172.0,255.255.252.0,54004
4770,103.116.188.0,255.255.254.0,54004
62062,103.116.199.0,255.255.255.0,54004
137945,103.116.240.0,255.255.255.0,7018
150478,103.117.10.0,255.255.255.0,54004
137913,103.117.24.0,255.255.252.0,54004
137609,103.117.32.0,255.255.255.0,7018
150954,103.117.58.0,255.255.254.0,54004
137681,103.117.60.0,255.255.255.0,54004
151358,103.117.116.0,255.255.255.0,54004
148992,103.117.176.0,255.255.255.0,54004
139460,103.117.205.0,255.255.255.0,54004
137677,103.117.236.0,255.255.255.0,54004
135947,103.117.240.0,255.255.255.0,54004
134152,103.118.20.0,255.255.252.0,7018
131937,103.118.92.0,255.255.252.0,7018
137376,103.118.124.0,255.255.252.0,54004
137375,103.118.184.0,255.255.252.0,54004
63782,103.119.88.0,255.255.252.0,7018
137378,103.119.116.0,255.255.255.0,54004
137990,103.119.128.0,255.255.252.0,54004
133007,103.119.198.0,255.255.255.0,7018
151586,103.119.236.0,255.255.254.0,54004
141253,103.119.240.0,255.255.255.0,54004
138025,103.120.69.0,255.255.255.0,54004
150501,103.120.76.0,255.255.255.0,54004
138033,103.120.84.0,255.255.255.0,7018
135419,103.120.112.0,255.255.252.0,54004
138117,103.120.124.0,255.255.254.0,7018
134883,103.120.208.0,255.255.255.0,7018
138045,103.120.233.0,255.255.255.0,54004
134592,103.120.246.0,255.255.255.0,54004
138926,103.121.6.0,255.255.255.0,54004
138147,103.121.81.0,255.255.255.0,54004
23943,103.121.124.0,255.255.252.0,7018
149710,103.121.196.0,255.255.255.0,54004
137661,103.122.36.0,255.255.255.0,7018
138189,103.122.40.0,255.255.255.0,7018
136659,103.122.128.0,255.255.252.0,7018
140407,103.122.152.0,255.255.252.0,54004
38493,103.123.8.0,255.255.252.0,54004
138069,103.123.16.0,255.255.254.0,54004
138076,103.123.39.0,255.255.255.0,7018
38553,103.123.40.0,255.255.255.0,54004
139922,103.123.60.0,255.255.255.0,54004
138074,103.123.96.0,255.255.252.0,54004
138070,103.123.104.0,255.255.255.0,54004
135567,103.123.112.0,255.255.255.0,54004
24298,103.123.144.0,255.255.255.0,54004
63776,103.123.180.0,255.255.255.0,7018
45668,103.123.237.0,255.255.255.0,54004
138385,103.124.52.0,255.255.255.0,54004
7539,103.124.72.0,255.255.252.0,54004
14630,103.124.124.0,255.255.255.0,54004
138947,103.124.128.0,255.255.254.0,54004
131659,103.124.252.0,255.255.252.0,54004
55381,103.125.124.0,255.255.252.0,7018
139415,103.125.172.0,255.255.255.0,54004
138114,103.125.184.0,255.255.255.0,54004
138105,103.125.202.0,255.255.255.0,54004
141013,103.125.244.0,255.255.255.0,7018
138106,103.126.8.0,255.255.252.0,54004
138119,103.126.28.0,255.255.255.0,54004
138107,103.126.56.0,255.255.255.0,54004
24559,103.126.104.0,255.255.252.0,7018
139972,103.126.119.0,255.255.255.0,54004
150288,103.126.142.0,255.255.255.0,54004
138112,103.126.172.0,255.255.255.0,54004
138238,103.126.196.0,255.255.255.0,7018
138113,103.126.200.0,255.255.254.0,54004
134944,103.126.228.0,255.255.252.0,54004
150503,103.126.238.0,255.255.255.0,7018
137645,103.127.20.0,255.255.255.0,54004
9744,103.127.24.0,255.255.252.0,7018
135687,103.127.130.0,255.255.255.0,54004
138527,103.127.250.0,255.255.254.0,54004
131942,103.129.28.0,255.255.252.0,7018
135589,103.129.76.0,255.255.255.0,54004
137594,103.129.108.0,255.255.255.0,7018
151066,103.129.124.0,255.255.254.0,54004
135843,103.129.155.0,255.255.255.0,7018
151732,103.129.194.0,255.255.255.0,54004
138209,103.129.224.0,255.255.255.0,7018
138093,103.130.4.0,255.255.255.0,54004
139977,103.130.80.0,255.255.255.0,54004
138340,103.130.140.0,255.255.255.0,54004
206596,103.130.147.0,255.255.255.0,7018
138359,103.130.153.0,255.255.255.0,7018
135953,103.130.212.0,255.255.255.0,54004
150162,103.130.246.0,255.255.254.0,7018
9264,103.130.252.0,255.255.252.0,7018
138080,103.131.16.0,255.255.255.0,54004
138084,103.131.29.0,255.255.255.0,7018
138502,103.131.42.0,255.255.255.0,7018
138126,103.131.61.0,255.255.255.0,7018
38800,103.131.62.0,255.255.255.0,54004
63800,103.131.151.0,255.255.255.0,54004
153370,103.131.158.0,255.255.255.0,54004
54470,103.131.183.0,255.255.255.0,7018
2515,103.131.194.0,255.255.254.0,7018
152464,103.131.198.0,255.255.255.0,54004
134655,103.131.236.0,255.255.255.0,54004
151152,103.131.250.0,255.255.254.0,54004
138528,103.132.8.0,255.255.252.0,54004
131736,103.132.12.0,255.255.255.0,54004
140036,103.132.42.0,255.255.255.0,54004
138123,103.132.52.0,255.255.255.0,54004
135726,103.132.56.0,255.255.255.0,7018
138536,103.132.92.0,255.255.255.0,54004
58469,103.132.98.0,255.255.255.0,54004
151210,103.132.102.0,255.255.255.0,54004
59178,103.132.144.0,255.255.255.0,7018
141243,103.132.148.0,255.255.255.0,54004
138552,103.132.192.0,255.255.255.0,7018
138317,103.132.196.0,255.255.255.0,54004
133451,103.132.232.0,255.255.255.0,54004
138129,103.132.236.0,255.255.255.0,7018
138130,103.133.24.0,255.255.255.0,54004
138134,103.133.60.0,255.255.255.0,54004
138310,103.133.113.0,255.255.255.0,7018
138139,103.133.144.0,255.255.255.0,54004
133968,103.133.168.0,255.255.255.0,54004
141322,103.133.228.0,255.255.255.0,7018
139722,103.134.43.0,255.255.255.0,54004
138701,103.134.60.0,255.255.252.0,7018
138594,103.134.68.0,255.255.255.0,54004
138143,103.134.76.0,255.255.255.0,54004
134308,103.134.100.0,255.255.254.0,7018
131645,103.134.120.0,255.255.255.0,7018
138629,103.134.176.0,255.255.252.0,7018
138840,103.134.184.0,255.255.255.0,54004
138810,103.134.220.0,255.255.255.0,54004
138622,103.134.226.0,255.255.254.0,54004
150366,103.134.234.0,255.255.255.0,7018
131773,103.134.244.0,255.255.255.0,54004
138786,103.134.252.0,255.255.254.0,7018
46026,103.135.72.0,255.255.252.0,54004
138636,103.135.77.0,255.255.255.0,54004
138637,103.135.87.0,255.255.255.0,54004
59238,103.135.108.0,255.255.252.0,54004
150178,103.135.139.0,255.255.255.0,54004
138871,103.135.224.0,255.255.252.0,7018
132531,103.135.245.0,255.255.255.0,7018
138821,103.136.12.0,255.255.252.0,54004
138783,103.136.44.0,255.255.255.0,54004
153068,103.136.76.0,255.255.255.0,54004
153087,103.136.162.0,255.255.255.0,54004
138909,103.137.0.0,255.255.255.0,54004
138824,103.137.8.0,255.255.254.0,54004
138776,103.137.11.0,255.255.255.0,54004
152333,103.137.21.0,255.255.255.0,54004
138934,103.137.88.0,255.255.252.0,54004
138943,103.137.132.0,255.255.255.0,7018
138849,103.137.144.0,255.255.255.0,54004
138961,103.137.178.0,255.255.254.0,54004
138965,103.137.204.0,255.255.255.0,54004
138970,103.137.209.0,255.255.255.0,54004
131949,103.137.232.0,255.255.252.0,7018
138973,103.137.245.0,255.255.255.0,54004
138839,103.138.14.0,255.255.255.0,54004
7594,103.138.35.0,255.255.255.0,54004
149723,103.138.53.0,255.255.255.0,54004
138843,103.138.62.0,255.255.255.0,54004
138842,103.138.68.0,255.255.254.0,54004
138726,103.138.104.0,255.255.255.0,54004
139417,103.138.116.0,255.255.255.0,7018
139005,103.138.130.0,255.255.255.0,54004
139014,103.138.140.0,255.255.255.0,7018
149058,103.138.146.0,255.255.255.0,7018
139016,103.138.151.0,255.255.255.0,54004
138854,103.138.218.0,255.255.254.0,54004
149258,103.138.232.0,255.255.255.0,54004
149855,103.138.252.0,255.255.255.0,7018
132655,103.139.24.0,255.255.255.0,54004
138860,103.139.26.0,255.255.254.0,54004
153174,103.139.80.0,255.255.255.0,54004
214809,103.139.88.0,255.255.255.0,54004
138862,103.139.98.0,255.255.255.0,54004
139077,103.139.104.0,255.255.254.0,54004
63780,103.139.106.0,255.255.255.0,54004
45259,103.139.109.0,255.255.255.0,54004
149964,103.139.126.0,255.255.255.0,54004
149965,103.139.138.0,255.255.254.0,54004
139089,103.139.146.0,255.255.254.0,7018
50839,103.139.190.0,255.255.255.0,7018
150513,103.139.207.0,255.255.255.0,54004
63779,103.139.238.0,255.255.254.0,7018
151000,103.139.244.0,255.255.254.0,54004
139225,103.140.3.0,255.255.255.0,7018
135977,103.140.4.0,255.255.254.0,54004
22697,103.140.28.0,255.255.254.0,7018
138873,103.140.78.0,255.255.254.0,54004
138876,103.140.90.0,255.255.254.0,54004
58768,103.140.116.0,255.255.255.0,54004
131982,103.140.118.0,255.255.254.0,7018
138866,103.140.130.0,255.255.255.0,54004
139279,103.140.172.0,255.255.254.0,54004
139288,103.140.215.0,255.255.255.0,54004
139301,103.141.6.0,255.255.255.0,54004
138887,103.141.20.0,255.255.255.0,7018
23827,103.141.34.0,255.255.254.0,7018
131955,103.141.48.0,255.255.254.0,7018
133693,103.141.50.0,255.255.255.0,7018
140866,103.141.84.0,255.255.254.0,7018
131966,103.141.94.0,255.255.254.0,7018
138890,103.141.148.0,255.255.254.0,54004
139357,103.141.179.0,255.255.255.0,7018
136644,103.141.192.0,255.255.254.0,54004
147121,103.141.196.0,255.255.255.0,54004
139466,103.141.199.0,255.255.255.0,7018
139464,103.141.202.0,255.255.254.0,7018
139364,103.141.234.0,255.255.255.0,54004
139365,103.141.244.0,255.255.255.0,54004
138027,103.142.3.0,255.255.255.0,54004
139588,103.142.5.0,255.255.255.0,54004
18268,103.142.6.0,255.255.254.0,7018
131952,103.142.12.0,255.255.254.0,7018
132584,103.142.38.0,255.255.255.0,7018
139597,103.142.40.0,255.255.254.0,7018
139369,103.142.61.0,255.255.255.0,7018
38891,103.142.66.0,255.255.255.0,7018
139370,103.142.94.0,255.255.254.0,54004
139609,103.142.98.0,255.255.255.0,7018
139620,103.142.144.0,255.255.255.0,54004
152734,103.142.150.0,255.255.254.0,54004
139521,103.142.162.0,255.255.254.0,54004
139379,103.142.200.0,255.255.255.0,54004
139378,103.142.202.0,255.255.254.0,54004
139382,103.142.240.0,255.255.255.0,54004
139380,103.142.242.0,255.255.255.0,54004
139404,103.143.4.0,255.255.254.0,54004
139431,103.143.22.0,255.255.255.0,54004
139392,103.143.95.0,255.255.255.0,7018
133838,103.143.96.0,255.255.255.0,7018
139675,103.143.126.0,255.255.255.0,54004
10080,103.143.156.0,255.255.254.0,54004
132935,103.143.212.0,255.255.255.0,54004
139412,103.143.224.0,255.255.254.0,7018
138678,103.144.0.0,255.255.255.0,7018
139718,103.144.10.0,255.255.255.0,54004
139418,103.144.18.0,255.255.255.0,54004
131666,103.144.34.0,255.255.254.0,7018
132778,103.144.36.0,255.255.255.0,54004
150724,103.144.88.0,255.255.255.0,54004
139425,103.144.90.0,255.255.254.0,54004
139421,103.144.102.0,255.255.255.0,54004
131958,103.144.122.0,255.255.254.0,7018
46065,103.144.132.0,255.255.255.0,7018
139428,103.144.146.0,255.255.255.0,54004
139762,103.144.200.0,255.255.254.0,54004
139435,103.144.250.0,255.255.254.0,54004
149105,103.145.2.0,255.255.254.0,54004
139438,103.145.14.0,255.255.254.0,54004
139449,103.145.34.0,255.255.255.0,54004
139440,103.145.66.0,255.255.254.0,54004
139799,103.145.92.0,255.255.255.0,7018
139447,103.145.125.0,255.255.255.0,54004
139809,103.145.132.0,255.255.255.0,54004
140008,103.145.146.0,255.255.254.0,7018
139831,103.145.206.0,255.255.254.0,54004
45706,103.145.220.0,255.255.254.0,54004
139526,103.146.0.0,255.255.255.0,54004
139984,103.146.26.0,255.255.255.0,7018
139870,103.146.42.0,255.255.255.0,54004
139849,103.146.66.0,255.255.254.0,54004
139863,103.146.92.0,255.255.255.0,54004
215823,103.146.102.0,255.255.255.0,7018
209735,103.146.103.0,255.255.255.0,7018
139869,103.146.106.0,255.255.255.0,7018
139900,103.146.206.0,255.255.255.0,54004
139899,103.146.226.0,255.255.254.0,7018
139531,103.146.240.0,255.255.255.0,7018
18041,103.147.22.0,255.255.254.0,7018
139946,103.147.46.0,255.255.254.0,54004
139958,103.147.82.0,255.255.255.0,54004
139959,103.147.92.0,255.255.255.0,7018
139927,103.147.106.0,255.255.254.0,54004
131677,103.147.130.0,255.255.254.0,7018
139963,103.147.134.0,255.255.254.0,54004
132523,103.147.192.0,255.255.255.0,7018
150544,103.147.211.0,255.255.255.0,54004
139559,103.147.250.0,255.255.255.0,7018
134654,103.147.254.0,255.255.255.0,7018
137651,103.148.1.0,255.255.255.0,54004
140063,103.148.10.0,255.255.255.0,54004
140068,103.148.14.0,255.255.255.0,54004
139978,103.148.18.0,255.255.254.0,54004
140012,103.148.28.0,255.255.255.0,54004
24527,103.148.46.0,255.255.255.0,54004
149214,103.148.65.0,255.255.255.0,7018
140416,103.148.86.0,255.255.255.0,54004
140421,103.148.88.0,255.255.255.0,54004
139988,103.148.100.0,255.255.255.0,54004
9326,103.148.110.0,255.255.255.0,54004
139993,103.148.112.0,255.255.255.0,54004
141127,103.148.130.0,255.255.255.0,54004
140210,103.148.154.0,255.255.255.0,54004
134880,103.148.182.0,255.255.255.0,54004
140223,103.148.184.0,255.255.255.0,7018
139995,103.148.192.0,255.255.254.0,54004
140007,103.148.196.0,255.255.254.0,54004
139998,103.148.198.0,255.255.255.0,54004
140004,103.148.208.0,255.255.254.0,54004
140228,103.148.212.0,255.255.254.0,54004
140231,103.148.220.0,255.255.255.0,7018
132054,103.148.224.0,255.255.254.0,54004
59098,103.149.4.0,255.255.254.0,7018
150526,103.149.42.0,255.255.255.0,54004
137000,103.149.58.0,255.255.255.0,7018
134896,103.149.69.0,255.255.255.0,7018
140385,103.149.114.0,255.255.255.0,7018
140023,103.149.120.0,255.255.255.0,54004
151413,103.149.218.0,255.255.255.0,54004
140384,103.149.238.0,255.255.254.0,54004
140390,103.150.32.0,255.255.255.0,54004
140388,103.150.44.0,255.255.255.0,54004
140546,103.150.48.0,255.255.255.0,54004
140631,103.150.74.0,255.255.254.0,54004
140395,103.150.150.0,255.255.254.0,7018
140394,103.150.168.0,255.255.254.0,7018
38572,103.150.171.0,255.255.255.0,54004
140396,103.150.174.0,255.255.255.0,7018
140591,103.150.184.0,255.255.254.0,54004
140593,103.150.202.0,255.255.254.0,7018
150734,103.151.12.0,255.255.255.0,7018
140404,103.151.22.0,255.255.254.0,54004
140413,103.151.34.0,255.255.254.0,54004
151330,103.151.42.0,255.255.255.0,54004
140625,103.151.62.0,255.255.255.0,7018
140410,103.151.63.0,255.255.255.0,7018
140409,103.151.72.0,255.255.255.0,54004
140635,103.151.76.0,255.255.254.0,54004
140637,103.151.86.0,255.255.254.0,54004
17538,103.151.94.0,255.255.254.0,54004
140428,103.151.109.0,255.255.255.0,7018
13360,103.151.126.0,255.255.255.0,54004
150534,103.151.129.0,255.255.255.0,7018
140417,103.151.140.0,255.255.254.0,54004
140670,103.151.144.0,255.255.255.0,7018
140633,103.151.150.0,255.255.254.0,54004
45735,103.151.162.0,255.255.254.0,54004
140423,103.151.222.0,255.255.254.0,54004
140429,103.151.226.0,255.255.255.0,54004
140119,103.151.232.0,255.255.254.0,54004
140120,103.151.234.0,255.255.255.0,7018
38734,103.151.242.0,255.255.254.0,54004
140583,103.152.0.0,255.255.255.0,7018
140710,103.152.12.0,255.255.254.0,54004
140442,103.152.72.0,255.255.255.0,54004
17955,103.152.138.0,255.255.254.0,7018
17415,103.152.202.0,255.255.255.0,54004
140927,103.152.216.0,255.255.254.0,54004
9384,103.152.227.0,255.255.255.0,7018
140446,103.152.232.0,255.255.255.0,54004
140448,103.152.238.0,255.255.255.0,54004
141174,103.152.246.0,255.255.255.0,54004
140892,103.153.8.0,255.255.254.0,54004
140896,103.153.30.0,255.255.255.0,54004
140444,103.153.42.0,255.255.255.0,54004
140905,103.153.54.0,255.255.255.0,7018
140910,103.153.90.0,255.255.254.0,54004
140460,103.153.96.0,255.255.255.0,54004
152847,103.153.98.0,255.255.255.0,54004
140918,103.153.118.0,255.255.255.0,7018
45411,103.153.158.0,255.255.255.0,54004
140942,103.153.172.0,255.255.254.0,7018
140947,103.153.182.0,255.255.254.0,54004
140469,103.153.190.0,255.255.254.0,54004
131970,103.153.206.0,255.255.254.0,7018
140967,103.153.238.0,255.255.254.0,54004
140475,103.153.246.0,255.255.255.0,54004
140970,103.154.10.0,255.255.255.0,7018
140478,103.154.24.0,255.255.254.0,54004
140479,103.154.52.0,255.255.255.0,54004
150129,103.154.64.0,255.255.255.0,54004
140481,103.154.76.0,255.255.255.0,54004
140985,103.154.94.0,255.255.255.0,7018
140994,103.154.154.0,255.255.254.0,54004
141054,103.154.172.0,255.255.254.0,54004
136121,103.154.230.0,255.255.254.0,54004
141014,103.154.234.0,255.255.255.0,54004
151660,103.155.36.0,255.255.255.0,7018
141049,103.155.46.0,255.255.254.0,54004
140148,103.155.54.0,255.255.255.0,54004
142381,103.155.64.0,255.255.254.0,54004
141047,103.155.68.0,255.255.255.0,54004
141152,103.155.88.0,255.255.254.0,54004
141056,103.155.116.0,255.255.254.0,54004
141480,103.155.130.0,255.255.255.0,54004
141062,103.155.156.0,255.255.255.0,54004
141064,103.155.166.0,255.255.254.0,54004
141065,103.155.168.0,255.255.254.0,54004
141181,103.155.184.0,255.255.255.0,54004
24198,103.155.186.0,255.255.254.0,7018
141067,103.155.190.0,255.255.255.0,54004
140151,103.155.194.0,255.255.255.0,54004
141073,103.155.200.0,255.255.255.0,54004
141076,103.155.221.0,255.255.255.0,54004
136289,103.155.234.0,255.255.255.0,7018
17884,103.155.250.0,255.255.255.0,54004
141077,103.156.16.0,255.255.255.0,54004
141081,103.156.70.0,255.255.254.0,54004
45291,103.156.72.0,255.255.255.0,54004
141082,103.156.74.0,255.255.254.0,54004
135273,103.156.76.0,255.255.255.0,7018
141204,103.156.80.0,255.255.254.0,54004
141085,103.156.88.0,255.255.255.0,54004
141087,103.156.96.0,255.255.255.0,7018
141202,103.156.106.0,255.255.255.0,54004
141091,103.156.128.0,255.255.255.0,7018
149883,103.156.140.0,255.255.254.0,54004
140189,103.156.144.0,255.255.254.0,54004
141216,103.156.154.0,255.255.255.0,54004
149667,103.156.221.0,255.255.255.0,54004
141097,103.156.224.0,255.255.255.0,7018
141098,103.156.233.0,255.255.255.0,54004
38150,103.156.240.0,255.255.255.0,54004
141105,103.157.24.0,255.255.255.0,54004
56239,103.157.64.0,255.255.254.0,54004
141114,103.157.78.0,255.255.255.0,54004
141113,103.157.80.0,255.255.255.0,7018
24253,103.157.156.0,255.255.255.0,7018
131973,103.157.157.0,255.255.255.0,7018
7492,103.157.244.0,255.255.254.0,54004
134712,103.158.4.0,255.255.254.0,7018
141389,103.158.14.0,255.255.255.0,54004
141675,103.158.26.0,255.255.255.0,54004
141394,103.158.29.0,255.255.255.0,7018
38614,103.158.39.0,255.255.255.0,54004
141308,103.158.44.0,255.255.255.0,54004
141339,103.158.52.0,255.255.255.0,7018
142111,103.158.74.0,255.255.255.0,54004
141130,103.158.96.0,255.255.255.0,54004
141125,103.158.98.0,255.255.255.0,54004
141332,103.158.142.0,255.255.255.0,54004
141254,103.158.146.0,255.255.254.0,54004
141126,103.158.154.0,255.255.255.0,54004
150045,103.158.212.0,255.255.255.0,7018
38230,103.158.222.0,255.255.255.0,7018
141420,103.158.226.0,255.255.255.0,7018
23750,103.158.237.0,255.255.255.0,54004
17769,103.159.20.0,255.255.255.0,7018
138333,103.159.26.0,255.255.255.0,54004
141266,103.159.32.0,255.255.254.0,7018
141265,103.159.44.0,255.255.254.0,54004
142470,103.159.70.0,255.255.255.0,54004
141139,103.159.92.0,255.255.255.0,54004
142320,103.159.111.0,255.255.255.0,7018
141602,103.159.112.0,255.255.254.0,54004
139816,103.159.114.0,255.255.255.0,54004
38856,103.159.118.0,255.255.254.0,54004
141731,103.159.126.0,255.255.255.0,54004
132366,103.159.127.0,255.255.255.0,54004
141804,103.159.162.0,255.255.255.0,7018
140470,103.159.196.0,255.255.255.0,54004
135709,103.159.217.0,255.255.255.0,54004
141147,103.159.224.0,255.255.255.0,7018
141457,103.159.236.0,255.255.254.0,54004
141659,103.160.42.0,255.255.255.0,7018
141607,103.160.68.0,255.255.255.0,54004
141514,103.160.126.0,255.255.254.0,54004
141288,103.160.128.0,255.255.255.0,7018
58819,103.160.148.0,255.255.254.0,54004
134468,103.160.168.0,255.255.255.0,7018
150208,103.160.182.0,255.255.255.0,54004
141600,103.160.201.0,255.255.255.0,54004
141595,103.160.205.0,255.255.255.0,54004
135182,103.160.206.0,255.255.254.0,7018
149920,103.161.1.0,255.255.255.0,54004
140770,103.161.38.0,255.255.255.0,54004
134489,103.161.48.0,255.255.255.0,54004
38156,103.161.62.0,255.255.255.0,54004
141612,103.161.114.0,255.255.255.0,54004
141626,103.161.128.0,255.255.255.0,54004
141613,103.161.130.0,255.255.254.0,54004
141628,103.161.146.0,255.255.254.0,54004
151191,103.161.154.0,255.255.254.0,54004
141682,103.161.244.0,255.255.254.0,54004
141655,103.162.35.0,255.255.255.0,7018
141639,103.162.36.0,255.255.255.0,54004
141693,103.162.48.0,255.255.254.0,7018
141645,103.162.54.0,255.255.255.0,54004
141492,103.162.64.0,255.255.254.0,7018
141524,103.162.66.0,255.255.255.0,7018
141536,103.162.78.0,255.255.254.0,54004
17996,103.162.100.0,255.255.254.0,54004
141653,103.162.106.0,255.255.254.0,7018
141652,103.162.112.0,255.255.254.0,54004
141709,103.162.127.0,255.255.255.0,54004
141384,103.162.142.0,255.255.255.0,54004
141519,103.162.164.0,255.255.255.0,7018
141667,103.162.232.0,255.255.255.0,54004
17670,103.162.236.0,255.255.255.0,54004
141671,103.162.240.0,255.255.255.0,54004
141889,103.163.13.0,255.255.255.0,54004
141523,103.163.18.0,255.255.255.0,54004
135983,103.163.24.0,255.255.254.0,54004
141881,103.163.40.0,255.255.255.0,7018
38204,103.163.76.0,255.255.255.0,54004
141674,103.163.80.0,255.255.255.0,54004
141673,103.163.102.0,255.255.254.0,54004
141767,103.163.182.0,255.255.254.0,54004
142366,103.163.184.0,255.255.255.0,54004
141773,103.163.210.0,255.255.254.0,7018
141896,103.163.226.0,255.255.255.0,54004
141907,103.163.230.0,255.255.254.0,54004
141988,103.163.246.0,255.255.254.0,54004
142394,103.164.11.0,255.255.255.0,54004
141903,103.164.56.0,255.255.255.0,54004
131931,103.164.72.0,255.255.254.0,7018
2907,103.164.74.0,255.255.254.0,7018
141906,103.164.83.0,255.255.255.0,54004
141905,103.164.84.0,255.255.255.0,54004
141939,103.164.192.0,255.255.255.0,54004
141793,103.164.202.0,255.255.255.0,7018
142014,103.164.224.0,255.255.254.0,7018
141917,103.164.228.0,255.255.255.0,54004
142577,103.164.255.0,255.255.255.0,54004
141783,103.165.24.0,255.255.255.0,7018
24496,103.165.46.0,255.255.255.0,54004
142029,103.165.56.0,255.255.254.0,54004
149596,103.165.64.0,255.255.254.0,7018
141864,103.165.95.0,255.255.255.0,7018
141920,103.165.148.0,255.255.255.0,54004
141921,103.165.155.0,255.255.255.0,54004
142049,103.165.180.0,255.255.255.0,54004
141070,103.165.249.0,255.255.255.0,54004
141960,103.165.253.0,255.255.255.0,54004
141928,103.166.0.0,255.255.255.0,54004
141978,103.166.8.0,255.255.254.0,54004
152377,103.166.10.0,255.255.255.0,54004
141940,103.166.30.0,255.255.255.0,7018
141935,103.166.44.0,255.255.254.0,54004
141933,103.166.64.0,255.255.255.0,54004
141941,103.166.90.0,255.255.255.0,54004
141943,103.166.106.0,255.255.255.0,54004
142064,103.166.114.0,255.255.255.0,7018
141947,103.166.124.0,255.255.254.0,54004
142116,103.166.132.0,255.255.254.0,54004
142125,103.166.148.0,255.255.255.0,54004
141955,103.166.158.0,255.255.254.0,54004
141957,103.166.212.0,255.255.255.0,54004
211041,103.166.229.0,255.255.255.0,54004
141966,103.166.254.0,255.255.255.0,54004
142160,103.167.26.0,255.255.254.0,54004
131986,103.167.44.0,255.255.254.0,7018
142271,103.167.66.0,255.255.255.0,54004
142285,103.167.116.0,255.255.255.0,54004
141878,103.167.128.0,255.255.255.0,7018
150554,103.167.156.0,255.255.255.0,54004
138929,103.167.160.0,255.255.254.0,54004
141985,103.167.168.0,255.255.255.0,54004
141831,103.167.184.0,255.255.255.0,7018
142296,103.167.188.0,255.255.254.0,54004
142412,103.168.6.0,255.255.254.0,7018
142310,103.168.46.0,255.255.255.0,54004
56311,103.168.70.0,255.255.254.0,54004
141842,103.168.75.0,255.255.255.0,54004
141840,103.168.85.0,255.255.255.0,7018
142350,103.168.148.0,255.255.255.0,54004
142315,103.168.149.0,255.255.255.0,54004
142317,103.168.158.0,255.255.254.0,54004
142346,103.169.8.0,255.255.255.0,54004
142335,103.169.10.0,255.255.254.0,54004
142331,103.169.38.0,255.255.255.0,54004
142332,103.169.40.0,255.255.254.0,54004
142345,103.169.42.0,255.255.255.0,7018
142391,103.169.44.0,255.255.255.0,54004
38853,103.169.46.0,255.255.254.0,7018
142555,103.169.68.0,255.255.254.0,54004
152547,103.170.21.0,255.255.255.0,54004
149332,103.170.89.0,255.255.255.0,54004
142368,103.170.96.0,255.255.254.0,54004
142364,103.170.100.0,255.255.254.0,54004
132849,103.170.102.0,255.255.254.0,54004
131988,103.170.124.0,255.255.254.0,7018
142596,103.170.142.0,255.255.255.0,54004
142485,103.170.176.0,255.255.254.0,54004
141987,103.170.206.0,255.255.254.0,7018
147228,103.170.222.0,255.255.255.0,7018
147226,103.170.228.0,255.255.254.0,54004
142615,103.170.231.0,255.255.255.0,54004
142616,103.170.232.0,255.255.254.0,54004
142628,103.171.42.0,255.255.255.0,54004
138251,103.171.54.0,255.255.255.0,54004
142373,103.171.82.0,255.255.254.0,54004
142631,103.171.104.0,255.255.254.0,54004
142451,103.171.124.0,255.255.255.0,54004
142374,103.171.184.0,255.255.255.0,54004
139543,103.171.188.0,255.255.255.0,54004
146924,103.171.202.0,255.255.255.0,7018
38771,103.171.234.0,255.255.254.0,54004
142390,103.171.240.0,255.255.255.0,54004
142383,103.172.20.0,255.255.255.0,54004
142387,103.172.24.0,255.255.255.0,7018
5068,103.172.80.0,255.255.255.0,54004
146944,103.172.88.0,255.255.255.0,7018
133434,103.172.108.0,255.255.255.0,54004
142398,103.172.120.0,255.255.254.0,54004
142389,103.172.144.0,255.255.255.0,54004
142400,103.172.186.0,255.255.255.0,54004
142401,103.172.240.0,255.255.255.0,54004
147072,103.172.244.0,255.255.254.0,54004
146890,103.173.20.0,255.255.254.0,54004
146887,103.173.40.0,255.255.255.0,7018
147029,103.173.60.0,255.255.254.0,54004
147039,103.173.79.0,255.255.255.0,54004
140321,103.173.84.0,255.255.254.0,7018
131242,103.173.90.0,255.255.255.0,54004
146863,103.173.92.0,255.255.254.0,54004
146870,103.173.132.0,255.255.255.0,7018
58485,103.173.140.0,255.255.255.0,54004
147090,103.173.142.0,255.255.254.0,7018
147081,103.173.164.0,255.255.255.0,54004
147056,103.173.187.0,255.255.255.0,54004
141210,103.173.188.0,255.255.255.0,54004
147089,103.173.232.0,255.255.254.0,54004
147061,103.173.235.0,255.255.255.0,7018
147170,103.174.13.0,255.255.255.0,7018
147182,103.174.48.0,255.255.254.0,54004
7676,103.174.60.0,255.255.254.0,7018
147100,103.174.116.0,255.255.255.0,54004
147097,103.174.120.0,255.255.254.0,54004
147195,103.174.144.0,255.255.254.0,7018
147101,103.174.174.0,255.255.254.0,54004
147106,103.174.236.0,255.255.254.0,54004
146972,103.175.36.0,255.255.255.0,7018
149704,103.175.80.0,255.255.255.0,54004
148979,103.175.92.0,255.255.254.0,54004
146974,103.175.110.0,255.255.254.0,7018
38562,103.175.127.0,255.255.255.0,54004
147120,103.175.156.0,255.255.254.0,54004
45353,103.175.192.0,255.255.254.0,54004
147246,103.176.64.0,255.255.254.0,7018
149364,103.176.77.0,255.255.255.0,7018
147131,103.176.96.0,255.255.254.0,54004
149019,103.176.174.0,255.255.255.0,54004
147135,103.176.177.0,255.255.255.0,54004
147133,103.176.180.0,255.255.255.0,54004
147132,103.176.182.0,255.255.255.0,54004
152373,103.176.201.0,255.255.255.0,54004
149026,103.176.218.0,255.255.254.0,54004
147154,103.176.227.0,255.255.255.0,54004
147254,103.177.4.0,255.255.255.0,54004
147137,103.177.8.0,255.255.255.0,54004
149035,103.177.54.0,255.255.255.0,54004
147145,103.177.92.0,255.255.255.0,54004
147155,103.177.144.0,255.255.254.0,54004
139873,103.177.160.0,255.255.255.0,7018
147264,103.177.172.0,255.255.255.0,7018
149353,103.177.188.0,255.255.255.0,54004
136956,103.177.190.0,255.255.254.0,54004
147163,103.177.214.0,255.255.255.0,54004
147165,103.178.12.0,255.255.254.0,54004
149319,103.178.20.0,255.255.254.0,54004
149318,103.178.84.0,255.255.255.0,7018
149320,103.178.86.0,255.255.254.0,54004
149340,103.178.146.0,255.255.254.0,7018
24530,103.178.196.0,255.255.254.0,54004
149419,103.178.216.0,255.255.255.0,54004
149202,103.178.249.0,255.255.255.0,54004
149333,103.179.26.0,255.255.254.0,54004
151332,103.179.36.0,255.255.255.0,54004
149337,103.179.68.0,255.255.255.0,54004
149251,103.179.106.0,255.255.254.0,54004
149345,103.179.180.0,255.255.255.0,54004
149446,103.179.204.0,255.255.254.0,54004
149374,103.180.126.0,255.255.255.0,54004
146979,103.180.130.0,255.255.255.0,7018
149365,103.180.166.0,255.255.255.0,54004
149369,103.180.196.0,255.255.255.0,54004
149368,103.180.198.0,255.255.254.0,54004
149224,103.180.210.0,255.255.255.0,54004
149373,103.180.250.0,255.255.254.0,7018
136641,103.181.16.0,255.255.254.0,7018
149392,103.181.78.0,255.255.255.0,54004
134337,103.181.158.0,255.255.254.0,54004
149394,103.182.52.0,255.255.255.0,54004
152828,103.182.53.0,255.255.255.0,54004
149526,103.182.132.0,255.255.254.0,7018
134282,103.182.156.0,255.255.255.0,54004
134312,103.182.216.0,255.255.255.0,54004
149404,103.183.8.0,255.255.254.0,54004
139560,103.183.44.0,255.255.255.0,54004
149405,103.183.56.0,255.255.255.0,7018
149409,103.183.58.0,255.255.255.0,54004
135248,103.183.80.0,255.255.255.0,7018
149670,103.183.100.0,255.255.255.0,54004
136964,103.183.142.0,255.255.255.0,54004
149315,103.184.16.0,255.255.255.0,54004
149675,103.184.18.0,255.255.254.0,54004
149647,103.184.32.0,255.255.254.0,54004
149672,103.184.50.0,255.255.255.0,54004
152352,103.184.57.0,255.255.255.0,7018
151636,103.184.92.0,255.255.255.0,54004
149649,103.184.94.0,255.255.254.0,54004
7387,103.184.102.0,255.255.255.0,7018
149661,103.184.167.0,255.255.255.0,54004
149655,103.184.176.0,255.255.255.0,7018
149662,103.184.178.0,255.255.255.0,54004
149546,103.184.252.0,255.255.255.0,54004
138128,103.185.36.0,255.255.254.0,54004
149671,103.185.46.0,255.255.254.0,54004
149660,103.185.222.0,255.255.254.0,54004
134283,103.186.18.0,255.255.255.0,7018
149690,103.186.32.0,255.255.255.0,54004
149687,103.186.34.0,255.255.255.0,54004
149740,103.186.94.0,255.255.254.0,54004
18423,103.186.142.0,255.255.254.0,54004
139846,103.186.144.0,255.255.255.0,54004
149570,103.186.188.0,255.255.255.0,7018
149713,103.186.193.0,255.255.255.0,54004
149712,103.186.194.0,255.255.254.0,54004
149716,103.186.210.0,255.255.255.0,54004
149714,103.186.212.0,255.255.254.0,54004
135206,103.186.250.0,255.255.255.0,7018
149576,103.187.16.0,255.255.255.0,7018
149825,103.187.28.0,255.255.254.0,54004
142017,103.187.104.0,255.255.255.0,7018
149720,103.187.112.0,255.255.255.0,54004
63795,103.187.126.0,255.255.255.0,54004
137065,103.187.138.0,255.255.255.0,54004
149744,103.187.162.0,255.255.254.0,54004
149897,103.187.164.0,255.255.254.0,54004
133981,103.187.178.0,255.255.254.0,7018
134017,103.187.212.0,255.255.254.0,7018
149729,103.187.223.0,255.255.255.0,7018
149728,103.187.226.0,255.255.254.0,54004
149848,103.188.86.0,255.255.254.0,54004
149735,103.188.122.0,255.255.254.0,54004
149851,103.188.134.0,255.255.255.0,7018
149736,103.188.172.0,255.255.255.0,54004
149734,103.188.176.0,255.255.255.0,54004
149908,103.188.249.0,255.255.255.0,7018
149880,103.189.0.0,255.255.255.0,7018
149758,103.189.58.0,255.255.255.0,54004
149749,103.189.110.0,255.255.254.0,54004
149752,103.189.138.0,255.255.255.0,54004
149754,103.189.165.0,255.255.255.0,54004
131156,103.189.185.0,255.255.255.0,7018
146981,103.189.188.0,255.255.254.0,7018
208171,103.189.191.0,255.255.255.0,7018
149912,103.189.197.0,255.255.255.0,54004
149589,103.190.52.0,255.255.255.0,54004
149591,103.190.91.0,255.255.255.0,54004
150551,103.190.94.0,255.255.255.0,54004
149907,103.190.112.0,255.255.254.0,54004
150004,103.190.128.0,255.255.255.0,7018
150001,103.190.132.0,255.255.254.0,54004
149909,103.191.58.0,255.255.254.0,54004
149914,103.191.70.0,255.255.254.0,54004
149917,103.191.116.0,255.255.255.0,54004
149922,103.191.141.0,255.255.255.0,54004
149934,103.191.196.0,255.255.254.0,54004
149943,103.191.254.0,255.255.255.0,54004
133615,103.192.82.0,255.255.255.0,7018
64015,103.192.240.0,255.255.252.0,7018
150986,103.193.146.0,255.255.255.0,54004
17976,103.193.204.0,255.255.255.0,54004
149971,103.194.46.0,255.255.255.0,54004
134257,103.194.70.0,255.255.255.0,54004
63885,103.194.172.0,255.255.255.0,54004
58439,103.194.176.0,255.255.252.0,7018
133122,103.195.12.0,255.255.255.0,7018
134280,103.195.16.0,255.255.255.0,54004
134981,103.195.136.0,255.255.252.0,7018
138283,103.195.252.0,255.255.255.0,54004
150921,103.196.15.0,255.255.255.0,54004
150931,103.196.85.0,255.255.255.0,7018
134707,103.196.136.0,255.255.252.0,54004
150951,103.196.156.0,255.255.255.0,54004
134623,103.197.92.0,255.255.255.0,7018
24016,103.197.167.0,255.255.255.0,54004
23771,103.197.228.0,255.255.252.0,54004
64044,103.197.236.0,255.255.252.0,54004
141397,103.198.24.0,255.255.255.0,54004
38541,103.198.54.0,255.255.255.0,54004
133771,103.198.56.0,255.255.252.0,54004
131896,103.198.108.0,255.255.255.0,7018
46055,103.198.120.0,255.255.254.0,54004
64055,103.198.176.0,255.255.255.0,7018
134626,103.199.2.0,255.255.254.0,54004
140051,103.199.82.0,255.255.254.0,7018
150924,103.199.117.0,255.255.255.0,54004
134633,103.200.128.0,255.255.255.0,54004
134295,103.201.124.0,255.255.252.0,7018
136180,103.203.56.0,255.255.255.0,54004
197961,103.203.84.0,255.255.255.0,7018
64074,103.203.176.0,255.255.255.0,54004
63561,103.203.216.0,255.255.252.0,54004
133187,103.203.238.0,255.255.254.0,7018
134940,103.203.252.0,255.255.252.0,7018
151585,103.204.46.0,255.255.254.0,54004
151172,103.204.50.0,255.255.255.0,7018
134980,103.204.117.0,255.255.255.0,54004
151341,103.204.178.0,255.255.255.0,54004
207778,103.204.192.0,255.255.255.0,54004
215605,103.204.195.0,255.255.255.0,54004
135015,103.205.30.0,255.255.255.0,54004
134861,103.205.112.0,255.255.255.0,54004
134850,103.205.128.0,255.255.255.0,54004
150640,103.206.29.0,255.255.255.0,7018
134931,103.206.164.0,255.255.252.0,7018
7477,103.206.236.0,255.255.252.0,54004
134863,103.207.4.0,255.255.252.0,7018
134643,103.207.96.0,255.255.255.0,54004
132781,103.207.100.0,255.255.255.0,54004
135066,103.208.3.0,255.255.255.0,54004
135065,103.208.36.0,255.255.255.0,54004
151354,103.208.67.0,255.255.255.0,54004
135081,103.208.192.0,255.255.252.0,54004
137271,103.209.4.0,255.255.254.0,54004
134659,103.209.7.0,255.255.255.0,7018
150927,103.209.10.0,255.255.255.0,54004
9558,103.209.182.0,255.255.255.0,7018
134673,103.209.224.0,255.255.252.0,54004
45665,103.209.244.0,255.255.252.0,7018
17440,103.209.248.0,255.255.252.0,54004
150995,103.210.2.0,255.255.255.0,54004
152131,103.210.114.0,255.255.255.0,7018
64024,103.210.116.0,255.255.255.0,54004
140177,103.210.126.0,255.255.255.0,7018
134903,103.210.140.0,255.255.255.0,54004
134918,103.210.204.0,255.255.255.0,7018
150193,103.211.26.0,255.255.254.0,7018
134428,103.211.70.0,255.255.255.0,54004
18282,103.211.72.0,255.255.252.0,7018
203554,103.211.118.0,255.255.254.0,7018
134916,103.211.152.0,255.255.252.0,7018
45852,103.211.240.0,255.255.252.0,54004
17456,103.212.24.0,255.255.252.0,7018
5666,103.212.40.0,255.255.255.0,54004
131954,103.212.76.0,255.255.252.0,7018
150938,103.212.177.0,255.255.255.0,54004
135290,103.212.180.0,255.255.252.0,54004
7720,103.213.4.0,255.255.254.0,54004
18254,103.213.244.0,255.255.254.0,54004
135321,103.214.30.0,255.255.255.0,7018
64027,103.214.100.0,255.255.255.0,54004
135328,103.214.104.0,255.255.255.0,7018
64029,103.214.184.0,255.255.255.0,54004
55822,103.214.196.0,255.255.255.0,54004
135439,103.214.239.0,255.255.255.0,54004
151009,103.214.251.0,255.255.255.0,54004
18070,103.215.84.0,255.255.252.0,7018
203835,103.215.98.0,255.255.254.0,7018
135323,103.215.128.0,255.255.255.0,54004
151587,103.216.104.0,255.255.255.0,54004
151513,103.217.146.0,255.255.254.0,54004
24529,103.217.216.0,255.255.255.0,54004
18101,103.218.247.0,255.255.255.0,7018
54054,103.219.56.0,255.255.252.0,7018
135027,103.219.62.0,255.255.255.0,54004
135465,103.219.73.0,255.255.255.0,54004
135442,103.219.197.0,255.255.255.0,7018
151405,103.221.64.0,255.255.254.0,54004
135235,103.221.80.0,255.255.255.0,7018
131605,103.222.248.0,255.255.252.0,7018
132961,103.224.36.0,255.255.255.0,7018
150197,103.224.124.0,255.255.254.0,54004
45696,103.224.180.0,255.255.255.0,7018
135338,103.225.28.0,255.255.255.0,54004
136518,103.225.67.0,255.255.255.0,54004
150203,103.225.71.0,255.255.255.0,54004
59160,103.225.98.0,255.255.255.0,7018
58530,103.225.156.0,255.255.255.0,7018
133370,103.225.210.0,255.255.255.0,7018
133372,103.225.213.0,255.255.255.0,54004
133383,103.226.22.0,255.255.255.0,54004
151213,103.226.219.0,255.255.255.0,54004
59276,103.226.232.0,255.255.254.0,54004
56307,103.227.20.0,255.255.254.0,7018
59280,103.228.24.0,255.255.255.0,54004
59282,103.228.244.0,255.255.252.0,54004
24337,103.228.252.0,255.255.255.0,54004
27281,103.229.11.0,255.255.255.0,7018
150196,103.229.14.0,255.255.255.0,54004
150962,103.229.131.0,255.255.255.0,7018
133453,103.229.176.0,255.255.252.0,7018
151470,103.229.234.0,255.255.254.0,54004
133456,103.230.50.0,255.255.254.0,54004
9795,103.230.80.0,255.255.255.0,54004
150961,103.230.81.0,255.255.255.0,54004
45925,103.230.104.0,255.255.252.0,7018
151482,103.230.130.0,255.255.255.0,54004
47152,103.230.140.0,255.255.255.0,54004
133233,103.230.166.0,255.255.255.0,7018
59093,103.230.168.0,255.255.252.0,7018
58815,103.231.121.0,255.255.255.0,7018
7479,103.231.140.0,255.255.255.0,54004
59365,103.231.228.0,255.255.255.0,54004
151508,103.232.20.0,255.255.254.0,54004
4007,103.232.152.0,255.255.252.0,54004
55329,103.232.192.0,255.255.252.0,54004
210110,103.232.212.0,255.255.255.0,54004
133201,103.233.8.0,255.255.252.0,54004
59370,103.233.56.0,255.255.252.0,7018
134359,103.233.132.0,255.255.252.0,54004
9263,103.233.164.0,255.255.252.0,7018
9913,103.233.208.0,255.255.255.0,7018
63850,103.234.14.0,255.255.254.0,54004
151506,103.234.18.0,255.255.254.0,54004
151507,103.234.28.0,255.255.254.0,54004
45938,103.234.104.0,255.255.255.0,7018
151522,103.234.124.0,255.255.255.0,54004
133317,103.234.136.0,255.255.252.0,54004
59097,103.234.176.0,255.255.254.0,7018
38767,103.234.208.0,255.255.252.0,54004
38768,103.234.216.0,255.255.255.0,54004
55309,103.235.208.0,255.255.252.0,54004
151518,103.236.140.0,255.255.255.0,7018
151125,103.238.64.0,255.255.255.0,7018
132196,103.238.124.0,255.255.255.0,54004
17931,103.238.236.0,255.255.252.0,7018
151519,103.239.20.0,255.255.254.0,7018
151531,103.239.41.0,255.255.255.0,54004
63805,103.239.90.0,255.255.254.0,7018
37922,103.239.108.0,255.255.252.0,7018
150407,103.240.200.0,255.255.255.0,54004
134433,103.241.84.0,255.255.255.0,54004
150564,103.241.149.0,255.255.255.0,7018
18121,103.241.208.0,255.255.254.0,7018
9934,103.242.44.0,255.255.252.0,7018
151548,103.242.80.0,255.255.254.0,7018
132957,103.242.184.0,255.255.252.0,7018
23756,103.242.204.0,255.255.252.0,54004
24545,103.243.8.0,255.255.254.0,54004
38500,103.244.36.0,255.255.255.0,54004
203843,103.244.163.0,255.255.255.0,54004
132533,103.244.200.0,255.255.252.0,54004
131759,103.244.204.0,255.255.255.0,54004
151547,103.245.36.0,255.255.255.0,7018
58800,103.245.108.0,255.255.255.0,54004
46056,103.245.122.0,255.255.255.0,54004
151544,103.245.159.0,255.255.255.0,54004
132579,103.245.160.0,255.255.254.0,7018
45926,103.245.212.0,255.255.252.0,7018
24538,103.246.185.0,255.255.255.0,54004
132022,103.246.204.0,255.255.255.0,54004
58487,103.247.8.0,255.255.252.0,54004
131706,103.247.12.0,255.255.255.0,54004
17794,103.247.92.0,255.255.255.0,54004
151538,103.248.8.0,255.255.255.0,54004
132658,103.248.25.0,255.255.255.0,54004
133417,103.248.44.0,255.255.252.0,7018
132608,103.248.204.0,255.255.255.0,54004
137112,103.248.242.0,255.255.255.0,7018
150206,103.249.18.0,255.255.255.0,54004
151650,103.249.198.0,255.255.254.0,54004
151590,103.250.14.0,255.255.255.0,54004
151653,103.250.77.0,255.255.255.0,54004
45845,103.250.135.0,255.255.255.0,54004
38437,103.250.228.0,255.255.252.0,54004
45677,103.251.116.0,255.255.252.0,7018
151087,103.251.169.0,255.255.255.0,7018
58818,103.251.180.0,255.255.252.0,54004
10206,103.251.240.0,255.255.255.0,54004
134885,103.252.52.0,255.255.255.0,7018
134971,103.252.224.0,255.255.255.0,54004
59330,103.252.246.0,255.255.255.0,7018
59139,103.253.0.0,255.255.252.0,54004
18353,103.253.48.0,255.255.255.0,7018
22071,103.253.80.0,255.255.252.0,54004
9251,103.253.106.0,255.255.254.0,54004
59142,103.253.124.0,255.255.255.0,54004
151404,103.253.229.0,255.255.255.0,54004
214451,103.254.62.0,255.255.255.0,7018
46017,103.254.95.0,255.255.255.0,7018
131403,103.254.216.0,255.255.252.0,54004
135383,103.255.64.0,255.255.255.0,7018
152017,103.255.162.0,255.255.255.0,54004
151994,103.255.164.0,255.255.255.0,54004
14789,104.22.5.0,255.255.255.0,54004
53767,104.36.20.0,255.255.252.0,7018
46886,104.36.252.0,255.255.252.0,7018
970,104.37.40.0,255.255.255.0,54004
16628,104.37.44.0,255.255.255.0,54004
63060,104.37.96.0,255.255.248.0,7018
22324,104.37.208.0,255.255.252.0,7018
21748,104.37.232.0,255.255.248.0,7018
9329,104.75.84.0,255.255.255.0,7018
4771,104.95.104.0,255.255.252.0,7018
31758,104.128.0.0,255.255.240.0,7018
5050,104.128.208.0,255.255.240.0,7018
271,104.128.240.0,255.255.240.0,7018
33247,104.129.176.0,255.255.252.0,7018
40850,104.140.64.0,255.255.252.0,54004
13739,104.143.68.0,255.255.252.0,7018
27330,104.143.85.0,255.255.255.0,54004
14987,104.152.52.0,255.255.252.0,54004
40731,104.152.200.0,255.255.255.0,7018
16851,104.152.240.0,255.255.252.0,54004
23188,104.153.16.0,255.255.252.0,54004
17210,104.153.228.0,255.255.252.0,7018
14382,104.153.240.0,255.255.252.0,54004
398826,104.160.18.0,255.255.255.0,54004
396125,104.160.232.0,255.255.252.0,54004
56610,104.164.76.0,255.255.255.0,54004
40838,104.166.100.0,255.255.252.0,7018
62600,104.166.108.0,255.255.255.0,7018
216067,104.167.26.0,255.255.254.0,7018
54874,104.167.213.0,255.255.255.0,54004
32951,104.192.248.0,255.255.255.0,7018
396317,104.193.40.0,255.255.252.0,7018
55264,104.193.112.0,255.255.254.0,54004
393731,104.204.224.0,255.255.254.0,7018
1426,104.204.252.0,255.255.254.0,7018
14329,104.207.96.0,255.255.240.0,7018
54133,104.218.60.0,255.255.255.0,7018
46353,104.219.45.0,255.255.255.0,54004
26327,104.219.80.0,255.255.248.0,7018
63457,104.219.184.0,255.255.255.0,7018
9150,104.222.191.0,255.255.255.0,7018
46781,104.224.10.0,255.255.254.0,7018
401707,104.232.11.0,255.255.255.0,7018
14735,104.232.48.0,255.255.240.0,7018
56443,104.233.10.0,255.255.255.0,54004
210619,104.233.63.0,255.255.255.0,7018
401081,104.234.87.0,255.255.255.0,7018
263522,104.234.235.0,255.255.255.0,54004
393905,104.234.251.0,255.255.255.0,7018
63125,104.238.237.0,255.255.255.0,54004
36601,104.243.209.0,255.255.255.0,7018
16616,104.243.224.0,255.255.240.0,7018
26512,104.244.16.0,255.255.255.0,7018
63210,104.244.96.0,255.255.252.0,7018
16803,104.244.112.0,255.255.248.0,54004
33084,104.245.168.0,255.255.252.0,7018
395561,104.245.205.0,255.255.255.0,7018
6205,104.247.171.0,255.255.255.0,7018
23024,104.249.64.0,255.255.255.0,7018
53839,104.249.144.0,255.255.255.0,7018
32145,104.249.184.0,255.255.252.0,7018
152900,104.250.122.0,255.255.255.0,54004
397449,104.251.172.0,255.255.254.0,7018
26768,104.251.233.0,255.255.255.0,54004
63113,104.254.80.0,255.255.255.0,7018
15190,104.255.140.0,255.255.254.0,54004
36873,105.112.0.0,255.255.255.0,7018
53038,107.150.167.0,255.255.255.0,7018
55002,107.162.0.0,255.255.0.0,7018
21837,107.167.96.0,255.255.252.0,7018
63014,107.171.0.0,255.255.128.0,7018
13844,107.181.30.0,255.255.255.0,7018
201864,107.181.146.0,255.255.255.0,7018
40328,108.59.96.0,255.255.240.0,54004
11287,108.160.81.0,255.255.255.0,7018
20058,108.161.0.0,255.255.240.0,7018
263934,108.165.140.0,255.255.255.0,54004
210457,108.165.164.0,255.255.255.0,54004
21719,108.174.64.0,255.255.255.0,7018
32431,108.179.1.0,255.255.255.0,7018
27371,108.179.24.0,255.255.255.0,7018
25372,109.68.40.0,255.255.248.0,54004
8878,109.68.96.0,255.255.248.0,7018
202246,109.68.128.0,255.255.248.0,7018
197899,109.68.146.0,255.255.255.0,7018
215583,109.68.148.0,255.255.255.0,7018
50031,109.69.112.0,255.255.248.0,7018
198554,109.70.58.0,255.255.255.0,7018
29067,109.70.108.0,255.255.255.0,54004
25358,109.70.168.0,255.255.248.0,7018
213053,109.70.238.0,255.255.255.0,7018
50128,109.71.64.0,255.255.248.0,7018
39602,109.71.76.0,255.255.255.0,7018
31572,109.71.216.0,255.255.248.0,54004
49823,109.72.208.0,255.255.240.0,7018
49863,109.72.240.0,255.255.240.0,54004
49674,109.73.128.0,255.255.252.0,7018
196843,109.73.208.0,255.255.240.0,7018
51336,109.73.240.0,255.255.254.0,7018
204179,109.74.24.0,255.255.254.0,7018
206874,109.74.82.0,255.255.254.0,7018
8478,109.74.176.0,255.255.240.0,7018
47139,109.75.48.0,255.255.240.0,54004
39886,109.94.32.0,255.255.224.0,7018
213306,109.94.102.0,255.255.254.0,7018
56460,109.94.128.0,255.255.252.0,54004
50086,109.94.240.0,255.255.240.0,7018
50241,109.95.80.0,255.255.248.0,54004
212176,109.95.141.0,255.255.255.0,7018
48896,109.95.152.0,255.255.248.0,7018
196891,109.95.176.0,255.255.248.0,7018
50471,109.95.216.0,255.255.248.0,54004
2603,109.105.96.0,255.255.240.0,7018
51497,109.105.152.0,255.255.252.0,7018
15958,109.106.224.0,255.255.240.0,7018
50977,109.107.104.0,255.255.255.0,7018
210483,109.107.130.0,255.255.255.0,7018
213369,109.107.162.0,255.255.254.0,7018
50050,109.109.0.0,255.255.248.0,7018
271799,109.110.190.0,255.255.255.0,7018
209156,109.121.135.0,255.255.255.0,7018
47872,109.121.152.0,255.255.255.0,7018
203345,109.122.8.0,255.255.255.0,7018
58056,109.123.0.0,255.255.192.0,7018
203567,109.125.252.0,255.255.255.0,7018
204210,109.160.11.0,255.255.255.0,7018
44313,109.160.100.0,255.255.252.0,7018
60913,109.167.252.0,255.255.255.0,7018
25108,109.169.63.0,255.255.255.0,7018
50999,109.171.128.0,255.255.128.0,7018
216096,109.175.210.0,255.255.255.0,54004
215628,109.175.234.0,255.255.255.0,7018
210246,109.196.32.0,255.255.248.0,7018
196883,109.196.112.0,255.255.240.0,7018
50672,109.197.24.0,255.255.248.0,54004
61134,109.197.35.0,255.255.255.0,7018
50604,109.197.80.0,255.255.248.0,7018
50661,109.197.96.0,255.255.248.0,7018
50620,109.197.104.0,255.255.248.0,7018
50705,109.197.168.0,255.255.248.0,7018
198277,109.197.184.0,255.255.248.0,7018
25526,109.197.216.0,255.255.248.0,54004
50698,109.202.64.0,255.255.224.0,7018
198213,109.202.120.0,255.255.255.0,7018
25096,109.202.160.0,255.255.224.0,7018
215114,109.205.8.0,255.255.255.0,54004
206460,109.205.16.0,255.255.248.0,7018
20545,109.205.40.0,255.255.252.0,7018
202844,109.205.136.0,255.255.252.0,7018
202499,109.205.194.0,255.255.255.0,7018
50610,109.205.232.0,255.255.248.0,7018
199665,109.205.241.0,255.255.255.0,7018
41966,109.206.192.0,255.255.224.0,7018
200680,109.207.68.0,255.255.254.0,7018
50550,109.207.96.0,255.255.255.0,7018
201925,109.207.104.0,255.255.255.0,7018
196740,109.207.112.0,255.255.240.0,54004
214707,109.224.208.0,255.255.248.0,7018
44882,109.230.128.0,255.255.224.0,54004
61296,109.231.128.0,255.255.192.0,7018
50299,109.232.104.0,255.255.252.0,54004
196865,109.232.136.0,255.255.248.0,7018
201225,109.232.160.0,255.255.255.0,7018
50287,109.232.182.0,255.255.255.0,7018
50234,109.232.192.0,255.255.248.0,7018
51464,109.232.248.0,255.255.248.0,54004
50270,109.233.0.0,255.255.248.0,7018
56474,109.233.8.0,255.255.252.0,7018
48847,109.233.16.0,255.255.248.0,7018
212694,109.233.40.0,255.255.248.0,54004
196874,109.233.80.0,255.255.248.0,7018
58082,109.233.129.0,255.255.255.0,7018
50332,109.233.136.0,255.255.248.0,7018
196897,109.234.144.0,255.255.254.0,7018
50377,109.234.244.0,255.255.255.0,7018
41528,109.235.174.0,255.255.254.0,7018
51057,109.235.232.0,255.255.248.0,7018
211391,109.236.168.0,255.255.248.0,7018
8774,109.237.0.0,255.255.252.0,7018
199811,109.237.60.0,255.255.252.0,7018
198691,109.245.31.0,255.255.255.0,7018
41500,109.248.63.0,255.255.255.0,7018
209343,109.248.130.0,255.255.255.0,7018
200634,109.248.216.0,255.255.255.0,7018
200722,109.248.218.0,255.255.255.0,54004
49490,109.248.232.0,255.255.254.0,7018
204917,109.248.245.0,255.255.255.0,7018
17993,110.5.112.0,255.255.252.0,7018
55714,110.34.33.0,255.255.255.0,54004
45546,110.35.72.0,255.255.248.0,54004
9999,110.44.20.0,255.255.252.0,7018
24206,110.44.168.0,255.255.255.0,54004
7682,110.50.88.0,255.255.248.0,7018
9293,110.79.0.0,255.255.0.0,54004
55808,110.164.135.0,255.255.255.0,54004
7664,110.172.48.0,255.255.252.0,7018
56035,110.173.228.0,255.255.255.0,54004
17667,110.238.0.0,255.255.254.0,7018
23841,111.31.196.0,255.255.255.0,54004
38710,111.88.233.0,255.255.255.0,54004
55655,111.92.161.0,255.255.255.0,54004
23671,111.92.164.0,255.255.255.0,54004
7632,111.95.244.0,255.255.254.0,54004
138423,111.119.175.0,255.255.255.0,54004
45713,111.221.40.0,255.255.255.0,54004
208913,111.235.150.0,255.255.255.0,54004
24521,112.109.16.0,255.255.248.0,7018
23749,112.213.64.0,255.255.255.0,54004
17885,112.215.7.0,255.255.255.0,7018
7565,113.11.0.0,255.255.128.0,54004
9241,113.20.64.0,255.255.224.0,7018
45716,113.20.136.0,255.255.255.0,54004
9584,113.21.184.0,255.255.255.0,54004
45496,113.29.252.0,255.255.252.0,54004
138627,113.30.129.0,255.255.255.0,54004
45296,113.59.232.0,255.255.255.0,7018
152060,113.192.0.0,255.255.255.0,54004
152186,113.192.62.0,255.255.255.0,7018
18026,113.198.160.0,255.255.248.0,54004
23818,113.212.104.0,255.255.255.0,7018
24413,114.28.229.0,255.255.255.0,7018
10126,114.30.32.0,255.255.240.0,7018
18034,114.70.170.0,255.255.254.0,7018
24572,114.110.48.0,255.255.240.0,7018
146762,114.111.180.0,255.255.255.0,54004
17806,114.130.0.0,255.255.128.0,54004
58778,114.130.46.0,255.255.255.0,54004
45588,114.130.128.0,255.255.255.0,7018
38770,114.134.64.0,255.255.248.0,7018
17895,114.198.128.0,255.255.224.0,54004
24525,114.199.96.0,255.255.255.0,54004
37897,115.31.192.0,255.255.240.0,7018
10089,115.67.0.0,255.255.255.0,54004
133543,115.67.8.0,255.255.248.0,54004
146984,115.69.236.0,255.255.255.0,7018
7521,115.69.237.0,255.255.255.0,7018
38644,115.69.238.0,255.255.255.0,7018
131079,115.69.239.0,255.255.255.0,7018
56123,115.124.8.0,255.255.248.0,7018
7687,115.126.144.0,255.255.240.0,7018
24342,115.127.0.0,255.255.128.0,54004
10195,115.144.35.0,255.255.255.0,7018
9686,115.145.0.0,255.255.128.0,7018
17886,115.146.112.0,255.255.255.0,54004
24277,115.166.160.0,255.255.224.0,7018
38783,115.178.48.0,255.255.255.0,54004
137346,115.178.123.0,255.255.255.0,54004
9794,115.178.128.0,255.255.255.0,54004
10004,115.179.57.0,255.255.255.0,7018
141023,115.186.47.0,255.255.255.0,54004
136198,116.19.103.0,255.255.255.0,54004
17563,116.58.8.0,255.255.255.0,54004
38154,116.58.193.0,255.255.255.0,54004
151645,116.66.240.0,255.255.255.0,54004
23923,116.68.192.0,255.255.240.0,54004
63515,116.193.188.0,255.255.255.0,54004
9627,116.193.192.0,255.255.255.0,7018
24023,116.197.180.0,255.255.255.0,54004
152093,116.199.200.0,255.255.254.0,54004
17889,116.212.64.0,255.255.248.0,54004
38712,116.212.104.0,255.255.248.0,54004
9785,116.213.58.0,255.255.254.0,54004
7468,116.214.110.0,255.255.254.0,54004
24033,116.250.0.0,255.255.0.0,54004
24233,116.255.42.0,255.255.255.0,54004
152769,117.18.16.0,255.255.252.0,54004
215915,117.18.102.0,255.255.255.0,7018
38808,117.18.240.0,255.255.240.0,7018
9340,117.54.0.0,255.255.0.0,54004
38523,117.74.112.0,255.255.255.0,7018
56234,117.103.68.0,255.255.255.0,54004
10118,117.103.144.0,255.255.240.0,54004
38506,117.103.168.0,255.255.248.0,54004
10229,117.104.191.0,255.255.255.0,54004
23666,117.104.192.0,255.255.255.0,54004
23962,117.122.116.0,255.255.252.0,54004
23899,117.122.120.0,255.255.252.0,54004
24066,117.122.124.0,255.255.252.0,54004
138407,117.135.194.0,255.255.255.0,54004
58791,118.27.224.0,255.255.240.0,7018
7712,118.67.200.0,255.255.252.0,54004
38146,118.82.5.0,255.255.255.0,54004
24195,118.91.128.0,255.255.252.0,54004
63502,118.91.141.0,255.255.255.0,54004
38525,118.91.224.0,255.255.248.0,54004
17990,118.103.246.0,255.255.255.0,54004
140881,118.143.172.0,255.255.255.0,54004
46031,118.151.212.0,255.255.255.0,54004
23816,118.151.224.0,255.255.224.0,7018
23956,118.179.32.0,255.255.224.0,54004
59045,118.191.128.0,255.255.255.0,54004
24278,118.238.128.0,255.255.192.0,7018
10217,119.11.128.0,255.255.128.0,7018
23854,119.15.64.0,255.255.255.0,7018
45306,119.15.135.0,255.255.255.0,7018
23892,119.63.67.0,255.255.255.0,54004
18218,119.63.96.0,255.255.240.0,54004
9615,119.63.112.0,255.255.240.0,7018
10029,119.82.64.0,255.255.248.0,7018
24213,119.82.224.0,255.255.252.0,54004
45147,119.110.112.0,255.255.255.0,54004
9749,119.224.144.0,255.255.240.0,7018
45146,119.235.248.0,255.255.255.0,7018
38764,120.29.224.0,255.255.255.0,54004
138654,120.88.96.0,255.255.255.0,54004
24207,120.89.92.0,255.255.255.0,54004
1659,120.96.0.0,255.224.0.0,54004
17716,120.96.0.0,255.255.224.0,54004
9916,120.126.32.0,255.255.224.0,54004
55855,121.52.200.0,255.255.248.0,7018
9957,121.78.0.0,255.255.255.0,7018
55573,121.200.215.0,255.255.255.0,54004
38809,121.200.224.0,255.255.240.0,7018
7656,122.10.204.0,255.255.255.0,54004
38522,122.49.224.0,255.255.255.0,54004
38763,122.129.200.0,255.255.255.0,54004
135566,122.155.26.0,255.255.255.0,7018
9301,122.200.164.0,255.255.255.0,7018
10083,122.200.172.0,255.255.255.0,7018
24324,122.200.176.0,255.255.240.0,54004
141142,122.248.35.0,255.255.255.0,54004
18077,122.250.0.0,255.254.0.0,7018
38286,122.252.176.0,255.255.248.0,54004
56054,123.0.16.0,255.255.240.0,54004
45510,123.51.105.0,255.255.255.0,54004
23871,123.108.69.0,255.255.255.0,54004
9231,123.136.7.0,255.255.255.0,54004
38227,123.176.72.0,255.255.252.0,54004
38450,123.242.128.0,255.255.192.0,7018
153726,123.253.226.0,255.255.255.0,7018
4641,123.255.96.0,255.255.224.0,7018
38256,124.6.224.0,255.255.255.0,54004
139721,124.73.136.0,255.255.248.0,7018
38328,124.109.24.0,255.255.248.0,54004
270824,124.198.128.0,255.255.254.0,54004
17961,124.241.0.0,255.255.192.0,7018
37892,124.247.0.0,255.255.128.0,7018
23575,125.61.0.0,255.255.128.0,54004
38797,125.62.224.0,255.255.255.0,54004
9814,125.98.122.0,255.255.255.0,54004
38888,125.213.224.0,255.255.224.0,54004
9942,125.254.0.0,255.255.224.0,7018
37904,126.209.94.0,255.255.255.0,7018
56417,128.0.2.0,255.255.255.0,7018
199265,128.0.37.0,255.255.255.0,7018
60905,128.0.48.0,255.255.255.0,7018
16,128.3.0.0,255.255.0.0,54004
46,128.6.0.0,255.255.0.0,54004
4,128.9.0.0,255.255.240.0,54004
1341,128.13.48.0,255.255.255.0,7018
27138,128.26.15.0,255.255.255.0,7018
27139,128.26.20.0,255.255.255.0,7018
27137,128.26.25.0,255.255.255.0,7018
10879,128.35.0.0,255.255.128.0,54004
8,128.42.0.0,255.255.0.0,7018
72,128.58.0.0,255.255.0.0,54004
55,128.91.0.0,255.255.0.0,7018
270,128.102.0.0,255.255.0.0,7018
81,128.109.0.0,255.255.0.0,54004
12,128.122.0.0,255.255.0.0,54004
198240,128.127.0.0,255.255.248.0,7018
8582,128.127.152.0,255.255.252.0,7018
160,128.135.0.0,255.255.0.0,7018
378,128.139.0.0,255.255.0.0,7018
198111,128.140.144.0,255.255.248.0,7018
57365,128.140.200.0,255.255.248.0,7018
513,128.141.0.0,255.255.0.0,54004
159,128.146.0.0,255.255.0.0,7018
122,128.147.0.0,255.255.0.0,54004
297,128.156.0.0,255.255.0.0,7018
11039,128.164.0.0,255.255.0.0,7018
16989,128.169.0.0,255.255.0.0,7018
6360,128.171.0.0,255.255.0.0,54004
21534,128.177.14.0,255.255.255.0,54004
19755,128.177.102.0,255.255.255.0,7018
111,128.197.0.0,255.255.0.0,7018
263405,128.201.0.0,255.255.252.0,7018
271046,128.201.12.0,255.255.252.0,54004
266637,128.201.16.0,255.255.254.0,54004
266611,128.201.28.0,255.255.252.0,54004
271258,128.201.32.0,255.255.254.0,54004
266651,128.201.40.0,255.255.252.0,7018
266616,128.201.44.0,255.255.252.0,54004
266636,128.201.56.0,255.255.255.0,54004
266623,128.201.76.0,255.255.252.0,54004
265741,128.201.80.0,255.255.252.0,7018
266620,128.201.84.0,255.255.254.0,54004
265745,128.201.88.0,255.255.252.0,7018
263903,128.201.96.0,255.255.252.0,54004
266625,128.201.104.0,255.255.252.0,54004
265771,128.201.108.0,255.255.252.0,7018
265743,128.201.116.0,255.255.252.0,54004
262532,128.201.120.0,255.255.252.0,54004
266649,128.201.124.0,255.255.255.0,54004
266630,128.201.136.0,255.255.252.0,7018
266631,128.201.140.0,255.255.252.0,54004
266633,128.201.152.0,255.255.252.0,54004
266635,128.201.156.0,255.255.252.0,54004
28198,128.201.176.0,255.255.252.0,54004
266644,128.201.180.0,255.255.254.0,54004
265886,128.201.192.0,255.255.252.0,54004
266650,128.201.216.0,255.255.252.0,54004
28277,128.201.220.0,255.255.252.0,54004
274550,128.201.223.0,255.255.255.0,54004
5723,128.220.0.0,255.255.0.0,54004
3527,128.231.0.0,255.255.0.0,54004
22950,128.233.0.0,255.255.0.0,54004
4246,128.235.0.0,255.255.0.0,54004
77,128.244.0.0,255.255.0.0,7018
302,128.249.0.0,255.255.0.0,7018
400200,128.254.128.0,255.255.252.0,7018
400426,128.254.136.0,255.255.255.0,54004
62807,128.254.168.0,255.255.252.0,7018
3676,128.255.0.0,255.255.0.0,7018
156,129.10.0.0,255.255.0.0,7018
34878,129.13.0.0,255.255.0.0,7018
14041,129.19.0.0,255.255.0.0,54004
12145,129.19.0.0,255.255.192.0,54004
4385,129.21.0.0,255.255.0.0,54004
32666,129.22.0.0,255.255.0.0,7018
3778,129.32.0.0,255.255.0.0,7018
204764,129.35.23.0,255.255.255.0,7018
209394,129.35.70.0,255.255.254.0,7018
16807,129.42.5.0,255.255.255.0,7018
5719,129.49.0.0,255.255.0.0,54004
37918,129.60.0.0,255.255.0.0,7018
3464,129.66.0.0,255.255.0.0,7018
7925,129.71.0.0,255.255.0.0,7018
26577,129.86.0.0,255.255.0.0,54004
11995,129.95.0.0,255.255.254.0,54004
17324,129.98.0.0,255.255.0.0,54004
1103,129.125.0.0,255.255.0.0,7018
20126,129.137.0.0,255.255.0.0,7018
8111,129.173.0.0,255.255.0.0,7018
11279,129.174.0.0,255.255.128.0,7018
7973,129.176.0.0,255.255.0.0,54004
201479,129.185.112.0,255.255.254.0,7018
12816,129.187.0.0,255.255.0.0,7018
37628,129.205.64.0,255.255.240.0,7018
57388,130.0.24.0,255.255.248.0,7018
22284,130.11.0.0,255.255.0.0,54004
50842,130.12.241.0,255.255.255.0,54004
395915,130.12.255.0,255.255.255.0,54004
70,130.14.0.0,255.255.0.0,54004
16614,130.51.156.0,255.255.252.0,54004
63297,130.51.184.0,255.255.252.0,54004
198551,130.93.180.0,255.255.252.0,7018
24437,130.95.0.0,255.255.0.0,54004
600,130.108.0.0,255.255.0.0,7018
200108,130.117.235.0,255.255.255.0,7018
199325,130.117.239.0,255.255.255.0,7018
1842,130.118.152.0,255.255.255.0,54004
1715,130.120.0.0,255.255.0.0,7018
9433,130.123.0.0,255.255.0.0,54004
2153,130.150.12.0,255.255.254.0,54004
567,130.152.185.0,255.255.255.0,54004
21976,130.156.0.0,255.255.0.0,54004
40267,130.156.50.0,255.255.255.0,54004
17001,130.179.0.0,255.255.0.0,7018
57568,130.185.120.0,255.255.252.0,54004
200799,130.193.1.0,255.255.255.0,7018
212665,130.193.28.0,255.255.255.0,7018
8916,130.193.30.0,255.255.255.0,7018
49396,130.193.78.0,255.255.255.0,54004
197518,130.193.104.0,255.255.248.0,7018
23905,130.195.0.0,255.255.224.0,54004
766,130.206.0.0,255.255.0.0,7018
15474,130.208.0.0,255.255.0.0,7018
1835,130.225.0.0,255.255.0.0,7018
2839,130.229.128.0,255.255.192.0,7018
394901,130.250.0.0,255.255.240.0,54004
33691,130.250.48.0,255.255.240.0,54004
394896,130.250.176.0,255.255.252.0,7018
394899,130.250.192.0,255.255.255.0,7018
22634,130.254.64.0,255.255.224.0,54004
198185,130.255.8.0,255.255.248.0,54004
58323,130.255.20.0,255.255.252.0,7018
197927,130.255.174.0,255.255.255.0,7018
61855,131.0.4.0,255.255.252.0,54004
28604,131.0.24.0,255.255.252.0,54004
262621,131.0.44.0,255.255.252.0,7018
61704,131.0.60.0,255.255.252.0,54004
61871,131.0.92.0,255.255.252.0,54004
263649,131.0.96.0,255.255.252.0,54004
61700,131.0.112.0,255.255.252.0,7018
262744,131.0.120.0,255.255.252.0,7018
52232,131.0.128.0,255.255.255.0,54004
14117,131.0.172.0,255.255.252.0,54004
61719,131.0.192.0,255.255.252.0,54004
61729,131.0.204.0,255.255.252.0,7018
28613,131.0.216.0,255.255.255.0,54004
52965,131.0.224.0,255.255.252.0,54004
61470,131.0.232.0,255.255.252.0,54004
262380,131.0.240.0,255.255.252.0,54004
61714,131.0.244.0,255.255.255.0,54004
27046,131.70.4.0,255.255.255.0,7018
28075,131.72.0.0,255.255.255.0,54004
61713,131.72.16.0,255.255.252.0,54004
52455,131.72.24.0,255.255.252.0,54004
61711,131.72.32.0,255.255.252.0,54004
52545,131.72.48.0,255.255.252.0,54004
273474,131.72.52.0,255.255.252.0,54004
53231,131.72.60.0,255.255.254.0,54004
61758,131.72.68.0,255.255.254.0,54004
28038,131.72.72.0,255.255.252.0,7018
264811,131.72.76.0,255.255.252.0,7018
28294,131.72.84.0,255.255.254.0,54004
61646,131.72.100.0,255.255.252.0,54004
61732,131.72.104.0,255.255.252.0,54004
61727,131.72.124.0,255.255.252.0,54004
61744,131.72.128.0,255.255.252.0,54004
28670,131.72.144.0,255.255.252.0,54004
61745,131.72.152.0,255.255.252.0,7018
61731,131.72.160.0,255.255.252.0,54004
269918,131.72.168.0,255.255.252.0,7018
61737,131.72.180.0,255.255.252.0,54004
61750,131.72.184.0,255.255.252.0,54004
262809,131.72.200.0,255.255.252.0,54004
262150,131.72.204.0,255.255.255.0,7018
13591,131.72.212.0,255.255.252.0,7018
262352,131.72.216.0,255.255.252.0,54004
262393,131.72.244.0,255.255.254.0,54004
52751,131.72.248.0,255.255.252.0,54004
61751,131.72.252.0,255.255.252.0,54004
5974,131.77.0.0,255.255.0.0,7018
270896,131.100.4.0,255.255.254.0,54004
61752,131.100.12.0,255.255.252.0,54004
271758,131.100.28.0,255.255.252.0,54004
27800,131.100.36.0,255.255.252.0,7018
61754,131.100.40.0,255.255.252.0,54004
61748,131.100.52.0,255.255.252.0,54004
262323,131.100.56.0,255.255.252.0,54004
53143,131.100.68.0,255.255.252.0,54004
61759,131.100.80.0,255.255.252.0,7018
11664,131.100.108.0,255.255.252.0,7018
52866,131.100.128.0,255.255.252.0,54004
61637,131.100.132.0,255.255.252.0,54004
264381,131.100.144.0,255.255.252.0,7018
27665,131.100.160.0,255.255.252.0,7018
61648,131.100.176.0,255.255.252.0,54004
262187,131.100.180.0,255.255.252.0,7018
53196,131.100.196.0,255.255.252.0,54004
271683,131.100.200.0,255.255.252.0,54004
273409,131.100.204.0,255.255.252.0,7018
61653,131.100.224.0,255.255.252.0,54004
61686,131.100.234.0,255.255.254.0,7018
61668,131.100.248.0,255.255.252.0,54004
61657,131.100.252.0,255.255.252.0,54004
33845,131.102.0.0,255.255.0.0,7018
61487,131.108.0.0,255.255.252.0,7018
263424,131.108.8.0,255.255.252.0,54004
61659,131.108.28.0,255.255.252.0,54004
264367,131.108.32.0,255.255.252.0,54004
61680,131.108.64.0,255.255.252.0,54004
18747,131.108.68.0,255.255.252.0,54004
61665,131.108.72.0,255.255.252.0,54004
61666,131.108.76.0,255.255.255.0,7018
262521,131.108.84.0,255.255.254.0,54004
61672,131.108.100.0,255.255.252.0,7018
61673,131.108.120.0,255.255.252.0,54004
264354,131.108.128.0,255.255.252.0,7018
61490,131.108.140.0,255.255.255.0,7018
61681,131.108.156.0,255.255.252.0,54004
61678,131.108.164.0,255.255.252.0,7018
10299,131.108.168.0,255.255.252.0,7018
22381,131.108.184.0,255.255.252.0,54004
262691,131.108.200.0,255.255.252.0,7018
264351,131.108.212.0,255.255.254.0,54004
64126,131.108.236.0,255.255.252.0,7018
264355,131.108.240.0,255.255.252.0,54004
52928,131.108.244.0,255.255.252.0,54004
9367,131.112.0.0,255.255.0.0,7018
6059,131.118.0.0,255.255.0.0,54004
11050,131.123.0.0,255.255.0.0,7018
3112,131.123.236.0,255.255.252.0,7018
40776,131.143.20.0,255.255.255.0,54004
15280,131.143.43.0,255.255.255.0,7018
200454,131.143.87.0,255.255.255.0,54004
2728,131.143.232.0,255.255.254.0,7018
207134,131.153.40.0,255.255.254.0,7018
11417,131.156.0.0,255.255.0.0,7018
264360,131.161.28.0,255.255.252.0,54004
52564,131.161.36.0,255.255.255.0,54004
52674,131.161.40.0,255.255.252.0,54004
265144,131.161.44.0,255.255.255.0,54004
264369,131.161.64.0,255.255.252.0,54004
262355,131.161.72.0,255.255.252.0,7018
270777,131.161.119.0,255.255.255.0,54004
264387,131.161.124.0,255.255.255.0,54004
264378,131.161.128.0,255.255.252.0,54004
262293,131.161.132.0,255.255.252.0,54004
263077,131.161.140.0,255.255.252.0,7018
61812,131.161.160.0,255.255.252.0,7018
264384,131.161.176.0,255.255.252.0,54004
52720,131.161.196.0,255.255.252.0,54004
263258,131.161.204.0,255.255.254.0,54004
264401,131.161.212.0,255.255.252.0,7018
264393,131.161.216.0,255.255.252.0,7018
264404,131.161.228.0,255.255.252.0,54004
263687,131.161.236.0,255.255.252.0,7018
28103,131.161.252.0,255.255.255.0,54004
2025,131.183.0.0,255.255.0.0,7018
54676,131.187.132.0,255.255.252.0,54004
26247,131.187.224.0,255.255.248.0,7018
26898,131.187.248.0,255.255.252.0,7018
14677,131.191.0.0,255.255.128.0,54004
265890,131.196.4.0,255.255.252.0,54004
265903,131.196.20.0,255.255.255.0,54004
271410,131.196.28.0,255.255.252.0,54004
262189,131.196.39.0,255.255.255.0,7018
265894,131.196.48.0,255.255.254.0,54004
265976,131.196.64.0,255.255.252.0,54004
262509,131.196.76.0,255.255.252.0,54004
265907,131.196.84.0,255.255.252.0,54004
262756,131.196.88.0,255.255.252.0,54004
262813,131.196.92.0,255.255.255.0,54004
265918,131.196.104.0,255.255.255.0,54004
265923,131.196.128.0,255.255.252.0,54004
265928,131.196.132.0,255.255.252.0,54004
265943,131.196.160.0,255.255.252.0,54004
265914,131.196.164.0,255.255.252.0,54004
265757,131.196.176.0,255.255.252.0,54004
265927,131.196.216.0,255.255.252.0,54004
265985,131.196.220.0,255.255.252.0,7018
266006,131.196.224.0,255.255.254.0,7018
265996,131.196.232.0,255.255.252.0,54004
273703,131.196.236.0,255.255.252.0,54004
265931,131.196.240.0,255.255.252.0,54004
3128,131.210.0.0,255.255.0.0,54004
7727,131.221.8.0,255.255.252.0,7018
262765,131.221.56.0,255.255.252.0,7018
52566,131.221.72.0,255.255.252.0,54004
264424,131.221.108.0,255.255.252.0,54004
52937,131.221.116.0,255.255.252.0,7018
264416,131.221.120.0,255.255.252.0,7018
264428,131.221.124.0,255.255.252.0,54004
264434,131.221.160.0,255.255.252.0,7018
27901,131.221.164.0,255.255.255.0,7018
264422,131.221.172.0,255.255.255.0,54004
264425,131.221.184.0,255.255.252.0,54004
264426,131.221.188.0,255.255.252.0,54004
264442,131.221.192.0,255.255.252.0,54004
262316,131.221.200.0,255.255.252.0,54004
28658,131.221.208.0,255.255.252.0,7018
264444,131.221.224.0,255.255.252.0,7018
264439,131.221.236.0,255.255.252.0,54004
264427,131.221.240.0,255.255.252.0,7018
264440,131.221.244.0,255.255.252.0,7018
52900,131.221.252.0,255.255.252.0,54004
22794,131.226.136.0,255.255.248.0,7018
203724,131.229.128.0,255.255.255.0,54004
205272,131.229.140.0,255.255.255.0,7018
32234,131.238.0.0,255.255.0.0,7018
199578,131.246.0.0,255.255.0.0,7018
5661,131.247.0.0,255.255.0.0,7018
27065,131.250.242.0,255.255.255.0,7018
6366,131.252.0.0,255.255.0.0,54004
61493,131.255.4.0,255.255.255.0,54004
263741,131.255.12.0,255.255.252.0,7018
27693,131.255.24.0,255.255.252.0,54004
264448,131.255.28.0,255.255.252.0,7018
264449,131.255.32.0,255.255.252.0,54004
264450,131.255.36.0,255.255.252.0,54004
61893,131.255.44.0,255.255.252.0,54004
262675,131.255.52.0,255.255.252.0,54004
264518,131.255.76.0,255.255.252.0,54004
264470,131.255.80.0,255.255.252.0,54004
263468,131.255.96.0,255.255.252.0,54004
28165,131.255.100.0,255.255.252.0,54004
271761,131.255.104.0,255.255.252.0,54004
52783,131.255.116.0,255.255.252.0,54004
271673,131.255.130.0,255.255.255.0,54004
262417,131.255.132.0,255.255.252.0,54004
264485,131.255.144.0,255.255.252.0,54004
264503,131.255.148.0,255.255.252.0,54004
264493,131.255.156.0,255.255.252.0,54004
264490,131.255.160.0,255.255.252.0,54004
262470,131.255.168.0,255.255.252.0,7018
262491,131.255.172.0,255.255.252.0,54004
264491,131.255.176.0,255.255.252.0,54004
263715,131.255.180.0,255.255.252.0,7018
264492,131.255.184.0,255.255.252.0,54004
262210,131.255.192.0,255.255.252.0,7018
28265,131.255.196.0,255.255.252.0,54004
262546,131.255.200.0,255.255.252.0,54004
263582,131.255.204.0,255.255.252.0,7018
262979,131.255.208.0,255.255.255.0,54004
264498,131.255.212.0,255.255.252.0,54004
264496,131.255.224.0,255.255.252.0,54004
264500,131.255.228.0,255.255.252.0,54004
262318,131.255.236.0,255.255.252.0,7018
264297,131.255.252.0,255.255.252.0,54004
2665,132.156.0.0,255.255.0.0,7018
21575,132.157.0.0,255.255.0.0,7018
2818,132.185.0.0,255.255.0.0,7018
1351,132.198.0.0,255.255.0.0,7018
278,132.247.0.0,255.255.0.0,7018
27839,132.251.224.0,255.255.248.0,7018
265823,132.255.8.0,255.255.252.0,7018
263586,132.255.16.0,255.255.252.0,54004
262286,132.255.24.0,255.255.252.0,7018
264461,132.255.28.0,255.255.252.0,54004
264455,132.255.36.0,255.255.252.0,54004
264452,132.255.48.0,255.255.252.0,54004
264462,132.255.52.0,255.255.252.0,54004
264453,132.255.56.0,255.255.252.0,54004
52840,132.255.60.0,255.255.252.0,54004
28667,132.255.64.0,255.255.252.0,7018
264463,132.255.72.0,255.255.252.0,7018
264464,132.255.80.0,255.255.252.0,54004
264459,132.255.92.0,255.255.252.0,54004
1916,132.255.96.0,255.255.252.0,7018
263355,132.255.104.0,255.255.252.0,54004
264477,132.255.108.0,255.255.252.0,54004
52436,132.255.112.0,255.255.252.0,7018
264473,132.255.116.0,255.255.252.0,54004
53223,132.255.140.0,255.255.252.0,7018
53085,132.255.148.0,255.255.252.0,7018
262404,132.255.156.0,255.255.252.0,54004
264516,132.255.160.0,255.255.252.0,54004
264517,132.255.172.0,255.255.252.0,54004
53048,132.255.176.0,255.255.252.0,54004
263040,132.255.180.0,255.255.252.0,7018
264510,132.255.184.0,255.255.254.0,54004
264513,132.255.196.0,255.255.252.0,54004
264635,132.255.208.0,255.255.255.0,54004
264521,132.255.212.0,255.255.252.0,54004
262978,132.255.220.0,255.255.252.0,54004
264512,132.255.228.0,255.255.252.0,54004
61588,132.255.240.0,255.255.252.0,54004
264519,132.255.244.0,255.255.252.0,54004
262605,132.255.252.0,255.255.252.0,54004
2500,133.4.128.0,255.255.192.0,7018
23630,133.32.112.0,255.255.248.0,7018
131969,133.88.20.0,255.255.252.0,7018
146986,133.88.28.0,255.255.255.0,7018
131921,133.117.148.0,255.255.252.0,7018
63802,133.131.0.0,255.255.0.0,7018
151386,133.223.15.0,255.255.255.0,7018
23820,133.237.0.0,255.255.0.0,7018
4675,133.247.80.0,255.255.248.0,7018
47708,134.25.0.0,255.255.0.0,7018
22968,134.53.0.0,255.255.0.0,7018
293,134.55.0.0,255.255.0.0,54004
27263,134.65.160.0,255.255.252.0,54004
1237,134.75.0.0,255.255.0.0,7018
17579,134.75.1.0,255.255.255.0,54004
207592,134.76.0.0,255.255.0.0,7018
198380,134.90.240.0,255.255.248.0,7018
2857,134.93.0.0,255.255.0.0,7018
50533,134.101.64.0,255.255.224.0,7018
6471,134.162.99.0,255.255.255.0,54004
11340,134.171.169.0,255.255.255.0,54004
40127,134.174.0.0,255.255.0.0,7018
399998,134.195.6.0,255.255.255.0,7018
36127,134.195.52.0,255.255.255.0,54004
54613,134.195.76.0,255.255.255.0,7018
12186,134.195.187.0,255.255.255.0,54004
62866,134.195.207.0,255.255.255.0,7018
1733,134.229.68.0,255.255.255.0,7018
27066,134.229.134.0,255.255.255.0,7018
210,134.250.0.0,255.255.0.0,7018
38016,135.92.55.0,255.255.255.0,7018
19165,136.24.0.0,255.255.0.0,54004
215601,136.144.30.0,255.255.255.0,54004
19399,136.155.0.0,255.255.0.0,7018
36124,136.175.48.0,255.255.255.0,7018
62902,136.175.126.0,255.255.255.0,7018
54746,136.175.130.0,255.255.255.0,7018
397860,136.175.248.0,255.255.252.0,7018
15320,136.223.177.0,255.255.255.0,7018
395379,136.228.64.0,255.255.224.0,7018
53449,136.228.96.0,255.255.224.0,7018
5488,136.238.196.0,255.255.255.0,7018
3477,137.75.64.0,255.255.192.0,54004
16550,137.75.122.0,255.255.255.0,54004
26100,137.75.124.0,255.255.252.0,54004
13837,137.83.22.0,255.255.255.0,7018
40956,137.83.77.0,255.255.255.0,54004
13427,137.83.103.0,255.255.255.0,7018
19464,137.113.0.0,255.255.0.0,7018
21515,137.119.26.0,255.255.254.0,7018
52668,137.133.0.0,255.255.255.0,7018
7860,137.149.0.0,255.255.0.0,7018
36324,137.152.224.0,255.255.224.0,7018
36857,137.170.64.0,255.255.192.0,7018
12079,137.188.0.0,255.255.0.0,7018
15806,137.191.224.0,255.255.224.0,7018
199116,137.194.8.0,255.255.252.0,7018
10,137.196.4.0,255.255.255.0,54004
2018,137.214.0.0,255.255.0.0,7018
637,137.234.0.0,255.255.252.0,7018
3755,137.238.240.0,255.255.240.0,7018
7738,138.0.16.0,255.255.252.0,7018
264528,138.0.20.0,255.255.252.0,54004
264539,138.0.24.0,255.255.252.0,54004
262755,138.0.32.0,255.255.252.0,54004
264536,138.0.68.0,255.255.252.0,54004
264531,138.0.72.0,255.255.252.0,54004
53076,138.0.85.0,255.255.255.0,54004
273813,138.0.86.0,255.255.255.0,54004
264543,138.0.96.0,255.255.252.0,54004
262216,138.0.104.0,255.255.252.0,54004
264544,138.0.112.0,255.255.252.0,54004
264547,138.0.133.0,255.255.255.0,54004
264550,138.0.136.0,255.255.252.0,54004
264566,138.0.144.0,255.255.252.0,54004
52236,138.0.156.0,255.255.255.0,7018
264555,138.0.160.0,255.255.252.0,54004
271564,138.0.176.0,255.255.252.0,54004
263736,138.0.184.0,255.255.252.0,7018
28131,138.0.192.0,255.255.252.0,54004
263073,138.0.196.0,255.255.252.0,54004
264556,138.0.204.0,255.255.255.0,7018
264554,138.0.212.0,255.255.255.0,54004
264559,138.0.216.0,255.255.255.0,54004
264567,138.0.232.0,255.255.252.0,54004
263629,138.0.248.0,255.255.255.0,54004
32472,138.12.0.0,255.255.128.0,7018
6106,138.23.0.0,255.255.0.0,54004
4503,138.33.33.0,255.255.255.0,7018
264564,138.36.4.0,255.255.252.0,54004
263026,138.36.20.0,255.255.252.0,7018
14868,138.36.32.0,255.255.252.0,7018
264568,138.36.36.0,255.255.252.0,54004
264570,138.36.40.0,255.255.252.0,54004
262832,138.36.60.0,255.255.252.0,54004
61797,138.36.68.0,255.255.252.0,54004
264574,138.36.108.0,255.255.252.0,54004
264577,138.36.116.0,255.255.252.0,54004
264579,138.36.128.0,255.255.252.0,54004
264580,138.36.132.0,255.255.252.0,7018
28257,138.36.140.0,255.255.252.0,54004
263729,138.36.148.0,255.255.252.0,54004
52610,138.36.160.0,255.255.252.0,7018
262300,138.36.168.0,255.255.252.0,54004
52968,138.36.184.0,255.255.252.0,7018
262535,138.36.192.0,255.255.252.0,54004
264590,138.36.212.0,255.255.252.0,54004
264588,138.36.224.0,255.255.252.0,54004
61696,138.36.232.0,255.255.252.0,54004
264589,138.36.240.0,255.255.252.0,54004
262814,138.36.244.0,255.255.254.0,7018
61934,138.36.248.0,255.255.252.0,7018
395437,138.43.128.0,255.255.255.0,7018
27750,138.59.12.0,255.255.252.0,7018
270932,138.59.36.0,255.255.252.0,54004
264596,138.59.40.0,255.255.252.0,7018
264595,138.59.44.0,255.255.252.0,54004
264597,138.59.48.0,255.255.252.0,7018
52887,138.59.56.0,255.255.252.0,54004
22689,138.59.88.0,255.255.252.0,7018
262769,138.59.92.0,255.255.252.0,54004
27720,138.59.96.0,255.255.252.0,54004
28606,138.59.112.0,255.255.252.0,54004
53222,138.59.128.0,255.255.252.0,54004
263042,138.59.156.0,255.255.252.0,7018
270816,138.59.180.0,255.255.252.0,7018
264103,138.59.188.0,255.255.252.0,54004
264133,138.59.192.0,255.255.252.0,54004
264116,138.59.208.0,255.255.252.0,54004
264119,138.59.216.0,255.255.252.0,54004
264127,138.59.220.0,255.255.252.0,54004
263154,138.59.236.0,255.255.252.0,54004
52858,138.59.248.0,255.255.252.0,54004
7386,138.87.0.0,255.255.0.0,7018
52901,138.94.4.0,255.255.252.0,54004
28360,138.94.8.0,255.255.252.0,54004
266201,138.94.32.0,255.255.252.0,7018
264344,138.94.36.0,255.255.255.0,54004
264124,138.94.48.0,255.255.252.0,54004
264106,138.94.52.0,255.255.252.0,7018
264135,138.94.64.0,255.255.252.0,54004
263471,138.94.68.0,255.255.252.0,54004
262821,138.94.100.0,255.255.252.0,7018
264134,138.94.104.0,255.255.252.0,54004
273548,138.94.116.0,255.255.252.0,54004
61584,138.94.128.0,255.255.252.0,54004
264180,138.94.164.0,255.255.252.0,54004
264186,138.94.192.0,255.255.252.0,54004
262887,138.94.232.0,255.255.252.0,54004
265840,138.94.247.0,255.255.255.0,7018
262346,138.97.0.0,255.255.252.0,54004
53112,138.97.4.0,255.255.252.0,54004
52604,138.97.16.0,255.255.252.0,54004
264112,138.97.20.0,255.255.252.0,7018
264118,138.97.24.0,255.255.252.0,54004
264117,138.97.28.0,255.255.252.0,54004
61900,138.97.32.0,255.255.254.0,54004
264129,138.97.36.0,255.255.252.0,54004
264120,138.97.40.0,255.255.252.0,54004
262811,138.97.48.0,255.255.252.0,54004
264147,138.97.68.0,255.255.252.0,54004
271069,138.97.79.0,255.255.255.0,54004
264138,138.97.84.0,255.255.252.0,7018
264137,138.97.96.0,255.255.252.0,54004
264144,138.97.124.0,255.255.252.0,54004
267442,138.97.128.0,255.255.252.0,54004
262645,138.97.132.0,255.255.252.0,54004
266178,138.97.144.0,255.255.255.0,7018
264197,138.97.148.0,255.255.252.0,54004
264189,138.97.164.0,255.255.252.0,54004
264206,138.97.180.0,255.255.252.0,54004
264191,138.97.189.0,255.255.255.0,54004
264200,138.97.192.0,255.255.252.0,54004
264195,138.97.196.0,255.255.252.0,54004
264207,138.97.212.0,255.255.252.0,7018
264209,138.97.220.0,255.255.252.0,54004
264204,138.97.232.0,255.255.252.0,54004
264217,138.97.240.0,255.255.252.0,54004
264213,138.97.252.0,255.255.252.0,54004
264159,138.99.16.0,255.255.252.0,7018
61786,138.99.28.0,255.255.252.0,54004
263086,138.99.40.0,255.255.252.0,54004
262427,138.99.48.0,255.255.252.0,54004
28577,138.99.52.0,255.255.252.0,54004
52877,138.99.56.0,255.255.252.0,7018
264160,138.99.68.0,255.255.252.0,54004
52747,138.99.108.0,255.255.254.0,54004
262544,138.99.112.0,255.255.252.0,7018
270997,138.99.124.0,255.255.252.0,54004
263768,138.99.128.0,255.255.252.0,7018
264215,138.99.132.0,255.255.252.0,54004
271255,138.99.156.0,255.255.252.0,7018
264212,138.99.160.0,255.255.252.0,54004
264211,138.99.164.0,255.255.252.0,54004
61582,138.99.168.0,255.255.252.0,7018
273914,138.99.179.0,255.255.255.0,54004
52695,138.99.188.0,255.255.252.0,54004
264216,138.99.196.0,255.255.252.0,7018
52686,138.99.204.0,255.255.252.0,54004
27660,138.99.212.0,255.255.252.0,7018
262374,138.99.244.0,255.255.252.0,7018
28130,138.99.248.0,255.255.252.0,7018
263589,138.99.252.0,255.255.252.0,7018
9593,138.101.0.0,255.255.0.0,7018
27984,138.117.20.0,255.255.252.0,7018
263321,138.117.24.0,255.255.252.0,54004
273363,138.117.46.0,255.255.254.0,54004
28258,138.117.72.0,255.255.252.0,7018
263774,138.117.76.0,255.255.252.0,7018
262387,138.117.100.0,255.255.252.0,7018
17069,138.117.112.0,255.255.255.0,7018
262820,138.117.120.0,255.255.252.0,54004
61572,138.117.132.0,255.255.254.0,54004
61498,138.117.136.0,255.255.255.0,7018
264242,138.117.144.0,255.255.252.0,54004
265831,138.117.148.0,255.255.255.0,54004
264234,138.117.152.0,255.255.254.0,54004
262168,138.117.160.0,255.255.252.0,7018
264237,138.117.172.0,255.255.254.0,54004
28186,138.117.176.0,255.255.252.0,54004
264238,138.117.188.0,255.255.252.0,7018
264241,138.118.4.0,255.255.252.0,54004
262591,138.118.12.0,255.255.252.0,7018
262290,138.118.16.0,255.255.252.0,54004
264247,138.118.32.0,255.255.255.0,7018
52308,138.118.36.0,255.255.255.0,7018
52431,138.118.48.0,255.255.252.0,7018
264249,138.118.52.0,255.255.255.0,54004
264246,138.118.56.0,255.255.252.0,7018
264248,138.118.60.0,255.255.252.0,7018
264250,138.118.64.0,255.255.252.0,7018
262394,138.118.76.0,255.255.252.0,7018
53184,138.118.84.0,255.255.252.0,7018
262485,138.118.88.0,255.255.252.0,54004
263781,138.118.104.0,255.255.252.0,7018
28287,138.118.120.0,255.255.252.0,7018
27796,138.118.124.0,255.255.252.0,54004
262500,138.118.128.0,255.255.252.0,54004
262448,138.118.172.0,255.255.252.0,54004
264268,138.118.176.0,255.255.252.0,7018
264067,138.118.184.0,255.255.252.0,54004
52323,138.118.208.0,255.255.252.0,7018
264273,138.118.220.0,255.255.252.0,54004
263880,138.118.232.0,255.255.252.0,54004
264283,138.118.240.0,255.255.252.0,7018
52742,138.118.252.0,255.255.254.0,54004
264274,138.121.8.0,255.255.254.0,54004
264289,138.121.28.0,255.255.252.0,7018
264288,138.121.32.0,255.255.252.0,54004
264280,138.121.44.0,255.255.252.0,54004
264285,138.121.56.0,255.255.252.0,54004
52637,138.121.72.0,255.255.252.0,7018
52427,138.121.76.0,255.255.254.0,7018
61500,138.121.80.0,255.255.252.0,7018
263789,138.121.84.0,255.255.252.0,7018
263784,138.121.96.0,255.255.252.0,54004
263791,138.121.112.0,255.255.255.0,7018
264295,138.121.116.0,255.255.252.0,54004
264294,138.121.128.0,255.255.252.0,54004
28317,138.121.140.0,255.255.255.0,54004
52821,138.121.144.0,255.255.252.0,54004
264301,138.121.196.0,255.255.254.0,54004
265315,138.121.208.0,255.255.254.0,7018
53045,138.121.232.0,255.255.252.0,54004
264323,138.121.244.0,255.255.252.0,54004
264308,138.122.20.0,255.255.254.0,54004
264327,138.122.56.0,255.255.252.0,54004
61573,138.122.60.0,255.255.252.0,54004
264309,138.122.64.0,255.255.252.0,54004
263263,138.122.72.0,255.255.252.0,7018
264324,138.122.92.0,255.255.252.0,54004
263792,138.122.108.0,255.255.255.0,7018
264320,138.122.120.0,255.255.254.0,54004
264329,138.122.136.0,255.255.252.0,7018
264321,138.122.152.0,255.255.252.0,54004
23201,138.122.160.0,255.255.252.0,7018
262952,138.122.168.0,255.255.252.0,54004
262518,138.122.172.0,255.255.254.0,54004
52653,138.122.180.0,255.255.252.0,7018
263801,138.122.188.0,255.255.252.0,54004
264326,138.122.204.0,255.255.252.0,54004
27955,138.122.228.0,255.255.252.0,7018
200675,138.124.188.0,255.255.252.0,7018
200315,138.128.224.0,255.255.255.0,54004
16832,138.128.232.0,255.255.248.0,7018
13999,138.185.2.0,255.255.254.0,7018
264332,138.185.20.0,255.255.252.0,54004
264338,138.185.32.0,255.255.252.0,54004
263384,138.185.40.0,255.255.252.0,54004
264343,138.185.72.0,255.255.252.0,7018
270877,138.185.88.0,255.255.255.0,54004
52721,138.185.108.0,255.255.252.0,7018
28066,138.185.112.0,255.255.252.0,7018
263840,138.185.124.0,255.255.252.0,54004
263805,138.185.136.0,255.255.255.0,54004
264345,138.185.144.0,255.255.252.0,7018
263846,138.185.148.0,255.255.252.0,54004
264342,138.185.156.0,255.255.252.0,54004
262604,138.185.160.0,255.255.252.0,54004
28187,138.185.168.0,255.255.252.0,54004
264348,138.185.176.0,255.255.252.0,54004
28255,138.185.180.0,255.255.252.0,7018
263847,138.185.196.0,255.255.252.0,54004
262482,138.185.212.0,255.255.252.0,7018
263920,138.185.240.0,255.255.252.0,54004
263940,138.185.252.0,255.255.252.0,54004
52579,138.186.0.0,255.255.252.0,7018
17072,138.186.28.0,255.255.255.0,7018
52771,138.186.44.0,255.255.252.0,7018
263858,138.186.48.0,255.255.252.0,54004
262622,138.186.80.0,255.255.252.0,7018
263855,138.186.84.0,255.255.252.0,54004
14709,138.186.88.0,255.255.252.0,7018
263124,138.186.92.0,255.255.252.0,54004
264681,138.186.120.0,255.255.252.0,54004
263860,138.186.128.0,255.255.252.0,7018
53160,138.186.132.0,255.255.252.0,54004
61449,138.186.160.0,255.255.252.0,54004
263877,138.186.172.0,255.255.252.0,54004
61784,138.186.184.0,255.255.252.0,54004
262573,138.186.192.0,255.255.252.0,7018
263869,138.186.196.0,255.255.252.0,54004
53218,138.186.204.0,255.255.252.0,7018
27775,138.186.208.0,255.255.252.0,7018
212424,138.195.128.0,255.255.224.0,7018
61775,138.204.36.0,255.255.252.0,54004
266192,138.204.44.0,255.255.255.0,54004
263891,138.204.48.0,255.255.252.0,7018
263879,138.204.76.0,255.255.254.0,54004
263897,138.204.112.0,255.255.252.0,54004
263898,138.204.116.0,255.255.252.0,54004
263906,138.204.120.0,255.255.252.0,7018
263888,138.204.132.0,255.255.252.0,54004
262262,138.204.180.0,255.255.255.0,54004
263907,138.204.184.0,255.255.252.0,54004
263908,138.204.192.0,255.255.252.0,54004
263904,138.204.196.0,255.255.252.0,7018
61890,138.204.212.0,255.255.252.0,7018
53153,138.204.220.0,255.255.255.0,54004
61506,138.204.228.0,255.255.255.0,7018
263917,138.204.232.0,255.255.252.0,54004
263913,138.204.240.0,255.255.252.0,54004
61495,138.219.0.0,255.255.255.0,7018
61504,138.219.1.0,255.255.255.0,7018
52404,138.219.2.0,255.255.255.0,7018
263939,138.219.44.0,255.255.252.0,54004
61508,138.219.60.0,255.255.255.0,7018
61940,138.219.76.0,255.255.252.0,54004
263922,138.219.96.0,255.255.252.0,7018
263941,138.219.100.0,255.255.252.0,54004
263944,138.219.108.0,255.255.252.0,54004
263928,138.219.116.0,255.255.255.0,54004
263929,138.219.132.0,255.255.252.0,7018
263820,138.219.160.0,255.255.255.0,7018
264017,138.219.168.0,255.255.252.0,54004
263936,138.219.192.0,255.255.252.0,54004
263946,138.219.196.0,255.255.252.0,54004
262649,138.219.204.0,255.255.252.0,54004
263948,138.219.236.0,255.255.252.0,7018
52873,138.219.244.0,255.255.252.0,7018
10497,138.220.0.0,255.255.0.0,7018
136990,138.235.8.0,255.255.252.0,7018
23779,138.243.0.0,255.255.0.0,7018
63900,138.252.12.0,255.255.255.0,54004
154309,138.252.80.0,255.255.254.0,54004
154039,138.252.92.0,255.255.255.0,54004
139649,138.252.126.0,255.255.254.0,54004
154242,138.252.167.0,255.255.255.0,54004
152799,138.252.176.0,255.255.255.0,54004
263947,138.255.12.0,255.255.254.0,7018
263952,138.255.28.0,255.255.252.0,7018
263970,138.255.64.0,255.255.255.0,54004
263959,138.255.72.0,255.255.252.0,7018
263961,138.255.104.0,255.255.252.0,7018
263972,138.255.128.0,255.255.252.0,7018
28132,138.255.140.0,255.255.252.0,54004
263650,138.255.148.0,255.255.252.0,54004
263975,138.255.160.0,255.255.255.0,54004
263979,138.255.176.0,255.255.252.0,54004
262868,138.255.196.0,255.255.252.0,54004
263994,138.255.220.0,255.255.252.0,54004
263989,138.255.224.0,255.255.252.0,54004
263982,138.255.232.0,255.255.252.0,54004
264645,138.255.252.0,255.255.255.0,7018
47273,139.28.40.0,255.255.252.0,7018
47140,139.28.52.0,255.255.252.0,54004
209624,139.28.148.0,255.255.252.0,7018
212068,139.28.205.0,255.255.255.0,7018
210258,139.28.208.0,255.255.252.0,7018
209627,139.28.248.0,255.255.255.0,7018
5091,139.45.160.0,255.255.255.0,54004
210203,139.45.198.0,255.255.254.0,7018
51327,139.45.214.0,255.255.254.0,7018
214455,139.45.216.0,255.255.254.0,7018
398563,139.60.167.0,255.255.255.0,7018
31914,139.64.216.0,255.255.255.0,7018
26034,139.72.158.0,255.255.255.0,7018
532,139.77.6.0,255.255.255.0,7018
2715,139.82.0.0,255.255.0.0,7018
1930,139.83.0.0,255.255.0.0,7018
8522,139.91.0.0,255.255.0.0,7018
15260,139.104.71.0,255.255.255.0,7018
23344,139.104.97.0,255.255.255.0,7018
22604,139.104.112.0,255.255.255.0,7018
5619,139.105.0.0,255.255.0.0,7018
53927,139.131.31.0,255.255.255.0,7018
399362,139.138.52.0,255.255.254.0,7018
54825,139.178.76.0,255.255.254.0,54004
27628,139.181.5.0,255.255.255.0,54004
7535,139.223.0.0,255.255.0.0,7018
1945,140.77.0.0,255.255.0.0,7018
36459,140.82.112.0,255.255.240.0,7018
202435,140.95.136.0,255.255.252.0,7018
17713,140.117.0.0,255.255.0.0,54004
63303,140.174.27.0,255.255.255.0,7018
63376,140.174.30.0,255.255.255.0,54004
3701,140.211.0.0,255.255.0.0,54004
208437,140.233.176.0,255.255.255.0,54004
47536,140.235.4.0,255.255.255.0,7018
395559,140.235.40.0,255.255.255.0,7018
53745,140.235.52.0,255.255.252.0,7018
48927,140.235.68.0,255.255.252.0,7018
50224,140.235.75.0,255.255.255.0,54004
214675,140.235.199.0,255.255.255.0,7018
27370,140.241.0.0,255.255.0.0,54004
136195,140.249.3.0,255.255.255.0,7018
20633,141.2.0.0,255.255.0.0,7018
205684,141.11.110.0,255.255.255.0,7018
13128,141.15.0.0,255.255.0.0,7018
41289,141.17.0.0,255.255.0.0,7018
211286,141.39.220.0,255.255.252.0,7018
210482,141.80.0.0,255.255.0.0,7018
25367,141.96.0.0,255.255.0.0,7018
209591,141.98.124.0,255.255.252.0,7018
56381,141.98.136.0,255.255.255.0,7018
206988,141.98.200.0,255.255.252.0,7018
60299,141.101.186.0,255.255.255.0,7018
12990,141.105.16.0,255.255.248.0,7018
206621,141.105.133.0,255.255.255.0,7018
57124,141.105.144.0,255.255.248.0,7018
13588,141.123.7.0,255.255.255.0,54004
30972,141.138.88.0,255.255.248.0,7018
1224,141.142.0.0,255.255.0.0,7018
17350,141.160.12.0,255.255.252.0,54004
59908,141.170.214.0,255.255.255.0,7018
6169,141.193.36.0,255.255.252.0,7018
53971,141.193.80.0,255.255.252.0,54004
13943,141.193.104.0,255.255.252.0,54004
16717,141.193.160.0,255.255.240.0,54004
54037,141.193.220.0,255.255.254.0,7018
6720,141.203.0.0,255.255.0.0,7018
3784,141.223.0.0,255.255.192.0,7018
14048,141.225.0.0,255.255.0.0,7018
200478,141.226.124.0,255.255.255.0,7018
28690,141.228.19.0,255.255.255.0,7018
16796,142.13.0.0,255.255.0.0,7018
857,142.15.0.0,255.255.254.0,7018
11522,142.40.38.0,255.255.255.0,7018
19752,142.46.0.0,255.255.0.0,7018
11727,142.46.68.0,255.255.252.0,7018
5664,142.55.0.0,255.255.0.0,54004
2675,142.74.0.0,255.255.248.0,7018
3378,142.77.1.0,255.255.255.0,7018
11486,142.77.49.0,255.255.255.0,7018
2682,142.98.224.0,255.255.255.0,7018
18934,142.202.68.0,255.255.255.0,7018
54351,142.202.96.0,255.255.252.0,7018
398203,142.202.164.0,255.255.252.0,7018
13830,142.202.220.0,255.255.252.0,54004
32550,142.215.96.0,255.255.255.0,54004
16553,142.215.107.0,255.255.255.0,54004
27566,142.215.109.0,255.255.255.0,54004
27224,142.215.110.0,255.255.255.0,54004
36750,142.240.0.0,255.255.0.0,54004
396993,142.248.21.0,255.255.255.0,54004
897,142.248.240.0,255.255.255.0,54004
204921,142.249.114.0,255.255.255.0,7018
264008,143.0.0.0,255.255.252.0,54004
263991,143.0.28.0,255.255.252.0,54004
263992,143.0.36.0,255.255.252.0,54004
262550,143.0.40.0,255.255.252.0,54004
270361,143.0.44.0,255.255.255.0,54004
263997,143.0.52.0,255.255.255.0,54004
264002,143.0.60.0,255.255.252.0,54004
265989,143.0.68.0,255.255.252.0,7018
11014,143.0.76.0,255.255.255.0,7018
262995,143.0.112.0,255.255.252.0,7018
52680,143.0.116.0,255.255.252.0,54004
264000,143.0.124.0,255.255.252.0,54004
264021,143.0.132.0,255.255.252.0,54004
264011,143.0.136.0,255.255.252.0,54004
264009,143.0.140.0,255.255.252.0,54004
264014,143.0.164.0,255.255.252.0,54004
264013,143.0.184.0,255.255.252.0,7018
264010,143.0.196.0,255.255.252.0,54004
52951,143.0.204.0,255.255.254.0,54004
264022,143.0.220.0,255.255.254.0,54004
264035,143.0.224.0,255.255.252.0,54004
208723,143.20.69.0,255.255.255.0,7018
209861,143.20.75.0,255.255.255.0,7018
13748,143.48.0.0,255.255.0.0,7018
19200,143.54.0.0,255.255.0.0,54004
23341,143.55.3.0,255.255.255.0,7018
4193,143.55.96.0,255.255.224.0,54004
204109,143.62.64.0,255.255.240.0,7018
747,143.68.64.0,255.255.224.0,7018
53187,143.106.0.0,255.255.0.0,54004
28571,143.107.0.0,255.255.0.0,54004
1251,143.108.0.0,255.255.0.0,54004
53172,143.137.8.0,255.255.252.0,7018
264025,143.137.32.0,255.255.252.0,7018
264071,143.137.44.0,255.255.252.0,54004
264063,143.137.48.0,255.255.255.0,7018
270843,143.137.52.0,255.255.254.0,54004
263668,143.137.76.0,255.255.252.0,54004
22908,143.137.108.0,255.255.255.0,54004
262512,143.137.140.0,255.255.252.0,54004
264042,143.137.152.0,255.255.252.0,54004
263099,143.137.156.0,255.255.252.0,54004
264051,143.137.160.0,255.255.252.0,7018
264054,143.137.224.0,255.255.252.0,54004
264069,143.137.248.0,255.255.252.0,7018
8803,143.180.0.0,255.255.0.0,7018
393451,143.195.224.0,255.255.224.0,7018
264049,143.202.4.0,255.255.254.0,54004
27792,143.202.24.0,255.255.252.0,7018
53167,143.202.132.0,255.255.252.0,54004
263196,143.202.136.0,255.255.252.0,7018
27932,143.202.196.0,255.255.255.0,54004
19373,143.202.204.0,255.255.254.0,7018
52851,143.202.212.0,255.255.252.0,54004
52544,143.202.220.0,255.255.252.0,54004
263627,143.202.236.0,255.255.252.0,54004
264609,143.202.252.0,255.255.252.0,54004
1111,143.205.0.0,255.255.0.0,7018
264077,143.208.8.0,255.255.254.0,54004
264079,143.208.28.0,255.255.255.0,54004
53094,143.208.68.0,255.255.252.0,54004
265138,143.208.72.0,255.255.252.0,7018
265124,143.208.80.0,255.255.252.0,54004
262960,143.208.104.0,255.255.252.0,54004
265126,143.208.124.0,255.255.252.0,54004
264091,143.208.128.0,255.255.252.0,54004
61776,143.208.136.0,255.255.252.0,54004
264092,143.208.148.0,255.255.252.0,54004
265130,143.208.152.0,255.255.252.0,7018
53046,143.208.160.0,255.255.252.0,7018
265117,143.208.176.0,255.255.252.0,7018
262422,143.208.204.0,255.255.255.0,54004
265131,143.208.220.0,255.255.252.0,54004
265136,143.208.224.0,255.255.252.0,54004
263004,143.208.228.0,255.255.252.0,7018
265137,143.208.244.0,255.255.252.0,54004
214075,143.223.106.0,255.255.255.0,7018
53536,143.223.168.0,255.255.252.0,54004
3734,143.254.0.0,255.255.0.0,7018
265140,143.255.0.0,255.255.252.0,54004
273391,143.255.8.0,255.255.252.0,7018
265141,143.255.12.0,255.255.252.0,54004
265135,143.255.20.0,255.255.252.0,54004
27923,143.255.32.0,255.255.252.0,54004
263623,143.255.44.0,255.255.252.0,54004
28652,143.255.48.0,255.255.252.0,54004
265139,143.255.52.0,255.255.252.0,54004
262460,143.255.72.0,255.255.252.0,54004
262406,143.255.80.0,255.255.252.0,54004
52977,143.255.96.0,255.255.254.0,54004
52722,143.255.116.0,255.255.252.0,7018
262343,143.255.124.0,255.255.252.0,54004
265147,143.255.128.0,255.255.252.0,54004
265152,143.255.132.0,255.255.252.0,54004
262376,143.255.168.0,255.255.252.0,54004
270955,143.255.180.0,255.255.254.0,54004
263558,143.255.196.0,255.255.252.0,54004
52863,143.255.200.0,255.255.255.0,54004
52741,143.255.208.0,255.255.252.0,54004
52935,143.255.216.0,255.255.252.0,54004
265163,143.255.236.0,255.255.252.0,54004
262794,143.255.244.0,255.255.252.0,7018
213050,144.2.168.0,255.255.252.0,54004
7862,144.5.224.0,255.255.248.0,54004
203218,144.48.81.0,255.255.255.0,7018
5374,144.51.128.0,255.255.128.0,7018
39052,144.57.0.0,255.255.224.0,7018
21821,144.121.102.0,255.255.255.0,7018
23359,144.121.120.0,255.255.255.0,7018
36413,144.126.0.0,255.255.192.0,7018
59624,144.206.222.0,255.255.255.0,7018
9342,144.218.0.0,255.255.0.0,7018
27142,144.251.0.0,255.255.0.0,7018
207283,145.14.0.0,255.255.252.0,7018
28682,145.14.8.0,255.255.248.0,7018
263025,145.14.134.0,255.255.255.0,54004
25182,145.58.0.0,255.255.0.0,7018
214689,145.63.8.0,255.255.248.0,7018
28756,145.64.128.0,255.255.248.0,7018
8737,145.78.28.0,255.255.255.0,7018
206355,145.79.192.0,255.255.252.0,7018
1104,145.102.132.0,255.255.252.0,7018
207315,145.116.0.0,255.255.255.0,7018
49362,145.218.0.0,255.255.0.0,54004
15675,145.232.0.0,255.255.0.0,7018
23763,145.246.68.0,255.255.255.0,54004
198259,145.255.192.0,255.255.255.0,7018
2572,146.7.0.0,255.255.0.0,54004
208846,146.19.5.0,255.255.255.0,7018
210477,146.19.17.0,255.255.255.0,7018
39498,146.19.127.0,255.255.255.0,7018
57889,146.19.164.0,255.255.255.0,7018
47753,146.19.210.0,255.255.255.0,7018
59848,146.19.242.0,255.255.255.0,7018
12200,146.20.220.0,255.255.252.0,7018
42893,146.66.160.0,255.255.224.0,54004
32904,146.71.0.0,255.255.255.0,7018
32365,146.71.4.0,255.255.252.0,54004
60924,146.71.94.0,255.255.254.0,7018
26610,146.83.90.0,255.255.255.0,54004
212762,146.103.47.0,255.255.255.0,7018
1955,146.110.0.0,255.255.0.0,7018
209002,146.120.112.0,255.255.255.0,54004
212623,146.120.214.0,255.255.255.0,7018
44835,146.120.224.0,255.255.255.0,54004
48172,146.120.226.0,255.255.255.0,7018
204875,146.120.248.0,255.255.252.0,54004
14864,146.121.20.0,255.255.255.0,7018
18971,146.127.245.0,255.255.255.0,7018
2544,146.129.0.0,255.255.0.0,54004
3486,146.143.0.0,255.255.0.0,7018
20191,146.155.0.0,255.255.0.0,54004
43849,146.158.0.0,255.255.255.0,7018
202668,146.158.30.0,255.255.255.0,7018
213499,146.158.92.0,255.255.254.0,54004
15428,146.158.95.0,255.255.255.0,7018
32720,146.184.0.0,255.255.255.0,54004
211174,146.185.94.0,255.255.255.0,7018
8659,146.247.8.0,255.255.248.0,7018
199666,146.247.64.0,255.255.252.0,7018
200562,146.255.116.0,255.255.252.0,7018
48158,146.255.208.0,255.255.255.0,54004
33703,147.4.0.0,255.255.128.0,54004
32064,147.9.0.0,255.255.0.0,54004
203424,147.12.32.0,255.255.224.0,7018
3130,147.28.0.0,255.255.254.0,7018
37978,147.41.0.0,255.255.128.0,7018
2895,147.45.0.0,255.255.224.0,7018
209132,147.45.112.0,255.255.255.0,54004
9488,147.46.0.0,255.255.0.0,54004
35691,147.78.4.0,255.255.255.0,7018
34907,147.78.118.0,255.255.255.0,7018
209323,147.78.144.0,255.255.252.0,54004
209531,147.78.168.0,255.255.252.0,7018
208731,147.78.192.0,255.255.255.0,7018
213081,147.78.194.0,255.255.255.0,7018
59890,147.78.248.0,255.255.252.0,7018
147060,147.79.3.0,255.255.255.0,54004
14327,147.79.176.0,255.255.240.0,7018
6122,147.92.0.0,255.255.254.0,7018
395194,147.92.48.0,255.255.252.0,54004
394728,147.129.188.0,255.255.252.0,54004
202921,147.161.24.0,255.255.252.0,7018
2607,147.175.0.0,255.255.0.0,7018
4601,147.189.216.0,255.255.248.0,7018
55542,147.200.0.0,255.255.254.0,54004
18982,147.202.0.0,255.255.192.0,7018
197451,147.229.0.0,255.255.128.0,54004
30165,147.253.224.0,255.255.224.0,54004
396930,148.51.132.0,255.255.255.0,7018
16666,148.77.62.0,255.255.255.0,7018
22479,148.77.67.0,255.255.255.0,7018
1887,148.81.0.0,255.255.0.0,7018
28118,148.103.7.0,255.255.255.0,7018
22098,148.107.3.0,255.255.255.0,7018
61211,148.163.184.0,255.255.252.0,7018
22876,148.177.80.0,255.255.248.0,7018
31382,148.198.0.0,255.255.0.0,7018
22884,148.204.128.0,255.255.255.0,7018
272323,148.208.113.0,255.255.255.0,7018
2904,148.210.0.0,255.255.0.0,7018
64124,148.222.225.0,255.255.255.0,7018
270007,148.222.230.0,255.255.254.0,7018
16596,148.231.0.0,255.255.248.0,7018
3454,148.234.0.0,255.255.0.0,7018
28509,148.243.99.0,255.255.255.0,7018
28525,148.246.26.0,255.255.254.0,7018
28463,148.250.126.0,255.255.254.0,7018
213671,149.5.59.0,255.255.255.0,7018
59655,149.5.66.0,255.255.255.0,54004
51577,149.5.187.0,255.255.255.0,7018
216193,149.7.5.0,255.255.255.0,54004
42764,149.7.210.0,255.255.254.0,7018
211733,149.12.76.0,255.255.255.0,7018
205358,149.12.98.0,255.255.254.0,7018
209529,149.12.100.0,255.255.255.0,7018
213338,149.12.108.0,255.255.252.0,7018
206182,149.12.120.0,255.255.252.0,7018
47964,149.13.0.0,255.255.255.0,7018
42467,149.13.115.0,255.255.255.0,7018
200794,149.13.146.0,255.255.255.0,7018
10250,149.19.2.0,255.255.255.0,54004
396298,149.19.194.0,255.255.254.0,7018
1280,149.20.0.0,255.255.255.0,7018
27321,149.20.2.0,255.255.255.0,7018
30132,149.20.5.0,255.255.255.0,7018
393507,149.20.68.0,255.255.254.0,7018
8683,149.20.96.0,255.255.252.0,7018
133861,149.30.202.0,255.255.255.0,7018
28323,149.40.16.0,255.255.240.0,7018
272694,149.57.32.0,255.255.254.0,54004
215071,149.57.207.0,255.255.255.0,7018
57119,149.62.152.0,255.255.248.0,7018
197969,149.62.160.0,255.255.248.0,54004
272066,149.78.48.0,255.255.252.0,54004
265171,149.78.96.0,255.255.224.0,54004
53180,149.78.200.0,255.255.252.0,7018
266436,149.78.205.0,255.255.255.0,54004
265197,149.78.232.0,255.255.252.0,54004
206732,149.86.228.0,255.255.252.0,7018
57111,149.100.180.0,255.255.252.0,7018
266445,149.102.64.0,255.255.224.0,54004
27299,149.112.123.0,255.255.255.0,7018
55195,149.112.126.0,255.255.255.0,7018
394354,149.112.127.0,255.255.255.0,7018
21418,149.126.168.0,255.255.248.0,54004
57141,149.154.80.0,255.255.248.0,7018
57144,149.154.88.0,255.255.248.0,7018
19782,149.165.128.0,255.255.128.0,7018
5605,149.214.0.0,255.255.0.0,7018
8319,149.218.0.0,255.255.128.0,7018
52756,149.226.240.0,255.255.255.0,7018
216239,149.232.188.0,255.255.255.0,7018
208458,149.232.243.0,255.255.255.0,54004
205769,149.249.252.0,255.255.252.0,7018
57210,149.255.176.0,255.255.248.0,7018
4680,150.14.52.0,255.255.254.0,7018
18125,150.26.0.0,255.255.0.0,7018
7516,150.30.0.0,255.255.0.0,7018
131938,150.63.0.0,255.255.0.0,7018
131925,150.91.192.0,255.255.240.0,7018
32531,150.108.0.0,255.255.0.0,7018
139594,150.129.217.0,255.255.255.0,54004
59378,150.129.220.0,255.255.252.0,54004
28222,150.163.0.0,255.255.128.0,7018
8103,150.176.6.0,255.255.255.0,7018
46832,150.199.4.0,255.255.255.0,54004
152069,150.242.176.0,255.255.254.0,7018
57164,151.0.0.0,255.255.224.0,54004
211101,151.0.40.0,255.255.248.0,54004
210026,151.90.0.0,255.255.0.0,7018
30598,151.124.104.0,255.255.255.0,54004
205881,151.136.0.0,255.255.0.0,7018
33189,151.159.220.0,255.255.254.0,54004
16037,151.183.0.0,255.255.240.0,54004
21693,151.215.0.0,255.255.0.0,7018
64457,151.242.144.0,255.255.255.0,54004
133504,151.243.55.0,255.255.255.0,54004
207003,151.244.8.0,255.255.255.0,54004
53122,151.244.141.0,255.255.255.0,54004
273478,151.244.241.0,255.255.255.0,54004
214435,151.248.15.0,255.255.255.0,7018
197064,151.248.56.0,255.255.248.0,7018
44712,151.249.104.0,255.255.248.0,7018
12996,151.249.120.0,255.255.255.0,54004
30855,151.252.64.0,255.255.224.0,7018
29680,151.252.112.0,255.255.248.0,7018
61215,151.252.120.0,255.255.248.0,7018
19718,152.22.240.0,255.255.240.0,54004
209998,152.89.16.0,255.255.252.0,7018
209358,152.89.68.0,255.255.252.0,7018
208785,152.89.116.0,255.255.255.0,7018
213313,152.89.148.0,255.255.252.0,7018
47648,152.89.188.0,255.255.252.0,7018
3923,152.123.8.0,255.255.248.0,54004
4046,152.123.17.0,255.255.255.0,54004
19422,152.156.0.0,255.255.0.0,7018
7418,152.172.0.0,255.255.0.0,7018
1321,152.196.4.0,255.255.255.0,54004
1339,152.196.64.0,255.255.252.0,7018
1383,152.196.118.0,255.255.254.0,7018
28036,152.231.32.0,255.255.255.0,54004
27986,152.231.110.0,255.255.255.0,54004
52228,152.231.128.0,255.255.128.0,7018
26615,152.233.128.0,255.255.240.0,54004
26599,152.234.64.0,255.255.192.0,7018
27699,152.249.0.0,255.255.0.0,7018
10429,152.252.0.0,255.255.128.0,7018
13548,153.9.0.0,255.255.0.0,7018
5550,153.19.0.0,255.255.0.0,7018
6035,153.23.0.0,255.255.240.0,7018
15544,153.92.180.0,255.255.255.0,7018
34966,153.92.184.0,255.255.254.0,7018
204279,153.94.16.0,255.255.240.0,7018
51402,153.97.25.0,255.255.255.0,7018
35170,153.97.148.0,255.255.255.0,7018
24313,153.107.0.0,255.255.0.0,54004
37616,154.0.176.0,255.255.240.0,7018
262996,154.9.1.0,255.255.255.0,54004
329384,154.16.62.0,255.255.255.0,7018
18345,154.16.81.0,255.255.255.0,54004
149290,154.18.192.0,255.255.252.0,7018
151995,154.18.252.0,255.255.255.0,54004
153822,154.19.44.0,255.255.254.0,54004
149628,154.23.114.0,255.255.255.0,54004
211423,154.40.129.0,255.255.255.0,7018
200358,154.40.130.0,255.255.255.0,7018
215213,154.43.69.0,255.255.255.0,7018
203099,154.44.187.0,255.255.255.0,7018
207866,154.45.44.0,255.255.255.0,7018
215214,154.46.28.0,255.255.255.0,7018
1886,154.46.48.0,255.255.252.0,7018
8053,154.47.156.0,255.255.254.0,7018
49941,154.53.194.0,255.255.255.0,7018
209049,154.53.196.0,255.255.254.0,7018
208636,154.56.248.0,255.255.255.0,7018
202042,154.57.0.0,255.255.255.0,7018
50520,154.57.20.0,255.255.255.0,7018
42220,154.58.211.0,255.255.255.0,7018
264778,154.59.56.0,255.255.255.0,54004
212573,154.60.73.0,255.255.255.0,7018
211991,154.60.196.0,255.255.255.0,7018
205219,154.60.212.0,255.255.252.0,7018
214043,154.60.224.0,255.255.254.0,7018
153292,154.61.83.0,255.255.255.0,54004
210627,154.62.138.0,255.255.254.0,7018
213972,154.63.160.0,255.255.255.0,7018
201102,154.63.164.0,255.255.252.0,7018
37627,154.65.0.0,255.255.252.0,7018
37727,154.65.16.0,255.255.255.0,7018
37523,154.65.64.0,255.255.255.0,7018
327909,154.65.88.0,255.255.248.0,7018
328400,154.66.112.0,255.255.252.0,7018
37564,154.66.152.0,255.255.248.0,7018
37650,154.66.200.0,255.255.252.0,7018
37653,154.66.208.0,255.255.252.0,7018
37654,154.68.64.0,255.255.255.0,54004
327804,154.68.160.0,255.255.240.0,7018
37519,154.70.136.0,255.255.248.0,7018
327716,154.70.144.0,255.255.248.0,7018
327728,154.72.20.0,255.255.255.0,7018
327732,154.72.48.0,255.255.255.0,7018
37618,154.73.0.0,255.255.252.0,7018
327761,154.73.4.0,255.255.252.0,7018
327772,154.73.96.0,255.255.255.0,7018
327799,154.73.104.0,255.255.252.0,54004
132546,154.88.9.0,255.255.255.0,54004
58944,154.91.1.0,255.255.255.0,7018
37714,154.117.64.0,255.255.192.0,7018
327824,154.118.252.0,255.255.252.0,7018
151610,154.194.39.0,255.255.255.0,54004
211389,155.2.210.0,255.255.254.0,7018
14114,155.56.0.0,255.255.128.0,54004
9419,155.69.0.0,255.255.0.0,54004
201470,155.133.24.0,255.255.254.0,7018
47252,155.133.30.0,255.255.254.0,7018
60695,155.133.33.0,255.255.255.0,7018
200594,155.133.48.0,255.255.248.0,7018
50095,155.133.88.0,255.255.255.0,7018
201427,155.133.96.0,255.255.248.0,7018
34844,155.133.123.0,255.255.255.0,7018
61231,155.136.198.0,255.255.254.0,7018
63346,155.194.250.0,255.255.255.0,54004
328246,156.0.196.0,255.255.254.0,7018
328220,156.0.224.0,255.255.248.0,7018
328199,156.0.246.0,255.255.255.0,7018
328203,156.0.248.0,255.255.255.0,7018
2920,156.3.0.0,255.255.0.0,7018
8970,156.17.0.0,255.255.0.0,7018
15989,156.48.4.0,255.255.254.0,7018
201869,156.51.150.0,255.255.254.0,7018
24398,156.62.0.0,255.255.0.0,54004
62724,156.63.148.0,255.255.255.0,54004
206048,156.67.88.0,255.255.255.0,7018
133735,156.107.101.0,255.255.255.0,7018
31547,156.109.3.0,255.255.255.0,7018
205910,156.109.245.0,255.255.255.0,7018
1448,156.146.128.0,255.255.128.0,7018
328020,156.155.248.0,255.255.255.0,7018
213798,156.225.56.0,255.255.255.0,54004
213642,156.229.62.0,255.255.255.0,7018
50183,156.238.192.0,255.255.240.0,7018
151741,157.10.26.0,255.255.255.0,7018
152297,157.10.32.0,255.255.255.0,54004
152301,157.10.72.0,255.255.254.0,54004
152322,157.10.134.0,255.255.255.0,54004
152344,157.10.182.0,255.255.254.0,54004
152354,157.10.193.0,255.255.255.0,54004
152341,157.15.16.0,255.255.255.0,7018
152391,157.15.44.0,255.255.255.0,54004
152363,157.15.82.0,255.255.254.0,54004
152905,157.15.107.0,255.255.255.0,7018
152393,157.15.210.0,255.255.254.0,54004
152388,157.20.38.0,255.255.255.0,54004
152392,157.20.44.0,255.255.255.0,7018
152394,157.20.46.0,255.255.254.0,54004
152880,157.20.64.0,255.255.255.0,7018
150771,157.20.68.0,255.255.255.0,54004
152407,157.20.92.0,255.255.254.0,54004
152435,157.20.98.0,255.255.254.0,54004
152425,157.20.100.0,255.255.255.0,54004
9917,157.20.108.0,255.255.254.0,7018
152411,157.20.156.0,255.255.254.0,54004
152416,157.20.208.0,255.255.254.0,54004
152426,157.20.220.0,255.255.254.0,54004
152437,157.20.222.0,255.255.254.0,54004
152440,157.66.2.0,255.255.254.0,54004
151385,157.66.22.0,255.255.254.0,7018
149107,157.66.24.0,255.255.254.0,54004
140016,157.66.36.0,255.255.255.0,54004
138804,157.66.37.0,255.255.255.0,54004
152438,157.66.50.0,255.255.254.0,54004
135443,157.66.69.0,255.255.255.0,7018
152442,157.66.86.0,255.255.255.0,54004
152772,157.66.125.0,255.255.255.0,54004
139937,157.66.131.0,255.255.255.0,54004
152499,157.66.146.0,255.255.254.0,54004
152777,157.66.170.0,255.255.255.0,54004
153139,157.66.172.0,255.255.254.0,54004
4678,157.77.0.0,255.255.0.0,7018
44593,157.88.0.0,255.255.0.0,7018
51164,157.94.0.0,255.255.0.0,7018
203593,157.97.163.0,255.255.255.0,7018
37919,157.109.0.0,255.255.0.0,7018
24284,157.112.64.0,255.255.248.0,7018
133993,157.119.84.0,255.255.255.0,54004
9604,157.120.128.0,255.255.224.0,7018
21965,157.154.3.0,255.255.255.0,54004
2094,157.159.0.0,255.255.0.0,7018
40703,157.166.0.0,255.255.255.0,54004
43500,157.166.64.0,255.255.255.0,7018
5662,157.166.124.0,255.255.254.0,54004
16099,157.177.248.0,255.255.252.0,7018
23047,157.191.12.0,255.255.255.0,7018
2044,157.225.96.0,255.255.240.0,7018
54231,157.225.192.0,255.255.240.0,7018
19693,157.238.136.0,255.255.248.0,7018
271935,157.254.36.0,255.255.254.0,7018
202098,158.47.10.0,255.255.255.0,7018
27404,158.51.28.0,255.255.252.0,54004
14333,158.51.48.0,255.255.254.0,7018
11910,158.51.68.0,255.255.255.0,54004
40350,158.51.226.0,255.255.255.0,54004
2602,158.64.0.0,255.255.0.0,7018
35686,158.75.128.0,255.255.128.0,7018
38327,158.89.0.0,255.255.0.0,7018
204024,158.94.167.0,255.255.255.0,7018
30909,158.94.184.0,255.255.255.0,7018
3640,158.97.0.0,255.255.192.0,7018
7876,158.106.24.0,255.255.252.0,7018
62494,158.120.46.0,255.255.254.0,7018
27405,158.136.0.0,255.255.0.0,7018
64411,158.172.0.0,255.255.248.0,7018
205923,158.173.160.0,255.255.255.0,7018
54548,158.222.102.0,255.255.254.0,7018
2683,158.250.0.0,255.255.128.0,7018
39104,158.255.64.0,255.255.248.0,7018
60904,158.255.80.0,255.255.255.0,54004
57507,158.255.192.0,255.255.240.0,7018
51653,158.255.248.0,255.255.248.0,54004
7328,159.14.0.0,255.255.0.0,7018
21774,159.18.151.0,255.255.255.0,7018
29266,159.20.0.0,255.255.248.0,7018
200544,159.22.0.0,255.255.0.0,7018
32563,159.33.64.0,255.255.224.0,54004
21735,159.54.24.0,255.255.252.0,7018
23200,159.56.144.0,255.255.252.0,54004
1798,159.121.0.0,255.255.0.0,54004
19834,159.127.104.0,255.255.252.0,7018
34578,159.144.0.0,255.255.0.0,7018
60066,159.148.119.0,255.255.255.0,7018
49690,159.151.0.0,255.255.192.0,7018
23503,159.214.87.0,255.255.255.0,54004
133077,159.215.130.0,255.255.254.0,7018
4199,159.231.32.0,255.255.224.0,54004
13499,159.242.128.0,255.255.224.0,54004
54328,159.242.200.0,255.255.252.0,7018
206281,159.253.0.0,255.255.255.0,7018
29399,159.253.86.0,255.255.255.0,7018
8224,159.253.96.0,255.255.248.0,7018
50877,159.255.128.0,255.255.248.0,7018
201987,159.255.148.0,255.255.255.0,7018
19919,160.19.0.0,255.255.240.0,7018
152073,160.19.16.0,255.255.255.0,7018
152504,160.19.80.0,255.255.254.0,54004
152773,160.19.110.0,255.255.255.0,54004
152775,160.19.146.0,255.255.254.0,54004
152787,160.19.178.0,255.255.255.0,54004
28319,160.19.200.0,255.255.255.0,54004
328167,160.19.232.0,255.255.252.0,7018
266167,160.19.240.0,255.255.252.0,7018
266168,160.19.244.0,255.255.252.0,54004
266172,160.19.248.0,255.255.252.0,7018
266143,160.20.20.0,255.255.252.0,54004
328032,160.20.24.0,255.255.248.0,7018
266141,160.20.32.0,255.255.255.0,7018
152761,160.20.36.0,255.255.254.0,54004
265720,160.20.80.0,255.255.252.0,7018
52571,160.20.84.0,255.255.255.0,54004
209578,160.20.96.0,255.255.252.0,7018
152783,160.20.128.0,255.255.255.0,54004
151349,160.20.142.0,255.255.255.0,54004
266197,160.20.160.0,255.255.255.0,54004
266198,160.20.168.0,255.255.252.0,7018
271110,160.20.176.0,255.255.252.0,54004
266538,160.20.184.0,255.255.252.0,54004
139388,160.20.223.0,255.255.255.0,54004
152506,160.22.0.0,255.255.255.0,54004
152806,160.22.26.0,255.255.254.0,7018
152798,160.22.30.0,255.255.255.0,54004
152820,160.22.126.0,255.255.255.0,54004
152909,160.22.138.0,255.255.255.0,54004
149635,160.22.144.0,255.255.255.0,7018
142108,160.22.180.0,255.255.254.0,54004
152830,160.22.192.0,255.255.254.0,54004
152841,160.22.217.0,255.255.255.0,54004
153063,160.22.222.0,255.255.255.0,54004
152827,160.22.242.0,255.255.255.0,54004
152537,160.25.0.0,255.255.255.0,54004
153060,160.25.54.0,255.255.255.0,54004
153053,160.25.96.0,255.255.254.0,54004
135823,160.25.100.0,255.255.255.0,54004
208223,160.25.104.0,255.255.254.0,54004
153096,160.25.118.0,255.255.254.0,54004
152557,160.25.128.0,255.255.255.0,7018
153085,160.25.157.0,255.255.255.0,54004
153160,160.25.160.0,255.255.254.0,54004
153166,160.25.186.0,255.255.254.0,54004
153086,160.25.218.0,255.255.255.0,7018
63909,160.25.221.0,255.255.255.0,7018
153105,160.25.236.0,255.255.254.0,54004
153091,160.25.248.0,255.255.255.0,54004
138580,160.30.9.0,255.255.255.0,54004
153176,160.30.25.0,255.255.255.0,54004
153175,160.30.26.0,255.255.255.0,54004
152573,160.30.60.0,255.255.254.0,7018
153191,160.30.68.0,255.255.254.0,54004
136935,160.30.130.0,255.255.254.0,54004
134216,160.30.141.0,255.255.255.0,54004
135426,160.30.148.0,255.255.254.0,7018
153216,160.30.214.0,255.255.255.0,7018
153112,160.30.224.0,255.255.254.0,7018
54704,160.32.255.0,255.255.255.0,54004
3450,160.36.0.0,255.255.0.0,7018
21293,160.67.0.0,255.255.0.0,7018
13303,160.99.0.0,255.255.0.0,7018
37463,160.113.0.0,255.255.0.0,7018
328029,160.119.0.0,255.255.252.0,7018
328045,160.119.80.0,255.255.255.0,7018
328209,160.119.96.0,255.255.255.0,7018
328024,160.119.120.0,255.255.252.0,7018
328214,160.119.152.0,255.255.252.0,7018
328162,160.119.216.0,255.255.255.0,7018
328146,160.119.220.0,255.255.252.0,7018
131077,160.185.2.0,255.255.255.0,7018
153122,160.187.138.0,255.255.255.0,54004
153127,160.187.150.0,255.255.254.0,54004
153350,160.187.154.0,255.255.254.0,54004
153124,160.187.196.0,255.255.255.0,54004
152615,160.187.198.0,255.255.254.0,54004
153144,160.187.204.0,255.255.254.0,54004
140937,160.187.212.0,255.255.255.0,7018
153351,160.187.215.0,255.255.255.0,7018
153359,160.187.220.0,255.255.254.0,54004
153013,160.191.32.0,255.255.255.0,54004
132714,160.191.38.0,255.255.255.0,54004
153377,160.191.80.0,255.255.255.0,54004
153141,160.191.130.0,255.255.255.0,54004
153155,160.191.192.0,255.255.254.0,54004
153480,160.191.232.0,255.255.255.0,54004
47406,160.202.28.0,255.255.252.0,7018
150803,160.202.45.0,255.255.255.0,54004
51019,160.202.134.0,255.255.255.0,54004
148003,160.202.198.0,255.255.255.0,7018
24008,160.206.145.0,255.255.255.0,54004
35315,160.231.112.0,255.255.255.0,7018
267263,160.238.24.0,255.255.252.0,54004
44994,160.238.52.0,255.255.252.0,7018
266151,160.238.104.0,255.255.252.0,54004
266534,160.238.144.0,255.255.252.0,54004
266641,160.238.180.0,255.255.252.0,54004
266546,160.238.196.0,255.255.252.0,54004
266574,160.238.232.0,255.255.252.0,7018
153519,160.250.22.0,255.255.255.0,54004
153521,160.250.67.0,255.255.255.0,7018
142588,160.250.70.0,255.255.255.0,54004
133182,160.250.201.0,255.255.255.0,54004
133464,160.250.248.0,255.255.254.0,54004
25607,161.0.32.0,255.255.224.0,54004
27653,161.0.128.0,255.255.240.0,7018
262237,161.0.160.0,255.255.255.0,54004
19889,161.22.0.0,255.255.252.0,7018
31515,161.30.0.0,255.255.0.0,54004
7849,161.77.0.0,255.255.0.0,7018
26459,161.108.225.0,255.255.255.0,54004
6883,161.110.0.0,255.255.0.0,7018
6306,161.140.0.0,255.255.0.0,7018
10954,161.148.0.0,255.255.0.0,54004
13474,161.190.0.0,255.255.255.0,7018
8048,161.196.0.0,255.255.0.0,54004
398697,161.199.203.0,255.255.255.0,54004
38656,161.248.40.0,255.255.255.0,54004
152619,161.248.44.0,255.255.255.0,54004
45586,161.248.127.0,255.255.255.0,54004
137248,161.248.168.0,255.255.254.0,54004
153565,161.248.226.0,255.255.255.0,54004
53507,162.0.156.0,255.255.252.0,7018
46868,162.12.224.0,255.255.248.0,7018
36091,162.80.0.0,255.255.0.0,7018
33566,162.81.6.0,255.255.254.0,7018
45946,162.112.0.0,255.255.192.0,54004
10666,162.116.11.0,255.255.255.0,7018
30011,162.118.16.0,255.255.255.0,7018
196968,162.208.52.0,255.255.252.0,7018
54652,162.210.32.0,255.255.252.0,54004
55216,162.210.216.0,255.255.248.0,7018
33467,162.211.72.0,255.255.252.0,7018
55222,162.211.96.0,255.255.252.0,7018
55247,162.211.140.0,255.255.254.0,54004
40076,162.213.56.0,255.255.252.0,7018
36201,162.213.84.0,255.255.255.0,7018
23419,162.213.136.0,255.255.252.0,54004
26337,162.215.243.0,255.255.255.0,7018
62488,162.216.24.0,255.255.248.0,7018
25787,162.217.20.0,255.255.252.0,7018
29765,162.217.104.0,255.255.248.0,7018
21528,162.219.64.0,255.255.252.0,54004
54327,162.219.72.0,255.255.252.0,7018
54039,162.220.108.0,255.255.252.0,7018
36008,162.220.191.0,255.255.255.0,54004
393268,162.220.236.0,255.255.255.0,7018
27240,162.221.40.0,255.255.255.0,7018
26167,162.221.72.0,255.255.254.0,7018
54086,162.221.84.0,255.255.255.0,7018
15317,162.221.224.0,255.255.252.0,54004
54829,162.222.20.0,255.255.252.0,7018
54611,162.222.48.0,255.255.252.0,7018
55130,162.222.136.0,255.255.252.0,54004
395127,162.222.240.0,255.255.252.0,7018
32354,162.244.56.0,255.255.248.0,7018
53904,162.244.229.0,255.255.255.0,7018
15296,162.246.156.0,255.255.252.0,7018
62929,162.246.192.0,255.255.252.0,7018
22319,162.247.68.0,255.255.255.0,54004
36436,162.247.128.0,255.255.255.0,7018
55011,162.247.156.0,255.255.255.0,7018
13331,162.249.16.0,255.255.252.0,54004
62917,162.249.32.0,255.255.255.0,7018
54978,162.250.10.0,255.255.255.0,7018
16866,162.250.12.0,255.255.252.0,7018
28931,162.250.110.0,255.255.254.0,54004
4901,162.250.136.0,255.255.252.0,7018
55236,162.252.88.0,255.255.252.0,7018
62512,162.252.204.0,255.255.252.0,54004
11468,162.253.5.0,255.255.255.0,54004
40449,162.253.202.0,255.255.255.0,7018
17384,162.254.243.0,255.255.255.0,7018
53274,162.255.168.0,255.255.252.0,54004
56339,163.5.0.0,255.255.255.0,54004
38022,163.7.128.0,255.255.224.0,54004
38299,163.7.133.0,255.255.255.0,54004
131930,163.45.0.0,255.255.0.0,7018
153583,163.61.13.0,255.255.255.0,54004
153547,163.61.22.0,255.255.255.0,54004
56178,163.61.26.0,255.255.255.0,54004
152622,163.61.60.0,255.255.254.0,54004
153270,163.61.120.0,255.255.255.0,54004
153615,163.61.134.0,255.255.255.0,54004
152368,163.61.159.0,255.255.255.0,54004
152623,163.61.184.0,255.255.254.0,7018
9664,163.61.198.0,255.255.255.0,7018
1301,163.62.72.0,255.255.248.0,7018
6127,163.121.6.0,255.255.255.0,7018
40916,163.123.152.0,255.255.255.0,54004
4673,163.135.0.0,255.255.0.0,7018
173,163.138.160.0,255.255.224.0,7018
36161,163.151.0.0,255.255.128.0,7018
12696,163.156.6.0,255.255.254.0,7018
3067,163.196.254.0,255.255.255.0,7018
16800,163.199.128.0,255.255.255.0,7018
37007,163.202.0.0,255.255.0.0,7018
7502,163.208.0.0,255.255.0.0,7018
63798,163.220.192.0,255.255.224.0,7018
137210,163.223.0.0,255.255.255.0,54004
153673,163.223.2.0,255.255.254.0,54004
153655,163.223.22.0,255.255.254.0,7018
3754,163.223.77.0,255.255.255.0,54004
153697,163.223.78.0,255.255.255.0,54004
151366,163.223.115.0,255.255.255.0,54004
153717,163.223.142.0,255.255.254.0,54004
153710,163.223.158.0,255.255.254.0,7018
153722,163.223.164.0,255.255.255.0,54004
153756,163.223.232.0,255.255.255.0,7018
135364,163.223.250.0,255.255.255.0,54004
138517,163.227.32.0,255.255.254.0,54004
153803,163.227.67.0,255.255.255.0,54004
153789,163.227.87.0,255.255.255.0,54004
153797,163.227.95.0,255.255.255.0,54004
153793,163.227.101.0,255.255.255.0,54004
153823,163.227.143.0,255.255.255.0,7018
153820,163.227.146.0,255.255.255.0,54004
153858,163.227.176.0,255.255.255.0,54004
153836,163.227.185.0,255.255.255.0,54004
142276,163.227.208.0,255.255.255.0,54004
153895,163.227.248.0,255.255.255.0,54004
153887,163.227.252.0,255.255.255.0,7018
19255,163.237.0.0,255.255.0.0,54004
396955,163.253.30.0,255.255.255.0,7018
12508,164.40.168.0,255.255.254.0,7018
8569,164.61.0.0,255.255.0.0,7018
1797,164.73.0.0,255.255.0.0,7018
26818,164.83.0.0,255.255.0.0,7018
23074,164.85.0.0,255.255.0.0,54004
11317,164.113.254.0,255.255.254.0,54004
9835,164.115.15.0,255.255.255.0,54004
31693,164.138.56.0,255.255.248.0,7018
199918,164.138.200.0,255.255.255.0,54004
58011,164.138.240.0,255.255.248.0,7018
15129,164.152.208.0,255.255.248.0,54004
399855,164.153.140.0,255.255.255.0,7018
139591,164.155.47.0,255.255.255.0,7018
328043,164.160.60.0,255.255.255.0,7018
328037,164.160.88.0,255.255.252.0,7018
61092,164.160.116.0,255.255.255.0,7018
328049,164.160.120.0,255.255.252.0,7018
328051,164.160.124.0,255.255.252.0,7018
265952,164.163.16.0,255.255.252.0,54004
265936,164.163.24.0,255.255.252.0,54004
265958,164.163.32.0,255.255.252.0,54004
265938,164.163.44.0,255.255.252.0,7018
265953,164.163.52.0,255.255.252.0,54004
265975,164.163.68.0,255.255.254.0,7018
265968,164.163.84.0,255.255.254.0,54004
265949,164.163.96.0,255.255.252.0,54004
46890,164.163.108.0,255.255.252.0,54004
28153,164.163.140.0,255.255.252.0,54004
265966,164.163.176.0,255.255.252.0,54004
271794,164.163.186.0,255.255.254.0,7018
265978,164.163.248.0,255.255.252.0,7018
7633,164.164.0.0,255.255.240.0,54004
57574,164.215.56.0,255.255.248.0,7018
42773,164.215.64.0,255.255.255.0,54004
33962,164.215.72.0,255.255.255.0,7018
7297,165.1.0.0,255.255.192.0,7018
6614,165.27.244.0,255.255.252.0,7018
328172,165.73.140.0,255.255.252.0,7018
328747,165.73.224.0,255.255.248.0,7018
328237,165.73.232.0,255.255.252.0,7018
327956,165.90.128.0,255.255.224.0,7018
327950,165.90.192.0,255.255.252.0,7018
18840,165.98.38.0,255.255.255.0,54004
27742,165.98.96.0,255.255.252.0,54004
134127,165.99.5.0,255.255.255.0,54004
153896,165.99.21.0,255.255.255.0,7018
153918,165.99.68.0,255.255.255.0,54004
153939,165.99.86.0,255.255.255.0,54004
153908,165.99.114.0,255.255.254.0,54004
153940,165.99.151.0,255.255.255.0,54004
153987,165.99.152.0,255.255.254.0,54004
153971,165.101.9.0,255.255.255.0,7018
151496,165.101.57.0,255.255.255.0,54004
152595,165.101.76.0,255.255.254.0,7018
154003,165.101.90.0,255.255.255.0,54004
151351,165.101.180.0,255.255.254.0,54004
12233,165.140.130.0,255.255.255.0,54004
9663,165.140.142.0,255.255.255.0,7018
262202,165.183.123.0,255.255.255.0,7018
7020,165.233.0.0,255.255.0.0,7018
9317,165.246.0.0,255.255.0.0,7018
6524,165.251.24.0,255.255.255.0,7018
22691,165.254.98.0,255.255.255.0,7018
32799,165.254.104.0,255.255.255.0,54004
6568,166.114.16.0,255.255.240.0,7018
17562,167.30.144.0,255.255.255.0,54004
398290,167.32.0.0,255.255.0.0,54004
62997,167.88.49.0,255.255.255.0,7018
17328,167.92.38.0,255.255.255.0,7018
148997,167.94.112.0,255.255.255.0,7018
398170,167.94.116.0,255.255.254.0,7018
36724,167.100.4.0,255.255.252.0,54004
36073,167.100.112.0,255.255.254.0,54004
27026,167.102.0.0,255.255.0.0,54004
397446,167.142.97.0,255.255.255.0,54004
209845,167.150.86.0,255.255.255.0,7018
215332,167.150.91.0,255.255.255.0,7018
205966,167.150.200.0,255.255.255.0,7018
49832,167.160.20.0,255.255.255.0,7018
22012,167.182.4.0,255.255.255.0,7018
13169,167.202.195.0,255.255.255.0,7018
11596,167.209.0.0,255.255.0.0,7018
52913,167.249.4.0,255.255.252.0,54004
262644,167.249.12.0,255.255.252.0,54004
265158,167.249.16.0,255.255.252.0,54004
265166,167.249.24.0,255.255.252.0,7018
64131,167.249.30.0,255.255.254.0,54004
27817,167.249.41.0,255.255.255.0,54004
271646,167.249.68.0,255.255.254.0,54004
265169,167.249.80.0,255.255.252.0,54004
265160,167.249.108.0,255.255.252.0,54004
265170,167.249.120.0,255.255.255.0,54004
265178,167.249.128.0,255.255.252.0,54004
265192,167.249.144.0,255.255.252.0,54004
265188,167.249.164.0,255.255.252.0,54004
53066,167.249.184.0,255.255.252.0,54004
265175,167.249.208.0,255.255.252.0,54004
263764,167.249.216.0,255.255.255.0,7018
265180,167.249.220.0,255.255.255.0,54004
25933,167.249.232.0,255.255.252.0,54004
265172,167.249.240.0,255.255.255.0,54004
265185,167.250.0.0,255.255.252.0,54004
265194,167.250.16.0,255.255.252.0,54004
265279,167.250.24.0,255.255.252.0,54004
265198,167.250.28.0,255.255.252.0,7018
28618,167.250.32.0,255.255.252.0,54004
265189,167.250.44.0,255.255.252.0,54004
264943,167.250.60.0,255.255.252.0,54004
262715,167.250.88.0,255.255.252.0,7018
265199,167.250.96.0,255.255.252.0,54004
265201,167.250.140.0,255.255.252.0,54004
265214,167.250.156.0,255.255.255.0,7018
265207,167.250.160.0,255.255.252.0,54004
265255,167.250.164.0,255.255.252.0,54004
265804,167.250.168.0,255.255.252.0,54004
267748,167.250.196.0,255.255.254.0,54004
262253,167.250.204.0,255.255.252.0,7018
265220,167.250.248.0,255.255.255.0,7018
265239,167.250.252.0,255.255.252.0,54004
265240,168.0.0.0,255.255.255.0,54004
265217,168.0.8.0,255.255.252.0,54004
52651,168.0.16.0,255.255.254.0,54004
265242,168.0.20.0,255.255.252.0,54004
265222,168.0.32.0,255.255.252.0,54004
265244,168.0.36.0,255.255.252.0,54004
265229,168.0.52.0,255.255.252.0,54004
19990,168.0.60.0,255.255.252.0,7018
265230,168.0.68.0,255.255.252.0,54004
265231,168.0.92.0,255.255.252.0,54004
265232,168.0.100.0,255.255.252.0,54004
262557,168.0.104.0,255.255.252.0,7018
262791,168.0.108.0,255.255.252.0,54004
265249,168.0.112.0,255.255.254.0,54004
265262,168.0.132.0,255.255.255.0,54004
262565,168.0.140.0,255.255.252.0,54004
52560,168.0.144.0,255.255.252.0,7018
263483,168.0.164.0,255.255.254.0,54004
265257,168.0.168.0,255.255.252.0,54004
265303,168.0.172.0,255.255.252.0,54004
273517,168.0.192.0,255.255.252.0,54004
265265,168.0.196.0,255.255.252.0,54004
265260,168.0.224.0,255.255.252.0,54004
52872,168.0.236.0,255.255.252.0,54004
262408,168.0.240.0,255.255.252.0,54004
3480,168.8.0.0,255.252.0.0,7018
4544,168.75.240.0,255.255.240.0,54004
3551,168.77.0.0,255.255.255.0,54004
11556,168.77.209.0,255.255.255.0,7018
265277,168.90.4.0,255.255.252.0,54004
263032,168.90.44.0,255.255.252.0,7018
265264,168.90.48.0,255.255.252.0,54004
265278,168.90.56.0,255.255.252.0,7018
265268,168.90.64.0,255.255.252.0,7018
52971,168.90.76.0,255.255.252.0,54004
262988,168.90.80.0,255.255.252.0,54004
265269,168.90.88.0,255.255.252.0,54004
265310,168.90.104.0,255.255.252.0,7018
265187,168.90.112.0,255.255.252.0,7018
53175,168.90.120.0,255.255.252.0,54004
263769,168.90.128.0,255.255.252.0,7018
265272,168.90.144.0,255.255.252.0,54004
265282,168.90.208.0,255.255.252.0,54004
61579,168.90.240.0,255.255.252.0,54004
3597,168.96.0.0,255.255.0.0,7018
3700,168.100.0.0,255.255.252.0,54004
399224,168.100.12.0,255.255.254.0,7018
30562,168.100.171.0,255.255.255.0,7018
265294,168.121.24.0,255.255.254.0,54004
265300,168.121.68.0,255.255.252.0,54004
52398,168.121.84.0,255.255.252.0,7018
265308,168.121.88.0,255.255.252.0,7018
265317,168.121.96.0,255.255.252.0,54004
265320,168.121.104.0,255.255.252.0,54004
262492,168.121.108.0,255.255.252.0,54004
265311,168.121.112.0,255.255.252.0,54004
265312,168.121.136.0,255.255.252.0,54004
265322,168.121.140.0,255.255.254.0,7018
263596,168.121.144.0,255.255.252.0,54004
263421,168.121.156.0,255.255.254.0,54004
265319,168.121.180.0,255.255.254.0,54004
28000,168.121.184.0,255.255.252.0,7018
265066,168.121.200.0,255.255.252.0,54004
265323,168.121.204.0,255.255.252.0,54004
262966,168.121.248.0,255.255.252.0,54004
395400,168.123.0.0,255.255.0.0,7018
53029,168.181.40.0,255.255.252.0,7018
52956,168.181.56.0,255.255.252.0,54004
265330,168.181.60.0,255.255.252.0,54004
52432,168.181.72.0,255.255.252.0,7018
22011,168.181.77.0,255.255.255.0,54004
262218,168.181.95.0,255.255.255.0,54004
265336,168.181.96.0,255.255.252.0,54004
265334,168.181.104.0,255.255.254.0,7018
264847,168.181.120.0,255.255.252.0,54004
265356,168.181.124.0,255.255.252.0,54004
264862,168.181.132.0,255.255.252.0,7018
265337,168.181.140.0,255.255.252.0,54004
265348,168.181.144.0,255.255.252.0,7018
265346,168.181.188.0,255.255.252.0,7018
262296,168.181.196.0,255.255.252.0,7018
53178,168.181.216.0,255.255.252.0,54004
18298,168.188.0.0,255.255.0.0,54004
265388,168.194.8.0,255.255.252.0,7018
265377,168.194.12.0,255.255.252.0,54004
265389,168.194.16.0,255.255.255.0,54004
265383,168.194.20.0,255.255.252.0,54004
265390,168.194.24.0,255.255.252.0,54004
265375,168.194.28.0,255.255.252.0,7018
267513,168.194.56.0,255.255.252.0,54004
265379,168.194.64.0,255.255.252.0,54004
265386,168.194.84.0,255.255.252.0,54004
263395,168.194.136.0,255.255.254.0,54004
264754,168.194.140.0,255.255.255.0,7018
265405,168.194.152.0,255.255.252.0,7018
265393,168.194.164.0,255.255.252.0,54004
265391,168.194.172.0,255.255.254.0,54004
273810,168.194.177.0,255.255.255.0,54004
27747,168.194.180.0,255.255.252.0,7018
265407,168.194.188.0,255.255.252.0,54004
264760,168.194.216.0,255.255.252.0,7018
265401,168.194.224.0,255.255.255.0,54004
265410,168.195.0.0,255.255.252.0,54004
265406,168.195.4.0,255.255.252.0,54004
265424,168.195.24.0,255.255.252.0,54004
265408,168.195.44.0,255.255.252.0,54004
52999,168.195.68.0,255.255.252.0,54004
265429,168.195.80.0,255.255.252.0,7018
265443,168.195.92.0,255.255.254.0,7018
264228,168.195.100.0,255.255.252.0,54004
28114,168.195.108.0,255.255.252.0,54004
264759,168.195.116.0,255.255.252.0,7018
265434,168.195.132.0,255.255.252.0,7018
265421,168.195.136.0,255.255.255.0,54004
271027,168.195.156.0,255.255.252.0,54004
265426,168.195.164.0,255.255.252.0,54004
265436,168.195.168.0,255.255.252.0,7018
265437,168.195.176.0,255.255.252.0,54004
265438,168.195.212.0,255.255.252.0,54004
265442,168.196.40.0,255.255.252.0,54004
262360,168.196.44.0,255.255.252.0,54004
262908,168.196.56.0,255.255.252.0,54004
265455,168.196.76.0,255.255.252.0,54004
265448,168.196.100.0,255.255.255.0,54004
263289,168.196.128.0,255.255.255.0,54004
264768,168.196.140.0,255.255.252.0,7018
265465,168.196.160.0,255.255.252.0,54004
265468,168.196.164.0,255.255.252.0,54004
52777,168.196.168.0,255.255.252.0,54004
262469,168.196.172.0,255.255.252.0,54004
10778,168.196.184.0,255.255.252.0,54004
52848,168.196.188.0,255.255.252.0,54004
265457,168.196.192.0,255.255.252.0,54004
265471,168.196.210.0,255.255.254.0,7018
265472,168.196.212.0,255.255.252.0,54004
265462,168.196.220.0,255.255.252.0,54004
265463,168.197.12.0,255.255.252.0,7018
52947,168.197.16.0,255.255.252.0,54004
264985,168.197.28.0,255.255.252.0,54004
262880,168.197.52.0,255.255.252.0,54004
53043,168.197.60.0,255.255.252.0,54004
263518,168.197.84.0,255.255.252.0,54004
265478,168.197.92.0,255.255.254.0,54004
265477,168.197.104.0,255.255.252.0,54004
265482,168.197.140.0,255.255.252.0,54004
265485,168.197.156.0,255.255.252.0,7018
264773,168.197.172.0,255.255.252.0,7018
264788,168.197.189.0,255.255.255.0,7018
263252,168.197.228.0,255.255.252.0,54004
263151,168.205.24.0,255.255.252.0,54004
263674,168.205.44.0,255.255.252.0,54004
265363,168.205.48.0,255.255.252.0,7018
263641,168.205.60.0,255.255.252.0,54004
265354,168.205.68.0,255.255.252.0,54004
52780,168.205.84.0,255.255.254.0,54004
265364,168.205.88.0,255.255.252.0,54004
262519,168.205.104.0,255.255.252.0,7018
265365,168.205.128.0,255.255.252.0,54004
263145,168.205.136.0,255.255.252.0,54004
262642,168.205.140.0,255.255.252.0,54004
52944,168.205.152.0,255.255.252.0,54004
264864,168.205.168.0,255.255.254.0,7018
52794,168.205.180.0,255.255.252.0,54004
264867,168.205.224.0,255.255.255.0,7018
61795,168.205.244.0,255.255.255.0,54004
264892,168.205.252.0,255.255.252.0,7018
265780,168.227.20.0,255.255.255.0,54004
264883,168.227.40.0,255.255.252.0,54004
264872,168.227.48.0,255.255.252.0,54004
264880,168.227.56.0,255.255.252.0,7018
264876,168.227.60.0,255.255.252.0,54004
52940,168.227.76.0,255.255.252.0,7018
52603,168.227.100.0,255.255.252.0,54004
52330,168.227.104.0,255.255.255.0,54004
264891,168.227.112.0,255.255.252.0,54004
264879,168.227.124.0,255.255.252.0,7018
263526,168.227.136.0,255.255.252.0,7018
53240,168.227.148.0,255.255.252.0,7018
52898,168.227.156.0,255.255.252.0,54004
264881,168.227.172.0,255.255.252.0,54004
264886,168.227.180.0,255.255.252.0,54004
52988,168.227.189.0,255.255.255.0,7018
21574,168.227.200.0,255.255.252.0,7018
264830,168.227.204.0,255.255.254.0,7018
27987,168.227.206.0,255.255.255.0,7018
264888,168.227.212.0,255.255.252.0,7018
264897,168.227.224.0,255.255.252.0,54004
264898,168.227.248.0,255.255.252.0,54004
264899,168.228.4.0,255.255.252.0,54004
264900,168.228.8.0,255.255.252.0,54004
263057,168.228.16.0,255.255.252.0,54004
264909,168.228.80.0,255.255.252.0,54004
264906,168.228.84.0,255.255.252.0,54004
264913,168.228.88.0,255.255.252.0,54004
28309,168.228.96.0,255.255.252.0,54004
264917,168.228.112.0,255.255.252.0,54004
262698,168.228.120.0,255.255.252.0,54004
264953,168.228.148.0,255.255.252.0,54004
264939,168.228.152.0,255.255.252.0,54004
264911,168.228.156.0,255.255.252.0,54004
263341,168.228.160.0,255.255.252.0,54004
262611,168.228.168.0,255.255.252.0,7018
264926,168.228.176.0,255.255.252.0,7018
28642,168.228.180.0,255.255.252.0,54004
264927,168.228.184.0,255.255.252.0,7018
263137,168.228.196.0,255.255.252.0,7018
264929,168.228.216.0,255.255.252.0,54004
264915,168.228.220.0,255.255.252.0,54004
2716,168.228.252.0,255.255.252.0,54004
264920,168.232.4.0,255.255.252.0,54004
264949,168.232.44.0,255.255.252.0,54004
264935,168.232.64.0,255.255.252.0,54004
264936,168.232.80.0,255.255.252.0,54004
262787,168.232.92.0,255.255.252.0,54004
52387,168.232.96.0,255.255.252.0,7018
264940,168.232.124.0,255.255.252.0,54004
11815,168.232.140.0,255.255.252.0,7018
263450,168.232.156.0,255.255.252.0,54004
263626,168.232.176.0,255.255.252.0,54004
263563,168.232.180.0,255.255.252.0,7018
264947,168.232.192.0,255.255.252.0,7018
264948,168.232.196.0,255.255.252.0,54004
264954,168.232.200.0,255.255.252.0,54004
264960,168.232.204.0,255.255.252.0,54004
264956,168.232.208.0,255.255.252.0,7018
264959,168.232.212.0,255.255.252.0,54004
263614,168.232.220.0,255.255.252.0,54004
264952,168.232.240.0,255.255.252.0,54004
264955,168.232.252.0,255.255.252.0,54004
271968,168.243.76.0,255.255.255.0,7018
262179,168.243.88.0,255.255.248.0,54004
16592,168.243.206.0,255.255.255.0,54004
16668,168.245.132.0,255.255.255.0,54004
36338,168.245.141.0,255.255.255.0,7018
327908,168.253.120.0,255.255.255.0,7018
12161,169.131.48.0,255.255.252.0,7018
20249,169.196.0.0,255.255.254.0,54004
14115,169.202.5.0,255.255.255.0,54004
327981,169.239.16.0,255.255.252.0,7018
327889,169.239.28.0,255.255.252.0,7018
327922,169.239.44.0,255.255.252.0,7018
37436,169.239.104.0,255.255.255.0,7018
327972,169.239.168.0,255.255.252.0,54004
29606,169.239.184.0,255.255.252.0,54004
328360,169.239.228.0,255.255.255.0,7018
327985,169.239.232.0,255.255.255.0,7018
327982,169.239.240.0,255.255.252.0,7018
327926,169.255.28.0,255.255.252.0,7018
37639,169.255.44.0,255.255.255.0,7018
327833,169.255.88.0,255.255.252.0,7018
327885,169.255.184.0,255.255.252.0,54004
327894,169.255.228.0,255.255.252.0,7018
264957,170.0.0.0,255.255.252.0,7018
28668,170.0.20.0,255.255.252.0,54004
264974,170.0.52.0,255.255.252.0,54004
265008,170.0.60.0,255.255.252.0,54004
264963,170.0.68.0,255.255.252.0,54004
264966,170.0.96.0,255.255.254.0,54004
264968,170.0.104.0,255.255.252.0,7018
264969,170.0.112.0,255.255.252.0,54004
264972,170.0.128.0,255.255.252.0,54004
264982,170.0.132.0,255.255.255.0,54004
52745,170.0.144.0,255.255.252.0,54004
263055,170.0.172.0,255.255.252.0,54004
10269,170.0.180.0,255.255.252.0,54004
264983,170.0.236.0,255.255.252.0,7018
262301,170.0.248.0,255.255.252.0,54004
205627,170.2.122.0,255.255.254.0,54004
395555,170.10.64.0,255.255.255.0,54004
23410,170.24.0.0,255.255.254.0,7018
12187,170.28.16.0,255.255.254.0,7018
33229,170.39.24.0,255.255.254.0,7018
19850,170.39.72.0,255.255.255.0,54004
30482,170.39.75.0,255.255.255.0,54004
63279,170.39.203.0,255.255.255.0,54004
207609,170.39.231.0,255.255.255.0,7018
56488,170.62.206.0,255.255.255.0,7018
25761,170.62.253.0,255.255.255.0,7018
14201,170.65.32.0,255.255.252.0,54004
11993,170.66.0.0,255.255.128.0,54004
265491,170.78.0.0,255.255.252.0,54004
53201,170.78.12.0,255.255.252.0,7018
52587,170.78.29.0,255.255.255.0,54004
264796,170.78.40.0,255.255.254.0,7018
265496,170.78.60.0,255.255.255.0,7018
266269,170.78.96.0,255.255.252.0,54004
265694,170.78.136.0,255.255.252.0,7018
266272,170.78.148.0,255.255.252.0,54004
52860,170.78.156.0,255.255.252.0,54004
266298,170.78.172.0,255.255.252.0,7018
266275,170.78.180.0,255.255.252.0,54004
264785,170.78.184.0,255.255.255.0,7018
266286,170.78.216.0,255.255.252.0,54004
266280,170.78.228.0,255.255.252.0,54004
263338,170.78.244.0,255.255.252.0,54004
262273,170.79.12.0,255.255.255.0,54004
263566,170.79.28.0,255.255.252.0,7018
266282,170.79.76.0,255.255.252.0,54004
266284,170.79.84.0,255.255.255.0,7018
266291,170.79.120.0,255.255.252.0,54004
263486,170.79.128.0,255.255.252.0,54004
266308,170.79.140.0,255.255.252.0,54004
266294,170.79.152.0,255.255.252.0,54004
266302,170.79.168.0,255.255.252.0,54004
266309,170.79.176.0,255.255.252.0,7018
266300,170.79.188.0,255.255.252.0,54004
262378,170.79.192.0,255.255.255.0,54004
266304,170.79.200.0,255.255.252.0,54004
264806,170.79.232.0,255.255.252.0,54004
52612,170.79.249.0,255.255.255.0,54004
266365,170.80.4.0,255.255.255.0,7018
263603,170.80.12.0,255.255.252.0,54004
266380,170.80.40.0,255.255.252.0,54004
266374,170.80.48.0,255.255.252.0,54004
266375,170.80.52.0,255.255.252.0,54004
272730,170.80.60.0,255.255.252.0,54004
262514,170.80.64.0,255.255.252.0,54004
266371,170.80.76.0,255.255.252.0,54004
266410,170.80.80.0,255.255.254.0,54004
266376,170.80.112.0,255.255.254.0,54004
266384,170.80.144.0,255.255.252.0,7018
266388,170.80.156.0,255.255.252.0,54004
266382,170.80.184.0,255.255.252.0,54004
266391,170.80.192.0,255.255.254.0,54004
266385,170.80.224.0,255.255.252.0,54004
266381,170.80.244.0,255.255.255.0,54004
61872,170.81.44.0,255.255.252.0,7018
263634,170.81.48.0,255.255.252.0,54004
266401,170.81.60.0,255.255.252.0,54004
266409,170.81.68.0,255.255.252.0,54004
266394,170.81.76.0,255.255.252.0,54004
266399,170.81.92.0,255.255.252.0,7018
61618,170.81.100.0,255.255.252.0,54004
266416,170.81.108.0,255.255.255.0,54004
266406,170.81.120.0,255.255.254.0,54004
266428,170.81.152.0,255.255.252.0,54004
266414,170.81.156.0,255.255.252.0,54004
266420,170.81.160.0,255.255.252.0,54004
53121,170.81.180.0,255.255.255.0,54004
266430,170.81.200.0,255.255.252.0,54004
266423,170.81.208.0,255.255.252.0,54004
266425,170.81.232.0,255.255.252.0,54004
266439,170.81.248.0,255.255.252.0,54004
262437,170.82.8.0,255.255.252.0,54004
266440,170.82.20.0,255.255.252.0,54004
266441,170.82.28.0,255.255.255.0,7018
266438,170.82.48.0,255.255.252.0,54004
266434,170.82.52.0,255.255.252.0,54004
263266,170.82.108.0,255.255.252.0,54004
264836,170.82.112.0,255.255.255.0,54004
262428,170.82.152.0,255.255.252.0,54004
53152,170.82.160.0,255.255.252.0,54004
266446,170.82.192.0,255.255.252.0,54004
266457,170.82.200.0,255.255.252.0,7018
262588,170.82.204.0,255.255.254.0,54004
266456,170.82.212.0,255.255.252.0,54004
266448,170.82.220.0,255.255.252.0,54004
266460,170.82.252.0,255.255.252.0,54004
266454,170.83.0.0,255.255.252.0,54004
266465,170.83.12.0,255.255.252.0,54004
266451,170.83.24.0,255.255.252.0,54004
266453,170.83.36.0,255.255.254.0,7018
266471,170.83.48.0,255.255.252.0,54004
266481,170.83.88.0,255.255.252.0,54004
52817,170.83.92.0,255.255.252.0,54004
266467,170.83.112.0,255.255.252.0,54004
266468,170.83.144.0,255.255.252.0,54004
266470,170.83.152.0,255.255.252.0,54004
266483,170.83.156.0,255.255.252.0,54004
266487,170.83.184.0,255.255.254.0,54004
266476,170.83.196.0,255.255.252.0,54004
263470,170.83.200.0,255.255.252.0,54004
53236,170.83.204.0,255.255.252.0,54004
52593,170.83.208.0,255.255.252.0,54004
263482,170.83.212.0,255.255.252.0,54004
266477,170.83.228.0,255.255.252.0,54004
264989,170.84.16.0,255.255.255.0,54004
265029,170.84.24.0,255.255.252.0,54004
265019,170.84.36.0,255.255.252.0,54004
263009,170.84.52.0,255.255.252.0,7018
265006,170.84.60.0,255.255.252.0,54004
264988,170.84.70.0,255.255.255.0,7018
264999,170.84.76.0,255.255.252.0,54004
264991,170.84.92.0,255.255.252.0,54004
264993,170.84.116.0,255.255.252.0,54004
28073,170.84.128.0,255.255.252.0,7018
265017,170.84.140.0,255.255.252.0,54004
264997,170.84.144.0,255.255.252.0,7018
264998,170.84.156.0,255.255.252.0,54004
265016,170.84.164.0,255.255.252.0,54004
265015,170.84.180.0,255.255.252.0,7018
16629,170.84.208.0,255.255.252.0,7018
265037,170.84.220.0,255.255.252.0,7018
265028,170.84.248.0,255.255.255.0,54004
394542,170.117.216.0,255.255.252.0,7018
19273,170.119.0.0,255.255.255.0,54004
263003,170.150.16.0,255.255.252.0,7018
61826,170.150.20.0,255.255.252.0,54004
53246,170.150.40.0,255.255.252.0,54004
265025,170.150.48.0,255.255.252.0,54004
262932,170.150.64.0,255.255.252.0,7018
28636,170.150.68.0,255.255.252.0,54004
265032,170.150.72.0,255.255.252.0,54004
265027,170.150.96.0,255.255.252.0,54004
61828,170.150.132.0,255.255.252.0,54004
265038,170.150.200.0,255.255.252.0,54004
263290,170.150.208.0,255.255.255.0,54004
265036,170.150.224.0,255.255.252.0,54004
61918,170.150.232.0,255.255.252.0,7018
265044,170.150.244.0,255.255.252.0,54004
52565,170.150.248.0,255.255.252.0,54004
27967,170.155.0.0,255.255.192.0,7018
46158,170.158.0.0,255.255.0.0,54004
11516,170.161.2.0,255.255.255.0,7018
10583,170.163.0.0,255.255.0.0,7018
26517,170.189.12.0,255.255.255.0,7018
4270,170.210.0.0,255.255.0.0,7018
27790,170.210.248.0,255.255.248.0,7018
11740,170.218.32.0,255.255.240.0,7018
265043,170.231.28.0,255.255.252.0,7018
27851,170.231.36.0,255.255.252.0,7018
265061,170.231.56.0,255.255.252.0,7018
27833,170.231.76.0,255.255.252.0,54004
53022,170.231.84.0,255.255.252.0,7018
265065,170.231.96.0,255.255.252.0,54004
265053,170.231.108.0,255.255.252.0,54004
265055,170.231.120.0,255.255.252.0,54004
264723,170.231.124.0,255.255.252.0,54004
265063,170.231.192.0,255.255.252.0,54004
262367,170.231.212.0,255.255.252.0,7018
263573,170.231.240.0,255.255.252.0,54004
52531,170.233.12.0,255.255.255.0,7018
265085,170.233.24.0,255.255.252.0,7018
265086,170.233.32.0,255.255.252.0,7018
52547,170.233.52.0,255.255.252.0,54004
53057,170.233.84.0,255.255.252.0,54004
265077,170.233.96.0,255.255.252.0,54004
265093,170.233.104.0,255.255.252.0,54004
265078,170.233.112.0,255.255.252.0,54004
265080,170.233.120.0,255.255.254.0,54004
265088,170.233.140.0,255.255.252.0,54004
265067,170.233.188.0,255.255.252.0,54004
265098,170.233.236.0,255.255.252.0,54004
61920,170.233.244.0,255.255.252.0,7018
265091,170.233.248.0,255.255.252.0,54004
11534,170.235.0.0,255.255.0.0,7018
61928,170.238.4.0,255.255.252.0,54004
266317,170.238.44.0,255.255.255.0,54004
266312,170.238.56.0,255.255.252.0,54004
264798,170.238.66.0,255.255.255.0,54004
266315,170.238.104.0,255.255.252.0,7018
266337,170.238.112.0,255.255.254.0,54004
266322,170.238.120.0,255.255.252.0,54004
266319,170.238.128.0,255.255.254.0,7018
264814,170.238.200.0,255.255.252.0,54004
273568,170.238.212.0,255.255.252.0,7018
52428,170.238.240.0,255.255.255.0,7018
52878,170.239.0.0,255.255.255.0,54004
266345,170.239.16.0,255.255.254.0,54004
266341,170.239.60.0,255.255.252.0,54004
53169,170.239.68.0,255.255.252.0,7018
52765,170.239.72.0,255.255.252.0,7018
266355,170.239.104.0,255.255.254.0,54004
266348,170.239.108.0,255.255.252.0,54004
262664,170.239.124.0,255.255.252.0,7018
263110,170.239.132.0,255.255.252.0,54004
266353,170.239.140.0,255.255.252.0,54004
266361,170.239.144.0,255.255.255.0,54004
263415,170.239.160.0,255.255.252.0,7018
264815,170.239.168.0,255.255.252.0,7018
264740,170.239.180.0,255.255.252.0,7018
266354,170.239.184.0,255.255.252.0,54004
265629,170.239.204.0,255.255.255.0,54004
266358,170.239.212.0,255.255.252.0,7018
266396,170.239.228.0,255.255.252.0,7018
266360,170.239.252.0,255.255.252.0,54004
52699,170.244.0.0,255.255.252.0,54004
266513,170.244.16.0,255.255.252.0,54004
266489,170.244.24.0,255.255.252.0,7018
263608,170.244.28.0,255.255.252.0,54004
272757,170.244.36.0,255.255.252.0,54004
266479,170.244.44.0,255.255.252.0,54004
266492,170.244.64.0,255.255.252.0,54004
266498,170.244.72.0,255.255.252.0,54004
266505,170.244.76.0,255.255.252.0,54004
266493,170.244.84.0,255.255.252.0,54004
266499,170.244.148.0,255.255.252.0,54004
266504,170.244.160.0,255.255.252.0,54004
266502,170.244.172.0,255.255.252.0,54004
266013,170.244.200.0,255.255.255.0,7018
263496,170.244.216.0,255.255.252.0,54004
266523,170.244.228.0,255.255.252.0,54004
262770,170.244.244.0,255.255.252.0,54004
266519,170.245.8.0,255.255.252.0,54004
11562,170.245.34.0,255.255.255.0,54004
266014,170.245.44.0,255.255.252.0,54004
266516,170.245.64.0,255.255.252.0,54004
267450,170.245.80.0,255.255.252.0,7018
262761,170.245.104.0,255.255.252.0,54004
266022,170.245.124.0,255.255.252.0,54004
266524,170.245.176.0,255.255.254.0,54004
262504,170.245.196.0,255.255.252.0,54004
266019,170.245.204.0,255.255.252.0,7018
266030,170.245.244.0,255.255.255.0,54004
262379,170.246.44.0,255.255.252.0,54004
266029,170.246.60.0,255.255.252.0,54004
266034,170.246.116.0,255.255.252.0,7018
265656,170.246.172.0,255.255.252.0,54004
266031,170.246.252.0,255.255.255.0,54004
52714,170.247.12.0,255.255.252.0,54004
263324,170.247.20.0,255.255.252.0,54004
262593,170.247.24.0,255.255.252.0,54004
272193,170.247.108.0,255.255.252.0,54004
394353,170.247.170.0,255.255.254.0,54004
271245,170.247.184.0,255.255.252.0,7018
53014,170.247.196.0,255.255.252.0,54004
264827,170.247.204.0,255.255.252.0,7018
61792,170.247.236.0,255.255.252.0,54004
263648,170.247.248.0,255.255.252.0,7018
263528,170.254.4.0,255.255.252.0,54004
265095,170.254.24.0,255.255.252.0,54004
28169,170.254.40.0,255.255.252.0,54004
61901,170.254.52.0,255.255.254.0,54004
265100,170.254.80.0,255.255.252.0,54004
265103,170.254.100.0,255.255.252.0,54004
265113,170.254.108.0,255.255.252.0,54004
262322,170.254.112.0,255.255.252.0,7018
271008,170.254.120.0,255.255.255.0,7018
265106,170.254.132.0,255.255.252.0,7018
265398,170.254.144.0,255.255.252.0,54004
52372,170.254.164.0,255.255.252.0,7018
265111,170.254.192.0,255.255.252.0,54004
271007,170.254.236.0,255.255.252.0,54004
265385,170.254.248.0,255.255.252.0,54004
52584,170.254.252.0,255.255.252.0,54004
49353,171.22.164.0,255.255.252.0,7018
62093,171.22.211.0,255.255.255.0,7018
3221,171.22.244.0,255.255.252.0,7018
202780,171.25.147.0,255.255.255.0,7018
57701,171.25.182.0,255.255.255.0,7018
198093,171.25.193.0,255.255.255.0,7018
198416,171.25.196.0,255.255.252.0,7018
198418,171.25.230.0,255.255.255.0,7018
57700,171.25.232.0,255.255.252.0,54004
55514,171.102.38.0,255.255.255.0,54004
10794,171.153.32.0,255.255.255.0,54004
23374,172.82.124.0,255.255.252.0,7018
26531,172.84.0.0,255.255.192.0,7018
393968,172.85.76.0,255.255.255.0,54004
31823,172.86.238.0,255.255.255.0,7018
399668,172.98.26.0,255.255.254.0,7018
399899,172.98.52.0,255.255.255.0,54004
399327,172.99.152.0,255.255.252.0,7018
399199,172.99.192.0,255.255.255.0,7018
395075,172.102.16.0,255.255.240.0,7018
25948,172.110.129.0,255.255.255.0,7018
272110,172.121.177.0,255.255.255.0,7018
36483,172.255.48.0,255.255.252.0,7018
397781,173.205.220.0,255.255.255.0,7018
25715,173.225.32.0,255.255.240.0,7018
16842,173.229.0.0,255.255.252.0,7018
53999,173.237.208.0,255.255.240.0,7018
36372,173.242.144.0,255.255.240.0,7018
21577,173.250.240.0,255.255.240.0,54004
11737,173.251.30.0,255.255.255.0,7018
13599,173.251.54.0,255.255.255.0,7018
22225,173.251.60.0,255.255.255.0,7018
25785,174.46.238.0,255.255.255.0,54004
25738,174.47.123.0,255.255.255.0,7018
14642,174.127.198.0,255.255.255.0,54004
25795,174.136.96.0,255.255.240.0,54004
19383,174.136.128.0,255.255.255.0,7018
17469,175.29.124.0,255.255.252.0,54004
17754,175.101.0.0,255.255.255.0,7018
3662,175.159.254.0,255.255.255.0,7018
56800,176.10.40.0,255.255.248.0,7018
197825,176.10.56.0,255.255.255.0,7018
57279,176.12.112.0,255.255.240.0,7018
198580,176.53.193.0,255.255.255.0,54004
39097,176.57.249.0,255.255.255.0,7018
198230,176.58.16.0,255.255.252.0,7018
199252,176.58.23.0,255.255.255.0,7018
49985,176.62.224.0,255.255.240.0,7018
196983,176.65.80.0,255.255.255.0,7018
197981,176.67.88.0,255.255.248.0,7018
35613,176.74.128.0,255.255.224.0,7018
197956,176.96.32.0,255.255.240.0,7018
50029,176.96.64.0,255.255.255.0,7018
48978,176.96.80.0,255.255.255.0,7018
64486,176.96.229.0,255.255.255.0,7018
57288,176.97.8.0,255.255.248.0,7018
57219,176.97.48.0,255.255.255.0,7018
59958,176.97.52.0,255.255.252.0,7018
57333,176.97.160.0,255.255.224.0,7018
48610,176.97.194.0,255.255.255.0,7018
210270,176.98.36.0,255.255.252.0,54004
41096,176.98.64.0,255.255.224.0,54004
198151,176.98.112.0,255.255.248.0,7018
62099,176.98.248.0,255.255.252.0,7018
50121,176.99.48.0,255.255.248.0,7018
44030,176.99.64.0,255.255.224.0,7018
49718,176.100.64.0,255.255.192.0,7018
201512,176.101.90.0,255.255.255.0,7018
49588,176.101.192.0,255.255.224.0,54004
198235,176.102.80.0,255.255.240.0,7018
207156,176.102.176.0,255.255.248.0,7018
39822,176.102.192.0,255.255.224.0,54004
42510,176.103.64.0,255.255.248.0,54004
21096,176.103.114.0,255.255.254.0,54004
198371,176.104.104.0,255.255.255.0,7018
48683,176.104.240.0,255.255.248.0,54004
43440,176.105.235.0,255.255.255.0,7018
201395,176.105.240.0,255.255.255.0,54004
34265,176.106.0.0,255.255.248.0,54004
42104,176.106.64.0,255.255.224.0,7018
44629,176.106.192.0,255.255.224.0,54004
57760,176.107.16.0,255.255.255.0,54004
57800,176.108.0.0,255.255.224.0,7018
198490,176.108.128.0,255.255.248.0,7018
39422,176.108.232.0,255.255.248.0,54004
47655,176.111.72.0,255.255.248.0,7018
62410,176.111.96.0,255.255.252.0,54004
198642,176.111.224.0,255.255.240.0,7018
44988,176.112.64.0,255.255.252.0,7018
49124,176.112.88.0,255.255.255.0,54004
198616,176.112.96.0,255.255.240.0,54004
50911,176.112.224.0,255.255.224.0,54004
197400,176.113.192.0,255.255.240.0,7018
58055,176.113.208.0,255.255.240.0,54004
58067,176.114.16.0,255.255.240.0,7018
198709,176.114.232.0,255.255.248.0,7018
58350,176.115.0.0,255.255.224.0,7018
41743,176.115.136.0,255.255.248.0,7018
199042,176.115.168.0,255.255.248.0,7018
198766,176.115.240.0,255.255.240.0,7018
59560,176.116.145.0,255.255.255.0,7018
199091,176.116.148.0,255.255.252.0,7018
58158,176.117.128.0,255.255.224.0,7018
205711,176.118.0.0,255.255.252.0,7018
201624,176.118.199.0,255.255.255.0,54004
210055,176.119.134.0,255.255.255.0,7018
59606,176.119.142.0,255.255.255.0,54004
208103,176.119.206.0,255.255.255.0,7018
207767,176.119.209.0,255.255.255.0,7018
56457,176.119.210.0,255.255.255.0,7018
211700,176.119.212.0,255.255.255.0,7018
60557,176.119.215.0,255.255.255.0,7018
61363,176.119.216.0,255.255.255.0,7018
59444,176.121.80.0,255.255.252.0,7018
199416,176.121.112.0,255.255.240.0,7018
59517,176.122.200.0,255.255.255.0,7018
199061,176.122.212.0,255.255.252.0,7018
209921,176.122.240.0,255.255.252.0,7018
198076,176.123.49.0,255.255.255.0,54004
59506,176.123.64.0,255.255.192.0,7018
59515,176.123.192.0,255.255.254.0,7018
59665,176.124.144.0,255.255.252.0,54004
51596,176.124.150.0,255.255.254.0,54004
199197,176.124.190.0,255.255.255.0,7018
199188,176.124.191.0,255.255.255.0,7018
205363,176.124.240.0,255.255.255.0,7018
60341,176.124.253.0,255.255.255.0,7018
44172,176.126.0.0,255.255.224.0,54004
56600,176.126.128.0,255.255.224.0,54004
50324,176.126.216.0,255.255.252.0,7018
57746,176.223.96.0,255.255.254.0,7018
57588,176.241.80.0,255.255.255.0,7018
8167,177.0.0.0,255.255.0.0,7018
262830,177.8.32.0,255.255.252.0,54004
273779,177.8.69.0,255.255.255.0,54004
273663,177.8.71.0,255.255.255.0,54004
52890,177.8.80.0,255.255.240.0,54004
263028,177.8.112.0,255.255.240.0,54004
270581,177.8.132.0,255.255.252.0,54004
262720,177.8.192.0,255.255.240.0,54004
53191,177.8.216.0,255.255.252.0,7018
262841,177.10.24.0,255.255.252.0,54004
262842,177.10.32.0,255.255.248.0,54004
263591,177.10.44.0,255.255.252.0,54004
53234,177.10.64.0,255.255.255.0,7018
262846,177.10.80.0,255.255.248.0,54004
263442,177.10.92.0,255.255.252.0,54004
53235,177.10.112.0,255.255.252.0,54004
262851,177.10.144.0,255.255.248.0,54004
53238,177.10.160.0,255.255.248.0,54004
263019,177.10.168.0,255.255.252.0,54004
263601,177.10.172.0,255.255.252.0,54004
262854,177.10.192.0,255.255.248.0,7018
262302,177.10.204.0,255.255.252.0,54004
262856,177.10.208.0,255.255.248.0,7018
263036,177.10.216.0,255.255.252.0,7018
262861,177.10.224.0,255.255.248.0,54004
52754,177.11.31.0,255.255.255.0,7018
53243,177.11.48.0,255.255.252.0,54004
52934,177.11.60.0,255.255.252.0,54004
262872,177.11.64.0,255.255.248.0,54004
53209,177.11.136.0,255.255.248.0,7018
52903,177.11.168.0,255.255.254.0,54004
262885,177.11.240.0,255.255.252.0,7018
28665,177.12.0.0,255.255.192.0,7018
52967,177.12.81.0,255.255.255.0,54004
53118,177.12.96.0,255.255.240.0,54004
28188,177.12.132.0,255.255.255.0,54004
267464,177.12.135.0,255.255.255.0,54004
263033,177.12.176.0,255.255.240.0,54004
270751,177.12.220.0,255.255.255.0,54004
61568,177.12.224.0,255.255.254.0,54004
262866,177.12.240.0,255.255.240.0,54004
11338,177.13.0.0,255.255.240.0,54004
53237,177.14.64.0,255.255.224.0,54004
18881,177.16.0.0,255.252.0.0,7018
262857,177.20.128.0,255.255.224.0,54004
263084,177.21.48.0,255.255.240.0,54004
53088,177.21.80.0,255.255.240.0,7018
262876,177.21.160.0,255.255.224.0,7018
52952,177.22.16.0,255.255.240.0,54004
52981,177.22.32.0,255.255.240.0,7018
52958,177.22.128.0,255.255.240.0,7018
262901,177.22.192.0,255.255.240.0,7018
28264,177.22.240.0,255.255.248.0,54004
262357,177.22.252.0,255.255.254.0,7018
270868,177.23.48.0,255.255.252.0,54004
52906,177.23.56.0,255.255.248.0,7018
262268,177.23.88.0,255.255.248.0,7018
52907,177.23.104.0,255.255.252.0,54004
52908,177.23.120.0,255.255.248.0,54004
262896,177.23.144.0,255.255.248.0,54004
52911,177.23.152.0,255.255.248.0,54004
52960,177.23.160.0,255.255.255.0,54004
262898,177.23.176.0,255.255.248.0,54004
262903,177.23.208.0,255.255.252.0,7018
52970,177.23.222.0,255.255.254.0,54004
52963,177.23.224.0,255.255.248.0,54004
52938,177.23.232.0,255.255.248.0,54004
262906,177.23.248.0,255.255.255.0,54004
28573,177.32.0.0,255.255.0.0,7018
271042,177.36.16.0,255.255.252.0,54004
262909,177.36.48.0,255.255.240.0,54004
271211,177.36.72.0,255.255.252.0,54004
52972,177.36.96.0,255.255.240.0,54004
262401,177.36.128.0,255.255.255.0,54004
53070,177.36.224.0,255.255.240.0,7018
262462,177.37.0.0,255.255.240.0,54004
270606,177.37.16.0,255.255.252.0,54004
270675,177.37.24.0,255.255.252.0,54004
52893,177.37.48.0,255.255.254.0,54004
262418,177.37.96.0,255.255.255.0,54004
262808,177.37.112.0,255.255.240.0,7018
28126,177.37.128.0,255.255.128.0,7018
52964,177.38.0.0,255.255.248.0,54004
262911,177.38.48.0,255.255.248.0,54004
262402,177.38.80.0,255.255.240.0,54004
262403,177.38.96.0,255.255.248.0,7018
52758,177.38.184.0,255.255.248.0,54004
262409,177.38.192.0,255.255.248.0,7018
52759,177.38.200.0,255.255.255.0,54004
262411,177.38.208.0,255.255.252.0,54004
262412,177.38.216.0,255.255.252.0,54004
28216,177.38.224.0,255.255.254.0,54004
52994,177.39.4.0,255.255.252.0,7018
262416,177.39.32.0,255.255.254.0,54004
271615,177.39.96.0,255.255.252.0,54004
52772,177.39.156.0,255.255.252.0,54004
52770,177.39.184.0,255.255.248.0,7018
52774,177.39.196.0,255.255.252.0,54004
52978,177.39.200.0,255.255.252.0,54004
262433,177.39.208.0,255.255.248.0,54004
52795,177.39.216.0,255.255.248.0,54004
52979,177.39.224.0,255.255.248.0,54004
28202,177.44.0.0,255.255.128.0,54004
262424,177.44.128.0,255.255.255.0,54004
262434,177.44.160.0,255.255.240.0,54004
53173,177.44.176.0,255.255.248.0,54004
263139,177.44.220.0,255.255.252.0,54004
262441,177.44.240.0,255.255.240.0,54004
19182,177.45.0.0,255.255.0.0,7018
28135,177.46.0.0,255.255.128.0,54004
28166,177.46.128.0,255.255.128.0,7018
262480,177.47.80.0,255.255.248.0,54004
28271,177.47.96.0,255.255.224.0,7018
52993,177.47.128.0,255.255.240.0,7018
262283,177.47.176.0,255.255.240.0,7018
262473,177.47.208.0,255.255.240.0,54004
52995,177.47.224.0,255.255.240.0,54004
262478,177.47.240.0,255.255.240.0,54004
262435,177.52.16.0,255.255.255.0,54004
52997,177.52.102.0,255.255.255.0,54004
52782,177.52.132.0,255.255.252.0,7018
52820,177.52.174.0,255.255.254.0,54004
262450,177.52.192.0,255.255.248.0,7018
262452,177.52.216.0,255.255.254.0,54004
262454,177.52.248.0,255.255.252.0,54004
52990,177.53.16.0,255.255.255.0,54004
270864,177.53.24.0,255.255.254.0,54004
262457,177.53.32.0,255.255.248.0,54004
262458,177.53.48.0,255.255.248.0,54004
262463,177.53.80.0,255.255.248.0,54004
262475,177.53.176.0,255.255.252.0,54004
262476,177.53.184.0,255.255.252.0,7018
53020,177.53.192.0,255.255.252.0,54004
53138,177.53.224.0,255.255.248.0,54004
263434,177.53.236.0,255.255.252.0,54004
262889,177.54.32.0,255.255.240.0,54004
28292,177.54.48.0,255.255.240.0,54004
28154,177.54.64.0,255.255.240.0,54004
53142,177.54.112.0,255.255.252.0,54004
262456,177.54.128.0,255.255.240.0,7018
52991,177.54.160.0,255.255.240.0,54004
28596,177.54.208.0,255.255.240.0,7018
262299,177.54.240.0,255.255.254.0,7018
53003,177.55.128.0,255.255.240.0,54004
262505,177.55.144.0,255.255.240.0,54004
262507,177.55.160.0,255.255.252.0,54004
52837,177.66.4.0,255.255.255.0,7018
52649,177.66.6.0,255.255.255.0,54004
262487,177.66.17.0,255.255.255.0,54004
52841,177.66.24.0,255.255.252.0,54004
52843,177.66.40.0,255.255.248.0,54004
52845,177.66.72.0,255.255.252.0,54004
262490,177.66.80.0,255.255.248.0,54004
262496,177.66.128.0,255.255.248.0,54004
262499,177.66.152.0,255.255.252.0,54004
262501,177.66.168.0,255.255.252.0,54004
52798,177.66.196.0,255.255.252.0,7018
52660,177.66.248.0,255.255.248.0,54004
52662,177.67.24.0,255.255.252.0,7018
272430,177.67.34.0,255.255.255.0,54004
53010,177.67.48.0,255.255.255.0,7018
262477,177.67.63.0,255.255.255.0,7018
53013,177.67.80.0,255.255.252.0,54004
262517,177.67.96.0,255.255.248.0,54004
262526,177.67.192.0,255.255.248.0,54004
262527,177.67.208.0,255.255.248.0,54004
52679,177.67.216.0,255.255.254.0,54004
262583,177.67.253.0,255.255.255.0,54004
16735,177.69.0.0,255.255.0.0,7018
28209,177.70.0.0,255.255.224.0,54004
262545,177.70.96.0,255.255.248.0,54004
53019,177.70.160.0,255.255.240.0,54004
28359,177.70.192.0,255.255.240.0,54004
53217,177.70.208.0,255.255.240.0,54004
270630,177.70.244.0,255.255.254.0,54004
28254,177.71.16.0,255.255.248.0,54004
271340,177.71.104.0,255.255.252.0,7018
52814,177.72.8.0,255.255.248.0,54004
262539,177.72.24.0,255.255.252.0,54004
262540,177.72.32.0,255.255.248.0,54004
262541,177.72.48.0,255.255.248.0,7018
262558,177.72.112.0,255.255.254.0,54004
53017,177.72.120.0,255.255.248.0,54004
272505,177.72.144.0,255.255.254.0,54004
52818,177.72.148.0,255.255.252.0,54004
52870,177.72.152.0,255.255.252.0,7018
262548,177.72.160.0,255.255.252.0,7018
52827,177.72.164.0,255.255.252.0,54004
52687,177.72.196.0,255.255.252.0,54004
28283,177.72.224.0,255.255.248.0,7018
262629,177.72.252.0,255.255.254.0,7018
28637,177.72.255.0,255.255.255.0,7018
52683,177.73.8.0,255.255.248.0,54004
52685,177.73.24.0,255.255.248.0,7018
52696,177.73.44.0,255.255.255.0,7018
52698,177.73.68.0,255.255.252.0,54004
262566,177.73.72.0,255.255.252.0,7018
52704,177.73.92.0,255.255.252.0,54004
262567,177.73.96.0,255.255.248.0,7018
52688,177.73.104.0,255.255.252.0,7018
52689,177.73.120.0,255.255.252.0,7018
262570,177.73.144.0,255.255.252.0,54004
262571,177.73.160.0,255.255.248.0,54004
262572,177.73.176.0,255.255.248.0,54004
53016,177.74.0.0,255.255.192.0,54004
263378,177.74.80.0,255.255.240.0,7018
263380,177.74.112.0,255.255.248.0,54004
271054,177.74.168.0,255.255.254.0,54004
270738,177.74.196.0,255.255.254.0,54004
263652,177.74.224.0,255.255.252.0,54004
28178,177.75.0.0,255.255.240.0,7018
263647,177.75.24.0,255.255.248.0,7018
53087,177.75.64.0,255.255.240.0,7018
52819,177.75.112.0,255.255.252.0,54004
61851,177.75.224.0,255.255.240.0,7018
273704,177.84.31.0,255.255.255.0,7018
262578,177.84.32.0,255.255.252.0,54004
262579,177.84.49.0,255.255.255.0,54004
28171,177.84.64.0,255.255.248.0,7018
52719,177.84.72.0,255.255.255.0,54004
263534,177.84.76.0,255.255.252.0,54004
52711,177.84.88.0,255.255.252.0,54004
52724,177.84.92.0,255.255.252.0,54004
262586,177.84.128.0,255.255.252.0,7018
52729,177.84.216.0,255.255.248.0,54004
262594,177.84.240.0,255.255.248.0,54004
271263,177.85.8.0,255.255.252.0,54004
262597,177.85.32.0,255.255.248.0,54004
262600,177.85.64.0,255.255.248.0,54004
262608,177.85.128.0,255.255.255.0,54004
52548,177.85.136.0,255.255.252.0,54004
52569,177.85.155.0,255.255.255.0,54004
262609,177.85.160.0,255.255.252.0,54004
52554,177.85.200.0,255.255.255.0,54004
53213,177.85.228.0,255.255.252.0,54004
270602,177.85.240.0,255.255.252.0,54004
270603,177.85.244.0,255.255.252.0,7018
52557,177.86.8.0,255.255.248.0,7018
262620,177.86.16.0,255.255.248.0,54004
52550,177.86.44.0,255.255.252.0,7018
52561,177.86.76.0,255.255.252.0,7018
262506,177.86.96.0,255.255.248.0,54004
52570,177.86.116.0,255.255.252.0,54004
52852,177.86.120.0,255.255.255.0,54004
271080,177.86.136.0,255.255.252.0,54004
262634,177.86.176.0,255.255.248.0,54004
263377,177.86.236.0,255.255.252.0,54004
28338,177.87.24.0,255.255.255.0,54004
263097,177.87.57.0,255.255.255.0,54004
52591,177.87.68.0,255.255.252.0,54004
28334,177.87.88.0,255.255.252.0,54004
262655,177.87.100.0,255.255.254.0,54004
263511,177.87.120.0,255.255.254.0,54004
262303,177.87.136.0,255.255.252.0,7018
263387,177.87.156.0,255.255.252.0,54004
262304,177.87.160.0,255.255.248.0,54004
262306,177.87.176.0,255.255.252.0,54004
262310,177.87.240.0,255.255.248.0,54004
263389,177.87.252.0,255.255.252.0,54004
61895,177.91.16.0,255.255.254.0,54004
61899,177.91.68.0,255.255.252.0,7018
263433,177.91.80.0,255.255.248.0,54004
262317,177.91.120.0,255.255.248.0,54004
263443,177.91.132.0,255.255.252.0,54004
263295,177.91.140.0,255.255.255.0,54004
263445,177.91.164.0,255.255.252.0,54004
28306,177.91.176.0,255.255.240.0,7018
263120,177.92.144.0,255.255.248.0,7018
28279,177.92.224.0,255.255.240.0,54004
262606,177.92.240.0,255.255.248.0,54004
52861,177.93.144.0,255.255.248.0,54004
263153,177.93.152.0,255.255.248.0,7018
263159,177.93.160.0,255.255.255.0,54004
52869,177.93.184.0,255.255.252.0,7018
53075,177.93.192.0,255.255.224.0,7018
28663,177.93.224.0,255.255.240.0,54004
262668,177.101.176.0,255.255.240.0,54004
262624,177.104.16.0,255.255.248.0,54004
262742,177.104.32.0,255.255.224.0,54004
28640,177.104.128.0,255.255.240.0,54004
262632,177.104.192.0,255.255.240.0,7018
52657,177.104.240.0,255.255.240.0,54004
262637,177.105.64.0,255.255.240.0,54004
28634,177.105.128.0,255.255.240.0,54004
262653,177.105.208.0,255.255.240.0,54004
262313,177.105.224.0,255.255.240.0,54004
263609,177.105.240.0,255.255.252.0,54004
53101,177.107.208.0,255.255.248.0,7018
262311,177.124.0.0,255.255.248.0,54004
262312,177.124.16.0,255.255.252.0,54004
262320,177.124.96.0,255.255.252.0,54004
28133,177.124.134.0,255.255.254.0,7018
270541,177.124.152.0,255.255.252.0,54004
262328,177.124.176.0,255.255.252.0,54004
52607,177.125.56.0,255.255.255.0,7018
52611,177.125.120.0,255.255.252.0,54004
52641,177.125.132.0,255.255.252.0,54004
53132,177.125.144.0,255.255.248.0,54004
263396,177.125.252.0,255.255.252.0,54004
262338,177.126.64.0,255.255.240.0,54004
263520,177.126.152.0,255.255.248.0,54004
262361,177.128.0.0,255.255.248.0,54004
52631,177.128.24.0,255.255.248.0,54004
262364,177.128.32.0,255.255.248.0,54004
52638,177.128.56.0,255.255.248.0,54004
52643,177.128.72.0,255.255.248.0,7018
262365,177.128.80.0,255.255.248.0,7018
262805,177.128.92.0,255.255.252.0,54004
262385,177.128.104.0,255.255.248.0,7018
28148,177.128.116.0,255.255.255.0,54004
28253,177.128.117.0,255.255.255.0,7018
28196,177.128.118.0,255.255.254.0,54004
28587,177.128.184.0,255.255.248.0,7018
262381,177.128.240.0,255.255.248.0,7018
262383,177.129.0.0,255.255.252.0,7018
262807,177.129.16.0,255.255.248.0,7018
263063,177.129.75.0,255.255.255.0,7018
52538,177.129.111.0,255.255.255.0,7018
52541,177.129.156.0,255.255.252.0,54004
52876,177.129.176.0,255.255.252.0,54004
262940,177.129.204.0,255.255.252.0,54004
270888,177.129.240.0,255.255.254.0,54004
28260,177.130.0.0,255.255.240.0,54004
52551,177.130.112.0,255.255.240.0,54004
270782,177.131.132.0,255.255.252.0,54004
28615,177.131.192.0,255.255.224.0,54004
28624,177.131.197.0,255.255.255.0,54004
52871,177.136.0.0,255.255.248.0,7018
263600,177.136.64.0,255.255.248.0,7018
263606,177.136.72.0,255.255.254.0,54004
263109,177.136.76.0,255.255.254.0,54004
263595,177.136.176.0,255.255.248.0,54004
53050,177.136.192.0,255.255.248.0,54004
52600,177.137.112.0,255.255.248.0,54004
263053,177.137.128.0,255.255.254.0,54004
53163,177.137.190.0,255.255.255.0,54004
263087,177.137.208.0,255.255.240.0,54004
28173,177.137.224.0,255.255.240.0,7018
52748,177.137.248.0,255.255.252.0,7018
262399,177.152.0.0,255.255.224.0,7018
52527,177.152.80.0,255.255.255.0,54004
270585,177.152.96.0,255.255.252.0,54004
270586,177.152.100.0,255.255.252.0,54004
271477,177.152.124.0,255.255.254.0,54004
52542,177.152.144.0,255.255.248.0,7018
27715,177.153.0.0,255.255.224.0,54004
262945,177.154.24.0,255.255.252.0,7018
262949,177.154.80.0,255.255.248.0,54004
262688,177.154.96.0,255.255.240.0,54004
262288,177.154.160.0,255.255.248.0,7018
263583,177.155.80.0,255.255.252.0,7018
263129,177.155.84.0,255.255.254.0,54004
263616,177.155.112.0,255.255.240.0,7018
52752,177.155.163.0,255.255.255.0,54004
262828,177.155.192.0,255.255.248.0,54004
263620,177.155.232.0,255.255.248.0,54004
26592,177.184.7.0,255.255.255.0,54004
28368,177.184.128.0,255.255.248.0,54004
52923,177.184.176.0,255.255.240.0,54004
52924,177.184.224.0,255.255.255.0,54004
52927,177.185.32.0,255.255.248.0,7018
52930,177.185.48.0,255.255.240.0,54004
52931,177.185.96.0,255.255.248.0,54004
272606,177.185.104.0,255.255.254.0,54004
52932,177.185.112.0,255.255.248.0,54004
263599,177.185.208.0,255.255.240.0,7018
262659,177.185.224.0,255.255.240.0,7018
263135,177.190.72.0,255.255.248.0,54004
22356,177.190.96.0,255.255.240.0,7018
263452,177.190.128.0,255.255.252.0,7018
263456,177.190.144.0,255.255.255.0,54004
263461,177.190.148.0,255.255.252.0,54004
263457,177.190.152.0,255.255.255.0,54004
262731,177.190.192.0,255.255.240.0,54004
263464,177.190.216.0,255.255.255.0,54004
52781,177.200.48.0,255.255.240.0,7018
270917,177.200.136.0,255.255.252.0,7018
270916,177.200.140.0,255.255.252.0,54004
263660,177.221.48.0,255.255.248.0,54004
52654,177.221.96.0,255.255.240.0,7018
270737,177.221.136.0,255.255.252.0,54004
270014,177.221.140.0,255.255.254.0,54004
270735,177.221.142.0,255.255.254.0,7018
52682,177.221.192.0,255.255.224.0,54004
61906,177.222.168.0,255.255.248.0,7018
263390,177.222.176.0,255.255.240.0,54004
263393,177.222.200.0,255.255.248.0,54004
263400,177.222.232.0,255.255.248.0,7018
263500,177.223.48.0,255.255.248.0,54004
52562,177.223.80.0,255.255.240.0,54004
271000,177.223.128.0,255.255.252.0,54004
28300,177.223.160.0,255.255.224.0,7018
52559,177.223.224.0,255.255.240.0,7018
28554,177.236.16.0,255.255.240.0,7018
28545,177.236.112.0,255.255.252.0,7018
28548,177.236.143.0,255.255.255.0,7018
27768,177.250.0.0,255.255.240.0,7018
213572,178.17.192.0,255.255.240.0,54004
49375,178.17.240.0,255.255.240.0,7018
197563,178.18.231.0,255.255.255.0,7018
199338,178.20.24.0,255.255.252.0,7018
50655,178.20.168.0,255.255.248.0,54004
20483,178.21.24.0,255.255.248.0,7018
52070,178.21.40.0,255.255.254.0,7018
52155,178.21.45.0,255.255.255.0,7018
197480,178.21.136.0,255.255.248.0,7018
38915,178.21.216.0,255.255.248.0,7018
196997,178.21.248.0,255.255.248.0,7018
44943,178.22.48.0,255.255.248.0,7018
50858,178.22.128.0,255.255.248.0,7018
50891,178.22.184.0,255.255.248.0,7018
50953,178.23.88.0,255.255.248.0,7018
197036,178.23.152.0,255.255.248.0,7018
61094,178.23.184.0,255.255.255.0,7018
198916,178.23.200.0,255.255.255.0,7018
61403,178.57.96.0,255.255.240.0,7018
43550,178.57.192.0,255.255.255.0,7018
214937,178.92.0.0,255.255.255.0,7018
202498,178.130.140.0,255.255.255.0,7018
198818,178.132.64.0,255.255.252.0,7018
212522,178.132.70.0,255.255.255.0,7018
60517,178.157.96.0,255.255.252.0,7018
206791,178.159.37.0,255.255.255.0,54004
206812,178.170.189.0,255.255.255.0,54004
203784,178.170.245.0,255.255.255.0,7018
1756,178.173.128.0,255.255.255.0,7018
8661,178.175.0.0,255.255.128.0,7018
8301,178.208.192.0,255.255.224.0,7018
47408,178.211.64.0,255.255.224.0,7018
51337,178.212.40.0,255.255.248.0,7018
210801,178.212.74.0,255.255.255.0,7018
24893,178.212.104.0,255.255.248.0,54004
197233,178.212.168.0,255.255.248.0,7018
39065,178.212.192.0,255.255.248.0,54004
12438,178.213.0.0,255.255.248.0,54004
35676,178.213.64.0,255.255.252.0,7018
57906,178.213.78.0,255.255.255.0,54004
204126,178.213.88.0,255.255.248.0,7018
51590,178.213.120.0,255.255.248.0,7018
51636,178.213.160.0,255.255.248.0,7018
51390,178.214.0.0,255.255.248.0,7018
51343,178.214.32.0,255.255.224.0,7018
42546,178.214.192.0,255.255.248.0,54004
41985,178.214.200.0,255.255.252.0,54004
49342,178.215.64.0,255.255.192.0,54004
196994,178.216.24.0,255.255.255.0,7018
197049,178.216.104.0,255.255.248.0,7018
35695,178.216.136.0,255.255.248.0,7018
204587,178.216.174.0,255.255.255.0,54004
29245,178.217.32.0,255.255.248.0,7018
50331,178.217.192.0,255.255.248.0,7018
51216,178.217.208.0,255.255.248.0,7018
211949,178.217.234.0,255.255.255.0,7018
50771,178.218.16.0,255.255.240.0,54004
204389,178.218.192.0,255.255.255.0,7018
51077,178.219.36.0,255.255.252.0,54004
202281,178.219.112.0,255.255.240.0,7018
202441,178.223.224.0,255.255.224.0,7018
207872,178.236.203.0,255.255.255.0,7018
210269,178.237.56.0,255.255.255.0,7018
51665,178.237.192.0,255.255.255.0,54004
15848,178.237.248.0,255.255.252.0,54004
210232,178.238.4.0,255.255.255.0,7018
197201,178.238.240.0,255.255.240.0,7018
198023,178.239.0.0,255.255.240.0,7018
200760,178.239.20.0,255.255.254.0,7018
209162,178.239.24.0,255.255.255.0,7018
35590,178.239.37.0,255.255.255.0,7018
213727,178.239.144.0,255.255.255.0,7018
214361,178.239.146.0,255.255.255.0,7018
51681,178.239.208.0,255.255.240.0,7018
197046,178.248.56.0,255.255.248.0,7018
49653,178.248.176.0,255.255.248.0,7018
197063,178.249.0.0,255.255.248.0,7018
21161,178.249.80.0,255.255.252.0,7018
57420,178.249.128.0,255.255.248.0,54004
44788,178.250.1.0,255.255.255.0,7018
51319,178.251.144.0,255.255.248.0,7018
205786,178.253.247.0,255.255.255.0,7018
15388,178.254.63.0,255.255.255.0,7018
47479,178.254.134.0,255.255.255.0,7018
42890,178.255.32.0,255.255.252.0,7018
51409,178.255.56.0,255.255.248.0,7018
29605,178.255.128.0,255.255.248.0,7018
6723,178.255.176.0,255.255.252.0,54004
51297,178.255.200.0,255.255.255.0,7018
52275,179.0.14.0,255.255.255.0,7018
271408,179.0.44.0,255.255.252.0,54004
271498,179.0.56.0,255.255.252.0,54004
271459,179.0.64.0,255.255.254.0,54004
271361,179.0.76.0,255.255.255.0,7018
271325,179.0.116.0,255.255.254.0,54004
270833,179.0.164.0,255.255.252.0,7018
270840,179.0.168.0,255.255.255.0,7018
272037,179.0.200.0,255.255.255.0,54004
263230,179.0.224.0,255.255.224.0,7018
22047,179.2.0.0,255.255.0.0,7018
271126,179.42.36.0,255.255.252.0,54004
271128,179.42.48.0,255.255.252.0,54004
271163,179.42.60.0,255.255.252.0,7018
271131,179.42.72.0,255.255.252.0,54004
271148,179.42.100.0,255.255.252.0,54004
271150,179.42.108.0,255.255.255.0,54004
271206,179.42.124.0,255.255.252.0,7018
271154,179.42.144.0,255.255.254.0,54004
270976,179.43.16.0,255.255.255.0,54004
270851,179.43.28.0,255.255.252.0,54004
270867,179.43.44.0,255.255.252.0,54004
263185,179.43.80.0,255.255.255.0,7018
263194,179.43.100.0,255.255.252.0,7018
271160,179.48.12.0,255.255.252.0,54004
271084,179.48.36.0,255.255.255.0,54004
271075,179.48.40.0,255.255.252.0,54004
270082,179.48.52.0,255.255.252.0,54004
271067,179.48.68.0,255.255.252.0,7018
271116,179.48.76.0,255.255.252.0,7018
271074,179.48.84.0,255.255.255.0,54004
271117,179.48.88.0,255.255.254.0,54004
271072,179.48.100.0,255.255.252.0,54004
271215,179.48.124.0,255.255.255.0,54004
271092,179.48.164.0,255.255.252.0,7018
271102,179.48.220.0,255.255.252.0,54004
271021,179.48.224.0,255.255.252.0,7018
271060,179.48.240.0,255.255.252.0,7018
271394,179.49.80.0,255.255.254.0,54004
271208,179.49.136.0,255.255.254.0,54004
27751,179.49.168.0,255.255.252.0,54004
271203,179.49.176.0,255.255.252.0,54004
271201,179.49.184.0,255.255.252.0,54004
271220,179.49.244.0,255.255.252.0,54004
26619,179.50.0.0,255.255.128.0,54004
271205,179.51.132.0,255.255.254.0,54004
271179,179.51.148.0,255.255.252.0,54004
271244,179.51.196.0,255.255.252.0,7018
52279,179.51.247.0,255.255.255.0,54004
266145,179.51.248.0,255.255.252.0,54004
270669,179.60.140.0,255.255.252.0,54004
52458,179.60.244.0,255.255.255.0,54004
16921,179.61.64.0,255.255.255.0,54004
199829,179.61.185.0,255.255.255.0,54004
271597,179.63.12.0,255.255.254.0,54004
271569,179.63.28.0,255.255.252.0,7018
271549,179.63.64.0,255.255.255.0,54004
272678,179.63.68.0,255.255.252.0,54004
271612,179.63.92.0,255.255.255.0,54004
271554,179.63.96.0,255.255.252.0,54004
271544,179.63.116.0,255.255.252.0,54004
271604,179.63.128.0,255.255.255.0,54004
271560,179.63.132.0,255.255.254.0,54004
271613,179.63.138.0,255.255.254.0,54004
271587,179.63.144.0,255.255.254.0,54004
61605,179.63.178.0,255.255.254.0,54004
271439,179.63.236.0,255.255.252.0,54004
4230,179.68.0.0,255.255.0.0,7018
52639,179.96.176.0,255.255.248.0,7018
52640,179.96.208.0,255.255.255.0,54004
28181,179.97.16.0,255.255.248.0,54004
263411,179.97.24.0,255.255.248.0,54004
262740,179.97.32.0,255.255.240.0,54004
28361,179.97.80.0,255.255.248.0,54004
263413,179.97.88.0,255.255.248.0,54004
52525,179.106.64.0,255.255.248.0,7018
263083,179.106.192.0,255.255.192.0,7018
263265,179.107.8.0,255.255.248.0,7018
263277,179.107.92.0,255.255.252.0,54004
263267,179.108.24.0,255.255.252.0,54004
53158,179.108.80.0,255.255.248.0,54004
263269,179.108.88.0,255.255.248.0,54004
262973,179.108.128.0,255.255.224.0,54004
263274,179.108.240.0,255.255.248.0,54004
263562,179.109.0.0,255.255.255.0,7018
263567,179.109.32.0,255.255.240.0,54004
263578,179.109.64.0,255.255.240.0,54004
270741,179.109.112.0,255.255.252.0,54004
270760,179.109.116.0,255.255.252.0,54004
263585,179.109.128.0,255.255.224.0,7018
61916,179.124.14.0,255.255.255.0,7018
263611,179.124.16.0,255.255.252.0,54004
61914,179.124.176.0,255.255.248.0,7018
262972,179.124.248.0,255.255.248.0,54004
271737,179.125.12.0,255.255.252.0,7018
263625,179.125.16.0,255.255.252.0,7018
263633,179.125.60.0,255.255.252.0,7018
263283,179.127.72.0,255.255.255.0,54004
28605,179.127.112.0,255.255.252.0,54004
263105,179.127.116.0,255.255.252.0,54004
263645,179.127.248.0,255.255.248.0,7018
270943,179.189.80.0,255.255.252.0,54004
267221,179.189.84.0,255.255.252.0,54004
61945,179.189.192.0,255.255.254.0,54004
52411,179.189.216.0,255.255.255.0,54004
28252,179.189.240.0,255.255.240.0,54004
52580,179.191.160.0,255.255.255.0,54004
263422,179.191.232.0,255.255.248.0,54004
45400,180.92.241.0,255.255.255.0,54004
151376,180.94.1.0,255.255.255.0,7018
151377,180.94.6.0,255.255.255.0,7018
152040,180.94.8.0,255.255.255.0,54004
151755,180.94.16.0,255.255.255.0,7018
134417,180.97.120.0,255.255.248.0,7018
45204,180.149.64.0,255.255.240.0,7018
55334,180.149.252.0,255.255.255.0,54004
24210,180.150.232.0,255.255.255.0,54004
135047,180.210.209.0,255.255.255.0,7018
23775,180.235.140.0,255.255.252.0,7018
27895,181.1.152.0,255.255.254.0,54004
271984,181.13.217.0,255.255.255.0,7018
11816,181.41.0.0,255.255.254.0,7018
19863,181.41.64.0,255.255.224.0,7018
52440,181.85.155.0,255.255.255.0,54004
28006,181.112.8.0,255.255.255.0,7018
263170,181.114.56.0,255.255.255.0,54004
27953,181.118.176.0,255.255.255.0,7018
52501,181.174.124.0,255.255.255.0,54004
262192,181.174.192.0,255.255.240.0,7018
271473,181.174.208.0,255.255.252.0,54004
271548,181.174.212.0,255.255.255.0,54004
271562,181.174.220.0,255.255.252.0,54004
271529,181.174.248.0,255.255.254.0,54004
19114,181.188.192.0,255.255.192.0,7018
272552,181.189.0.0,255.255.252.0,54004
271380,181.189.8.0,255.255.252.0,54004
271345,181.189.60.0,255.255.254.0,54004
271626,181.189.80.0,255.255.252.0,54004
271395,181.189.84.0,255.255.252.0,7018
271488,181.189.88.0,255.255.252.0,54004
271377,181.189.92.0,255.255.252.0,54004
271398,181.189.100.0,255.255.255.0,54004
271373,181.189.108.0,255.255.255.0,54004
271533,181.189.112.0,255.255.252.0,54004
271502,181.189.124.0,255.255.252.0,54004
262206,181.189.153.0,255.255.255.0,7018
265986,181.191.32.0,255.255.252.0,7018
266767,181.191.36.0,255.255.255.0,7018
267428,181.191.60.0,255.255.254.0,54004
265998,181.191.84.0,255.255.252.0,54004
266002,181.191.92.0,255.255.252.0,54004
266009,181.191.104.0,255.255.252.0,54004
267438,181.191.148.0,255.255.252.0,54004
267426,181.191.160.0,255.255.254.0,54004
267429,181.191.168.0,255.255.252.0,54004
265806,181.191.186.0,255.255.255.0,7018
267439,181.191.196.0,255.255.252.0,54004
267456,181.191.240.0,255.255.252.0,54004
270639,181.192.120.0,255.255.252.0,54004
270648,181.192.124.0,255.255.252.0,54004
52361,181.209.0.0,255.255.128.0,7018
271414,181.224.0.0,255.255.252.0,54004
271474,181.224.28.0,255.255.252.0,54004
271418,181.224.40.0,255.255.255.0,54004
272025,181.224.64.0,255.255.252.0,54004
3790,181.224.74.0,255.255.255.0,54004
266228,181.224.76.0,255.255.252.0,54004
52412,181.224.204.0,255.255.252.0,7018
270689,181.225.152.0,255.255.252.0,54004
270690,181.225.156.0,255.255.252.0,54004
270990,181.225.172.0,255.255.255.0,54004
52251,181.225.192.0,255.255.224.0,54004
271355,181.232.136.0,255.255.252.0,54004
263150,181.232.175.0,255.255.255.0,7018
272542,181.232.220.0,255.255.252.0,54004
272549,181.232.230.0,255.255.254.0,7018
271339,181.233.0.0,255.255.254.0,54004
271450,181.233.68.0,255.255.252.0,54004
271565,181.233.84.0,255.255.252.0,54004
271441,181.233.92.0,255.255.255.0,54004
271559,181.233.108.0,255.255.252.0,54004
271456,181.233.112.0,255.255.252.0,54004
263270,181.233.164.0,255.255.252.0,54004
271500,181.233.176.0,255.255.254.0,7018
271557,181.233.188.0,255.255.255.0,54004
55784,182.50.184.0,255.255.255.0,54004
55486,182.54.224.0,255.255.255.0,54004
55569,182.161.72.0,255.255.255.0,7018
45785,183.78.168.0,255.255.255.0,54004
10212,183.91.144.0,255.255.240.0,54004
131127,183.91.160.0,255.255.255.0,54004
46692,184.94.224.0,255.255.240.0,7018
47065,184.164.224.0,255.255.255.0,54004
400110,184.169.38.0,255.255.254.0,7018
43755,184.175.200.0,255.255.252.0,7018
393521,184.185.6.0,255.255.255.0,7018
199645,185.2.16.0,255.255.252.0,7018
49584,185.2.60.0,255.255.252.0,7018
205005,185.2.144.0,255.255.254.0,7018
21034,185.2.146.0,255.255.254.0,7018
59686,185.3.112.0,255.255.252.0,7018
59689,185.3.128.0,255.255.252.0,7018
59959,185.3.156.0,255.255.252.0,7018
199244,185.3.192.0,255.255.252.0,7018
199231,185.4.228.0,255.255.252.0,54004
2072,185.4.251.0,255.255.255.0,7018
199405,185.5.224.0,255.255.252.0,7018
59720,185.5.232.0,255.255.252.0,7018
2128,185.6.36.0,255.255.252.0,7018
28999,185.6.88.0,255.255.252.0,7018
47321,185.6.124.0,255.255.252.0,54004
43436,185.6.140.0,255.255.252.0,7018
16350,185.6.160.0,255.255.252.0,7018
39583,185.7.4.0,255.255.252.0,54004
199660,185.7.64.0,255.255.252.0,7018
42567,185.7.96.0,255.255.252.0,54004
205147,185.8.96.0,255.255.255.0,7018
61145,185.8.112.0,255.255.252.0,7018
61373,185.9.32.0,255.255.252.0,7018
61068,185.9.76.0,255.255.255.0,54004
61394,185.9.152.0,255.255.252.0,7018
43893,185.9.164.0,255.255.255.0,7018
199569,185.9.172.0,255.255.254.0,7018
49641,185.10.0.0,255.255.252.0,7018
50257,185.10.172.0,255.255.252.0,7018
199562,185.10.224.0,255.255.254.0,7018
61266,185.10.244.0,255.255.252.0,7018
60280,185.11.76.0,255.255.252.0,7018
203698,185.12.37.0,255.255.255.0,54004
56893,185.12.52.0,255.255.252.0,7018
198853,185.12.104.0,255.255.252.0,7018
61287,185.12.128.0,255.255.252.0,7018
199286,185.12.136.0,255.255.252.0,7018
199516,185.13.80.0,255.255.255.0,7018
49476,185.13.157.0,255.255.255.0,54004
43298,185.13.160.0,255.255.255.0,54004
35408,185.13.172.0,255.255.255.0,54004
61246,185.14.80.0,255.255.255.0,7018
61233,185.14.148.0,255.255.252.0,7018
3250,185.14.156.0,255.255.252.0,7018
20672,185.14.180.0,255.255.252.0,7018
199490,185.14.232.0,255.255.252.0,7018
199475,185.15.0.0,255.255.252.0,7018
60595,185.15.52.0,255.255.252.0,7018
199473,185.15.132.0,255.255.252.0,7018
16242,185.15.137.0,255.255.255.0,7018
28849,185.15.159.0,255.255.255.0,7018
197727,185.15.164.0,255.255.252.0,7018
61021,185.15.188.0,255.255.252.0,54004
60045,185.15.204.0,255.255.252.0,7018
61200,185.16.20.0,255.255.252.0,7018
199449,185.16.32.0,255.255.252.0,7018
199362,185.17.20.0,255.255.252.0,7018
215322,185.17.25.0,255.255.255.0,7018
58316,185.17.104.0,255.255.254.0,7018
199411,185.17.160.0,255.255.252.0,7018
201236,185.17.188.0,255.255.252.0,7018
43287,185.17.200.0,255.255.255.0,54004
199390,185.18.132.0,255.255.252.0,7018
60793,185.19.12.0,255.255.252.0,7018
198349,185.19.140.0,255.255.252.0,7018
60975,185.19.184.0,255.255.255.0,54004
199354,185.19.228.0,255.255.252.0,7018
199332,185.19.236.0,255.255.252.0,54004
48390,185.20.3.0,255.255.255.0,7018
206922,185.20.4.0,255.255.255.0,7018
60815,185.20.24.0,255.255.252.0,54004
61010,185.20.120.0,255.255.252.0,54004
43812,185.20.176.0,255.255.255.0,7018
60953,185.20.218.0,255.255.254.0,7018
61012,185.21.108.0,255.255.252.0,7018
211037,185.21.134.0,255.255.255.0,7018
39216,185.21.136.0,255.255.255.0,7018
200052,185.21.216.0,255.255.252.0,7018
199298,185.21.220.0,255.255.252.0,7018
60979,185.22.68.0,255.255.252.0,7018
60964,185.22.112.0,255.255.252.0,7018
49477,185.22.116.0,255.255.252.0,7018
60983,185.22.128.0,255.255.252.0,7018
203500,185.22.130.0,255.255.255.0,54004
199057,185.22.136.0,255.255.252.0,7018
59462,185.22.231.0,255.255.255.0,7018
60936,185.23.64.0,255.255.255.0,7018
38984,185.23.228.0,255.255.254.0,54004
60884,185.24.24.0,255.255.252.0,7018
210209,185.24.41.0,255.255.255.0,54004
51666,185.24.42.0,255.255.255.0,54004
47481,185.24.46.0,255.255.255.0,54004
60890,185.24.64.0,255.255.255.0,54004
209150,185.25.20.0,255.255.255.0,7018
36385,185.25.30.0,255.255.255.0,7018
60868,185.25.32.0,255.255.252.0,7018
12431,185.25.96.0,255.255.252.0,7018
210966,185.25.106.0,255.255.255.0,7018
60810,185.25.108.0,255.255.255.0,7018
60804,185.25.192.0,255.255.252.0,7018
202005,185.26.136.0,255.255.255.0,7018
60738,185.26.168.0,255.255.252.0,7018
60432,185.26.198.0,255.255.255.0,7018
16094,185.26.204.0,255.255.255.0,7018
25415,185.27.8.0,255.255.252.0,7018
60673,185.27.60.0,255.255.252.0,7018
60636,185.27.104.0,255.255.252.0,7018
60651,185.27.192.0,255.255.255.0,7018
203030,185.27.224.0,255.255.252.0,7018
8265,185.28.52.0,255.255.252.0,7018
206999,185.28.88.0,255.255.255.0,7018
201020,185.28.176.0,255.255.255.0,7018
206910,185.28.250.0,255.255.255.0,7018
60589,185.29.12.0,255.255.252.0,7018
60563,185.29.84.0,255.255.252.0,7018
60533,185.29.156.0,255.255.252.0,54004
61407,185.29.211.0,255.255.255.0,7018
57157,185.29.244.0,255.255.255.0,7018
199831,185.30.0.0,255.255.252.0,7018
60527,185.30.20.0,255.255.255.0,54004
48871,185.30.152.0,255.255.255.0,7018
60497,185.30.172.0,255.255.255.0,7018
60451,185.30.180.0,255.255.252.0,7018
60459,185.30.192.0,255.255.252.0,54004
199917,185.30.208.0,255.255.254.0,7018
60415,185.31.92.0,255.255.252.0,7018
60388,185.31.108.0,255.255.252.0,54004
60407,185.31.124.0,255.255.254.0,7018
54312,185.31.128.0,255.255.255.0,7018
35790,185.31.140.0,255.255.252.0,7018
58334,185.31.216.0,255.255.252.0,7018
60352,185.32.20.0,255.255.254.0,7018
60357,185.32.56.0,255.255.254.0,7018
62749,185.32.76.0,255.255.255.0,7018
59891,185.32.124.0,255.255.255.0,7018
62416,185.32.188.0,255.255.252.0,7018
60277,185.32.252.0,255.255.252.0,7018
60304,185.33.32.0,255.255.255.0,7018
24796,185.33.108.0,255.255.254.0,7018
50313,185.33.172.0,255.255.252.0,54004
60316,185.33.216.0,255.255.252.0,7018
60241,185.34.60.0,255.255.252.0,7018
60239,185.34.202.0,255.255.255.0,7018
60173,185.34.224.0,255.255.255.0,54004
200147,185.36.24.0,255.255.252.0,7018
50633,185.36.146.0,255.255.255.0,7018
47442,185.36.176.0,255.255.252.0,7018
200129,185.36.180.0,255.255.255.0,7018
213822,185.36.229.0,255.255.255.0,7018
200127,185.36.236.0,255.255.255.0,7018
210806,185.37.11.0,255.255.255.0,7018
199727,185.37.41.0,255.255.255.0,7018
215329,185.37.100.0,255.255.255.0,7018
200089,185.37.112.0,255.255.254.0,7018
49220,185.37.136.0,255.255.252.0,7018
51324,185.37.153.0,255.255.255.0,7018
200086,185.37.155.0,255.255.255.0,7018
60550,185.37.238.0,255.255.255.0,7018
215792,185.37.239.0,255.255.255.0,7018
62373,185.38.4.0,255.255.252.0,7018
43056,185.38.28.0,255.255.255.0,7018
62141,185.38.92.0,255.255.252.0,7018
62363,185.38.168.0,255.255.252.0,7018
215636,185.38.230.0,255.255.255.0,7018
15894,185.39.14.0,255.255.254.0,7018
60169,185.39.20.0,255.255.252.0,7018
212994,185.39.28.0,255.255.255.0,54004
200015,185.39.80.0,255.255.254.0,54004
59933,185.39.248.0,255.255.252.0,7018
206063,185.39.252.0,255.255.255.0,7018
35574,185.40.12.0,255.255.252.0,7018
49677,185.40.68.0,255.255.252.0,7018
199981,185.40.112.0,255.255.252.0,54004
8769,185.40.184.0,255.255.252.0,7018
199859,185.40.228.0,255.255.252.0,7018
203440,185.40.244.0,255.255.252.0,7018
201764,185.40.248.0,255.255.252.0,7018
199938,185.41.106.0,255.255.254.0,7018
62283,185.41.112.0,255.255.252.0,54004
208703,185.41.220.0,255.255.255.0,7018
201314,185.42.44.0,255.255.252.0,7018
199937,185.42.68.0,255.255.254.0,7018
49458,185.42.88.0,255.255.252.0,7018
12924,185.42.120.0,255.255.255.0,7018
199710,185.42.236.0,255.255.254.0,7018
62227,185.43.40.0,255.255.252.0,7018
202746,185.43.53.0,255.255.255.0,7018
62244,185.43.96.0,255.255.252.0,7018
25496,185.43.112.0,255.255.252.0,7018
25192,185.43.132.0,255.255.252.0,54004
21151,185.43.224.0,255.255.252.0,54004
198290,185.44.56.0,255.255.252.0,7018
62193,185.44.108.0,255.255.252.0,7018
204639,185.44.118.0,255.255.255.0,7018
199800,185.45.140.0,255.255.252.0,7018
199805,185.45.144.0,255.255.254.0,7018
199790,185.45.152.0,255.255.252.0,54004
213600,185.45.154.0,255.255.255.0,7018
199803,185.45.200.0,255.255.252.0,7018
201556,185.46.48.0,255.255.252.0,7018
41033,185.46.237.0,255.255.255.0,54004
202100,185.46.244.0,255.255.252.0,7018
202339,185.47.96.0,255.255.252.0,7018
62104,185.47.212.0,255.255.252.0,7018
202932,185.47.224.0,255.255.252.0,7018
200933,185.48.40.0,255.255.252.0,7018
62086,185.48.104.0,255.255.252.0,7018
199728,185.48.112.0,255.255.255.0,7018
206022,185.48.140.0,255.255.255.0,7018
205276,185.48.142.0,255.255.255.0,7018
199744,185.48.143.0,255.255.255.0,7018
198000,185.48.168.0,255.255.252.0,7018
25516,185.49.16.0,255.255.252.0,7018
39611,185.49.24.0,255.255.255.0,7018
59886,185.49.44.0,255.255.255.0,7018
202234,185.49.108.0,255.255.252.0,7018
62040,185.49.240.0,255.255.255.0,7018
62031,185.50.48.0,255.255.252.0,7018
201866,185.50.60.0,255.255.252.0,7018
62022,185.50.244.0,255.255.252.0,7018
50766,185.51.21.0,255.255.255.0,54004
51235,185.51.40.0,255.255.254.0,7018
51060,185.51.88.0,255.255.252.0,7018
201169,185.51.96.0,255.255.252.0,7018
62050,185.51.116.0,255.255.255.0,7018
62011,185.51.248.0,255.255.252.0,7018
202146,185.52.64.0,255.255.255.0,7018
198101,185.52.216.0,255.255.252.0,7018
59984,185.53.4.0,255.255.252.0,7018
201277,185.53.28.0,255.255.252.0,7018
15691,185.53.68.0,255.255.252.0,7018
60158,185.53.96.0,255.255.252.0,7018
9085,185.53.124.0,255.255.252.0,7018
39217,185.53.148.0,255.255.252.0,7018
202032,185.54.80.0,255.255.252.0,7018
203993,185.54.92.0,255.255.254.0,7018
201723,185.54.95.0,255.255.255.0,54004
201789,185.54.160.0,255.255.255.0,7018
12459,185.54.161.0,255.255.255.0,7018
12315,185.55.20.0,255.255.254.0,7018
60129,185.56.24.0,255.255.252.0,7018
202022,185.56.32.0,255.255.252.0,7018
60138,185.56.92.0,255.255.255.0,7018
60132,185.56.153.0,255.255.255.0,7018
41026,185.56.244.0,255.255.252.0,7018
60514,185.57.47.0,255.255.255.0,7018
201939,185.57.52.0,255.255.252.0,7018
31449,185.57.128.0,255.255.252.0,7018
8793,185.58.0.0,255.255.252.0,7018
35761,185.58.20.0,255.255.254.0,7018
201977,185.58.48.0,255.255.254.0,7018
30950,185.58.68.0,255.255.252.0,7018
201563,185.58.72.0,255.255.252.0,7018
59740,185.58.252.0,255.255.252.0,54004
48487,185.59.4.0,255.255.252.0,7018
24740,185.59.160.0,255.255.254.0,7018
204120,185.59.196.0,255.255.252.0,7018
47704,185.60.120.0,255.255.254.0,7018
201806,185.60.140.0,255.255.252.0,7018
16218,185.60.208.0,255.255.252.0,7018
60039,185.60.236.0,255.255.255.0,7018
201859,185.61.72.0,255.255.252.0,7018
59970,185.61.84.0,255.255.252.0,7018
210075,185.62.3.0,255.255.255.0,7018
48076,185.62.102.0,255.255.255.0,7018
205811,185.62.126.0,255.255.255.0,7018
59985,185.63.68.0,255.255.254.0,7018
204732,185.63.72.0,255.255.255.0,54004
204947,185.63.100.0,255.255.252.0,7018
29549,185.63.120.0,255.255.255.0,7018
201782,185.63.180.0,255.255.252.0,7018
39567,185.65.28.0,255.255.252.0,7018
36239,185.65.146.0,255.255.255.0,7018
41379,185.66.116.0,255.255.252.0,7018
201701,185.66.192.0,255.255.252.0,7018
201702,185.66.200.0,255.255.254.0,54004
212939,185.66.230.0,255.255.255.0,7018
61129,185.67.156.0,255.255.255.0,7018
59883,185.67.160.0,255.255.252.0,7018
40966,185.67.164.0,255.255.252.0,7018
207249,185.68.46.0,255.255.255.0,7018
59871,185.68.68.0,255.255.252.0,7018
201650,185.68.96.0,255.255.252.0,7018
59866,185.68.132.0,255.255.255.0,7018
208823,185.68.189.0,255.255.255.0,7018
20932,185.68.204.0,255.255.252.0,7018
201594,185.68.215.0,255.255.255.0,7018
16138,185.69.192.0,255.255.252.0,7018
62149,185.69.236.0,255.255.252.0,7018
202211,185.69.252.0,255.255.252.0,7018
49115,185.70.0.0,255.255.252.0,7018
59827,185.70.72.0,255.255.252.0,7018
204482,185.70.116.0,255.255.252.0,7018
59816,185.70.132.0,255.255.252.0,7018
57022,185.70.168.0,255.255.252.0,7018
35798,185.70.176.0,255.255.252.0,7018
48522,185.70.232.0,255.255.252.0,7018
49296,185.71.4.0,255.255.255.0,54004
204025,185.71.56.0,255.255.252.0,7018
201535,185.71.164.0,255.255.252.0,7018
60051,185.71.204.0,255.255.255.0,7018
59776,185.72.120.0,255.255.252.0,7018
49571,185.72.254.0,255.255.255.0,7018
201494,185.73.40.0,255.255.252.0,7018
58246,185.73.148.0,255.255.252.0,7018
59748,185.73.156.0,255.255.252.0,7018
204240,185.73.203.0,255.255.255.0,54004
57811,185.73.210.0,255.255.255.0,7018
57902,185.74.40.0,255.255.252.0,7018
51004,185.74.228.0,255.255.252.0,7018
273218,185.75.12.0,255.255.255.0,54004
20679,185.75.31.0,255.255.255.0,7018
62222,185.75.44.0,255.255.252.0,7018
49907,185.75.55.0,255.255.255.0,7018
25341,185.75.180.0,255.255.252.0,54004
208154,185.75.192.0,255.255.252.0,7018
204576,185.75.221.0,255.255.255.0,7018
9110,185.75.250.0,255.255.255.0,7018
205919,185.76.120.0,255.255.252.0,7018
201029,185.77.76.0,255.255.255.0,7018
214173,185.77.148.0,255.255.252.0,7018
51090,185.77.192.0,255.255.252.0,54004
201900,185.78.80.0,255.255.252.0,7018
201330,185.78.96.0,255.255.252.0,7018
200863,185.78.148.0,255.255.252.0,7018
207024,185.79.15.0,255.255.255.0,7018
200561,185.79.24.0,255.255.252.0,7018
43445,185.79.192.0,255.255.252.0,7018
39892,185.79.196.0,255.255.255.0,7018
206768,185.79.212.0,255.255.255.0,54004
201261,185.80.132.0,255.255.252.0,7018
16143,185.81.64.0,255.255.255.0,54004
201059,185.81.148.0,255.255.252.0,7018
9137,185.82.56.0,255.255.252.0,7018
201722,185.82.112.0,255.255.255.0,7018
42812,185.82.140.0,255.255.252.0,7018
31019,185.82.184.0,255.255.254.0,7018
210267,185.82.196.0,255.255.252.0,7018
51349,185.83.4.0,255.255.255.0,7018
199471,185.83.87.0,255.255.255.0,7018
207922,185.83.126.0,255.255.254.0,7018
62166,185.83.172.0,255.255.252.0,7018
44222,185.83.212.0,255.255.255.0,7018
200899,185.83.252.0,255.255.252.0,7018
201146,185.84.28.0,255.255.254.0,7018
8816,185.84.228.0,255.255.252.0,7018
207029,185.85.20.0,255.255.255.0,7018
5403,185.85.28.0,255.255.252.0,7018
39455,185.85.36.0,255.255.252.0,7018
28816,185.85.40.0,255.255.252.0,7018
206626,185.85.56.0,255.255.252.0,7018
201026,185.85.220.0,255.255.252.0,7018
41494,185.86.67.0,255.255.255.0,7018
201086,185.86.80.0,255.255.255.0,7018
198297,185.86.132.0,255.255.252.0,7018
49192,185.86.224.0,255.255.255.0,7018
204536,185.87.180.0,255.255.252.0,7018
203851,185.87.212.0,255.255.255.0,7018
209147,185.88.20.0,255.255.255.0,7018
210111,185.88.72.0,255.255.252.0,7018
41906,185.88.116.0,255.255.252.0,7018
42043,185.88.152.0,255.255.255.0,7018
201014,185.88.224.0,255.255.252.0,7018
34144,185.89.20.0,255.255.255.0,7018
201001,185.89.64.0,255.255.252.0,7018
200970,185.89.160.0,255.255.252.0,7018
29246,185.89.168.0,255.255.252.0,7018
200920,185.89.176.0,255.255.252.0,7018
201222,185.89.196.0,255.255.252.0,54004
41071,185.90.8.0,255.255.252.0,7018
200937,185.90.148.0,255.255.255.0,7018
39114,185.91.12.0,255.255.252.0,7018
215547,185.91.24.0,255.255.252.0,7018
15739,185.91.97.0,255.255.255.0,7018
41103,185.91.100.0,255.255.252.0,7018
211494,185.93.7.0,255.255.255.0,7018
211713,185.93.24.0,255.255.252.0,7018
200700,185.93.28.0,255.255.252.0,7018
203971,185.93.91.0,255.255.255.0,7018
35353,185.93.128.0,255.255.252.0,54004
1850,185.93.156.0,255.255.252.0,7018
44863,185.93.185.0,255.255.255.0,7018
199341,185.93.240.0,255.255.255.0,7018
50352,185.94.80.0,255.255.254.0,7018
34663,185.94.120.0,255.255.252.0,7018
209508,185.94.128.0,255.255.252.0,7018
200813,185.94.160.0,255.255.252.0,7018
211175,185.95.67.0,255.255.255.0,7018
5409,185.95.80.0,255.255.252.0,7018
41827,185.95.132.0,255.255.252.0,7018
200797,185.95.212.0,255.255.255.0,7018
47768,185.95.244.0,255.255.252.0,54004
24800,185.96.88.0,255.255.252.0,7018
8657,185.96.172.0,255.255.252.0,7018
50084,185.96.176.0,255.255.252.0,7018
15995,185.97.44.0,255.255.252.0,7018
197898,185.98.176.0,255.255.254.0,7018
30880,185.98.192.0,255.255.252.0,7018
41400,185.98.200.0,255.255.252.0,7018
30929,185.98.208.0,255.255.252.0,7018
15725,185.98.236.0,255.255.252.0,7018
50667,185.99.88.0,255.255.255.0,7018
34727,185.99.200.0,255.255.252.0,7018
200653,185.100.28.0,255.255.252.0,7018
34942,185.100.36.0,255.255.252.0,7018
205032,185.100.164.0,255.255.252.0,7018
64415,185.100.248.0,255.255.255.0,7018
16076,185.100.252.0,255.255.252.0,7018
31037,185.101.16.0,255.255.255.0,7018
15955,185.101.48.0,255.255.252.0,7018
60011,185.101.97.0,255.255.255.0,7018
30786,185.101.116.0,255.255.252.0,7018
203632,185.101.130.0,255.255.255.0,7018
12941,185.101.132.0,255.255.252.0,7018
29547,185.101.204.0,255.255.252.0,7018
203736,185.102.32.0,255.255.252.0,7018
29140,185.102.64.0,255.255.252.0,7018
201641,185.102.100.0,255.255.252.0,7018
201588,185.102.181.0,255.255.255.0,54004
212092,185.102.182.0,255.255.255.0,54004
200582,185.102.184.0,255.255.252.0,7018
200560,185.103.56.0,255.255.255.0,7018
57380,185.103.108.0,255.255.255.0,7018
215116,185.103.132.0,255.255.255.0,7018
200539,185.103.152.0,255.255.252.0,7018
201553,185.103.180.0,255.255.252.0,7018
28746,185.104.20.0,255.255.255.0,7018
28715,185.104.120.0,255.255.255.0,54004
213959,185.104.131.0,255.255.255.0,54004
200485,185.104.156.0,255.255.255.0,7018
12577,185.104.224.0,255.255.252.0,7018
24792,185.105.20.0,255.255.255.0,7018
25451,185.105.48.0,255.255.252.0,54004
57317,185.105.112.0,255.255.255.0,7018
200437,185.105.140.0,255.255.252.0,7018
200480,185.105.240.0,255.255.252.0,7018
25094,185.106.24.0,255.255.252.0,7018
50472,185.106.84.0,255.255.254.0,7018
207335,185.106.133.0,255.255.255.0,7018
47935,185.106.134.0,255.255.255.0,7018
3331,185.106.164.0,255.255.252.0,7018
212781,185.107.64.0,255.255.255.0,7018
204019,185.107.66.0,255.255.255.0,7018
204479,185.107.67.0,255.255.255.0,7018
49395,185.107.128.0,255.255.255.0,7018
204280,185.107.184.0,255.255.252.0,7018
206655,185.107.204.0,255.255.252.0,7018
200418,185.107.228.0,255.255.255.0,7018
51093,185.108.16.0,255.255.255.0,7018
205226,185.108.19.0,255.255.255.0,7018
43930,185.108.32.0,255.255.255.0,7018
206028,185.108.76.0,255.255.252.0,7018
24837,185.108.196.0,255.255.254.0,7018
204178,185.109.0.0,255.255.252.0,7018
204264,185.109.44.0,255.255.252.0,7018
206737,185.109.50.0,255.255.255.0,7018
20832,185.109.104.0,255.255.252.0,7018
204082,185.109.242.0,255.255.255.0,7018
203969,185.110.152.0,255.255.252.0,54004
62250,185.110.252.0,255.255.255.0,7018
20698,185.111.100.0,255.255.252.0,54004
204207,185.111.236.0,255.255.252.0,7018
204180,185.111.248.0,255.255.252.0,7018
210472,185.112.0.0,255.255.255.0,7018
204540,185.112.172.0,255.255.255.0,7018
204573,185.112.175.0,255.255.255.0,7018
212440,185.112.180.0,255.255.255.0,54004
20596,185.113.24.0,255.255.252.0,7018
5582,185.113.32.0,255.255.254.0,54004
60627,185.113.56.0,255.255.252.0,7018
204094,185.113.140.0,255.255.255.0,7018
12926,185.113.156.0,255.255.252.0,7018
204121,185.114.0.0,255.255.252.0,7018
212975,185.115.72.0,255.255.252.0,7018
15449,185.115.156.0,255.255.252.0,7018
204064,185.115.180.0,255.255.252.0,7018
204050,185.116.53.0,255.255.255.0,7018
60816,185.116.118.0,255.255.255.0,7018
51786,185.117.12.0,255.255.255.0,7018
34183,185.117.40.0,255.255.252.0,7018
49176,185.117.81.0,255.255.255.0,7018
202177,185.117.84.0,255.255.252.0,7018
31043,185.117.112.0,255.255.252.0,7018
31175,185.117.204.0,255.255.255.0,54004
13006,185.118.62.0,255.255.255.0,7018
8285,185.118.76.0,255.255.252.0,7018
12984,185.118.80.0,255.255.252.0,7018
203962,185.118.84.0,255.255.252.0,7018
203925,185.118.192.0,255.255.255.0,7018
203954,185.118.240.0,255.255.255.0,7018
31293,185.118.241.0,255.255.255.0,7018
12307,185.119.104.0,255.255.255.0,7018
202364,185.119.108.0,255.255.255.0,7018
203937,185.119.120.0,255.255.252.0,7018
48519,185.119.136.0,255.255.254.0,7018
43253,185.119.148.0,255.255.252.0,7018
207221,185.119.186.0,255.255.255.0,7018
50016,185.119.208.0,255.255.252.0,7018
8646,185.120.68.0,255.255.252.0,7018
197152,185.120.88.0,255.255.252.0,7018
16007,185.120.132.0,255.255.252.0,54004
204778,185.120.141.0,255.255.255.0,7018
212849,185.120.142.0,255.255.255.0,7018
8666,185.121.52.0,255.255.255.0,7018
199975,185.121.84.0,255.255.255.0,54004
60401,185.121.110.0,255.255.255.0,7018
34154,185.121.196.0,255.255.252.0,7018
62328,185.122.60.0,255.255.252.0,7018
38983,185.122.152.0,255.255.252.0,7018
60646,185.122.172.0,255.255.254.0,7018
203157,185.122.174.0,255.255.255.0,7018
199787,185.122.175.0,255.255.255.0,7018
6704,185.123.40.0,255.255.252.0,7018
12462,185.123.120.0,255.255.252.0,7018
8018,185.123.180.0,255.255.255.0,7018
5505,185.123.204.0,255.255.255.0,7018
49371,185.124.14.0,255.255.255.0,54004
48727,185.124.128.0,255.255.252.0,7018
209199,185.124.160.0,255.255.255.0,54004
203754,185.124.204.0,255.255.252.0,7018
43326,185.124.242.0,255.255.255.0,7018
203752,185.125.60.0,255.255.252.0,7018
50042,185.125.112.0,255.255.252.0,7018
203742,185.125.132.0,255.255.252.0,7018
60111,185.125.220.0,255.255.252.0,7018
44749,185.126.172.0,255.255.252.0,7018
208555,185.126.203.0,255.255.255.0,54004
56899,185.126.252.0,255.255.255.0,54004
203658,185.127.20.0,255.255.254.0,7018
199517,185.127.22.0,255.255.254.0,7018
212054,185.127.132.0,255.255.255.0,7018
211074,185.128.8.0,255.255.255.0,7018
34696,185.128.60.0,255.255.255.0,7018
203628,185.129.32.0,255.255.252.0,7018
44772,185.129.56.0,255.255.252.0,54004
203616,185.129.80.0,255.255.254.0,54004
203572,185.130.124.0,255.255.255.0,7018
6750,185.130.200.0,255.255.252.0,7018
203547,185.131.45.0,255.255.255.0,7018
203143,185.132.60.0,255.255.252.0,7018
43826,185.132.240.0,255.255.252.0,7018
203485,185.133.92.0,255.255.252.0,7018
214666,185.133.160.0,255.255.252.0,7018
213089,185.133.232.0,255.255.255.0,7018
50642,185.134.44.0,255.255.252.0,7018
50754,185.134.76.0,255.255.255.0,7018
204504,185.134.168.0,255.255.252.0,7018
207487,185.134.191.0,255.255.255.0,54004
205889,185.135.68.0,255.255.255.0,7018
203387,185.135.232.0,255.255.252.0,54004
208332,185.135.240.0,255.255.252.0,7018
202839,185.136.92.0,255.255.252.0,7018
210604,185.136.110.0,255.255.255.0,54004
204631,185.136.120.0,255.255.252.0,54004
203375,185.136.224.0,255.255.254.0,7018
209276,185.136.226.0,255.255.255.0,7018
208331,185.136.227.0,255.255.255.0,7018
203372,185.137.0.0,255.255.252.0,7018
203367,185.137.84.0,255.255.252.0,7018
210171,185.137.176.0,255.255.252.0,7018
25231,185.138.129.0,255.255.255.0,54004
204598,185.138.158.0,255.255.255.0,7018
49013,185.138.188.0,255.255.252.0,7018
48557,185.138.230.0,255.255.254.0,54004
202126,185.138.236.0,255.255.252.0,7018
203302,185.139.124.0,255.255.252.0,7018
205761,185.139.134.0,255.255.254.0,7018
203311,185.139.252.0,255.255.252.0,7018
203266,185.140.24.0,255.255.255.0,7018
43065,185.140.116.0,255.255.252.0,7018
9036,185.140.128.0,255.255.252.0,7018
48722,185.140.132.0,255.255.254.0,7018
41364,185.140.168.0,255.255.252.0,7018
48602,185.140.244.0,255.255.255.0,7018
203235,185.141.140.0,255.255.252.0,7018
48374,185.141.144.0,255.255.252.0,7018
215783,185.141.152.0,255.255.252.0,7018
203126,185.142.0.0,255.255.252.0,7018
57758,185.142.141.0,255.255.255.0,7018
203180,185.142.172.0,255.255.252.0,7018
15932,185.142.240.0,255.255.252.0,7018
207446,185.143.20.0,255.255.252.0,54004
20742,185.143.48.0,255.255.254.0,7018
3245,185.143.80.0,255.255.252.0,7018
204619,185.143.144.0,255.255.255.0,54004
205585,185.143.232.0,255.255.255.0,54004
203123,185.144.8.0,255.255.252.0,7018
8757,185.144.84.0,255.255.255.0,7018
202626,185.144.174.0,255.255.254.0,7018
41847,185.144.220.0,255.255.255.0,7018
25534,185.146.16.0,255.255.252.0,54004
203505,185.146.224.0,255.255.255.0,7018
203977,185.146.226.0,255.255.255.0,7018
51262,185.147.8.0,255.255.255.0,7018
210152,185.147.35.0,255.255.255.0,7018
56444,185.147.247.0,255.255.255.0,7018
210391,185.147.252.0,255.255.255.0,7018
202936,185.148.64.0,255.255.252.0,7018
202979,185.148.172.0,255.255.252.0,7018
200281,185.148.228.0,255.255.254.0,7018
44784,185.149.0.0,255.255.252.0,7018
42649,185.149.56.0,255.255.255.0,7018
49920,185.149.60.0,255.255.252.0,7018
202954,185.149.88.0,255.255.252.0,7018
206616,185.149.92.0,255.255.254.0,7018
12480,185.149.156.0,255.255.252.0,7018
51172,185.150.40.0,255.255.255.0,54004
44358,185.150.42.0,255.255.255.0,54004
6776,185.150.52.0,255.255.252.0,7018
202915,185.150.100.0,255.255.255.0,7018
202919,185.150.132.0,255.255.252.0,7018
34197,185.150.160.0,255.255.252.0,7018
206758,185.150.236.0,255.255.252.0,7018
207073,185.150.248.0,255.255.252.0,7018
62296,185.151.12.0,255.255.254.0,7018
199378,185.151.116.0,255.255.254.0,7018
49535,185.151.124.0,255.255.252.0,7018
31529,185.151.141.0,255.255.255.0,54004
61273,185.151.205.0,255.255.255.0,7018
202877,185.151.252.0,255.255.252.0,7018
61090,185.152.12.0,255.255.255.0,7018
61232,185.152.16.0,255.255.255.0,7018
61292,185.152.34.0,255.255.255.0,54004
6717,185.152.160.0,255.255.254.0,7018
57537,185.152.232.0,255.255.252.0,7018
198257,185.153.0.0,255.255.252.0,7018
204523,185.153.20.0,255.255.252.0,7018
52188,185.153.48.0,255.255.255.0,7018
203713,185.153.76.0,255.255.252.0,7018
8192,185.153.120.0,255.255.252.0,54004
49769,185.153.156.0,255.255.254.0,7018
214215,185.154.117.0,255.255.255.0,7018
57697,185.154.180.0,255.255.252.0,54004
204788,185.155.88.0,255.255.255.0,54004
206120,185.155.175.0,255.255.255.0,7018
202594,185.156.0.0,255.255.252.0,54004
202605,185.156.36.0,255.255.252.0,7018
202719,185.156.120.0,255.255.252.0,7018
202707,185.156.156.0,255.255.252.0,7018
56388,185.156.200.0,255.255.255.0,54004
202701,185.156.204.0,255.255.252.0,7018
206423,185.156.252.0,255.255.254.0,7018
51392,185.157.208.0,255.255.255.0,7018
202566,185.158.96.0,255.255.252.0,7018
51001,185.158.236.0,255.255.255.0,7018
50963,185.159.20.0,255.255.252.0,7018
211428,185.159.108.0,255.255.255.0,7018
57531,185.160.36.0,255.255.255.0,7018
207085,185.160.90.0,255.255.255.0,54004
49460,185.160.108.0,255.255.255.0,54004
202085,185.160.140.0,255.255.255.0,7018
210175,185.160.141.0,255.255.255.0,7018
42745,185.160.192.0,255.255.255.0,54004
48449,185.160.194.0,255.255.255.0,7018
207133,185.160.216.0,255.255.252.0,54004
43238,185.161.34.0,255.255.255.0,7018
207192,185.161.48.0,255.255.252.0,54004
8240,185.161.84.0,255.255.252.0,7018
205697,185.161.96.0,255.255.252.0,7018
61423,185.161.120.0,255.255.255.0,7018
197221,185.162.20.0,255.255.252.0,7018
196640,185.162.152.0,255.255.252.0,7018
44224,185.162.192.0,255.255.252.0,7018
207181,185.162.208.0,255.255.252.0,7018
26088,185.162.240.0,255.255.252.0,7018
207198,185.163.40.0,255.255.252.0,7018
207153,185.164.68.0,255.255.252.0,7018
206846,185.164.148.0,255.255.255.0,54004
64444,185.164.164.0,255.255.252.0,54004
212763,185.165.0.0,255.255.255.0,7018
64432,185.165.120.0,255.255.255.0,7018
398427,185.165.212.0,255.255.255.0,7018
51188,185.166.28.0,255.255.252.0,7018
20514,185.166.32.0,255.255.252.0,7018
205068,185.166.164.0,255.255.252.0,7018
207541,185.166.252.0,255.255.255.0,7018
209138,185.167.104.0,255.255.252.0,7018
207056,185.167.120.0,255.255.255.0,7018
203687,185.167.140.0,255.255.252.0,7018
48690,185.167.212.0,255.255.252.0,7018
207042,185.167.244.0,255.255.255.0,7018
213317,185.167.252.0,255.255.255.0,7018
203263,185.168.124.0,255.255.254.0,7018
206581,185.168.127.0,255.255.255.0,7018
207013,185.168.176.0,255.255.252.0,7018
205930,185.169.68.0,255.255.252.0,7018
41185,185.170.2.0,255.255.254.0,7018
206186,185.170.225.0,255.255.255.0,7018
206108,185.170.227.0,255.255.255.0,7018
16189,185.171.4.0,255.255.252.0,7018
211694,185.171.162.0,255.255.255.0,7018
49709,185.172.180.0,255.255.252.0,7018
206579,185.172.208.0,255.255.252.0,7018
206890,185.172.240.0,255.255.252.0,7018
44102,185.173.81.0,255.255.255.0,54004
57777,185.173.128.0,255.255.255.0,7018
206873,185.173.176.0,255.255.255.0,7018
206389,185.173.216.0,255.255.252.0,7018
206478,185.174.32.0,255.255.252.0,7018
204668,185.175.8.0,255.255.254.0,7018
206836,185.175.24.0,255.255.252.0,7018
216257,185.176.20.0,255.255.252.0,7018
206784,185.176.136.0,255.255.252.0,7018
39845,185.176.220.0,255.255.252.0,7018
206568,185.176.232.0,255.255.255.0,7018
3262,185.177.40.0,255.255.255.0,7018
206755,185.177.58.0,255.255.255.0,7018
49755,185.177.112.0,255.255.255.0,54004
29670,185.177.204.0,255.255.252.0,7018
209246,185.177.209.0,255.255.255.0,7018
20592,185.178.96.0,255.255.252.0,54004
21182,185.178.156.0,255.255.252.0,7018
5435,185.178.224.0,255.255.255.0,7018
206674,185.179.56.0,255.255.254.0,7018
200348,185.179.89.0,255.255.255.0,54004
212269,185.179.100.0,255.255.255.0,7018
24823,185.179.144.0,255.255.252.0,7018
206078,185.180.32.0,255.255.255.0,7018
206652,185.180.36.0,255.255.255.0,7018
5463,185.180.68.0,255.255.252.0,7018
206640,185.180.112.0,255.255.252.0,7018
206530,185.180.146.0,255.255.255.0,7018
12564,185.181.148.0,255.255.252.0,7018
8859,185.181.188.0,255.255.252.0,7018
206589,185.182.96.0,255.255.252.0,7018
42687,185.182.168.0,255.255.252.0,54004
206571,185.182.176.0,255.255.254.0,7018
13249,185.183.108.0,255.255.252.0,7018
205790,185.183.126.0,255.255.255.0,7018
206529,185.183.184.0,255.255.252.0,7018
61064,185.183.224.0,255.255.254.0,7018
206454,185.183.226.0,255.255.254.0,7018
43653,185.183.232.0,255.255.252.0,7018
209635,185.185.79.0,255.255.255.0,7018
208693,185.185.204.0,255.255.252.0,7018
49964,185.185.231.0,255.255.255.0,7018
43414,185.185.244.0,255.255.252.0,7018
43409,185.185.252.0,255.255.252.0,54004
55207,185.186.8.0,255.255.255.0,54004
202562,185.186.10.0,255.255.255.0,54004
206432,185.186.156.0,255.255.252.0,7018
60580,185.186.184.0,255.255.252.0,54004
206350,185.186.206.0,255.255.255.0,7018
44033,185.186.216.0,255.255.252.0,7018
206404,185.187.68.0,255.255.255.0,7018
43332,185.187.80.0,255.255.254.0,54004
216066,185.187.101.0,255.255.255.0,7018
206369,185.188.116.0,255.255.252.0,7018
206322,185.188.136.0,255.255.255.0,7018
206194,185.188.188.0,255.255.254.0,7018
206324,185.189.144.0,255.255.252.0,7018
206319,185.189.212.0,255.255.252.0,7018
43228,185.190.104.0,255.255.254.0,54004
206295,185.190.120.0,255.255.252.0,7018
206135,185.190.160.0,255.255.252.0,7018
16298,185.190.232.0,255.255.252.0,54004
205926,185.191.96.0,255.255.255.0,7018
60167,185.192.48.0,255.255.252.0,7018
208444,185.192.170.0,255.255.254.0,7018
206094,185.192.240.0,255.255.252.0,7018
29504,185.193.84.0,255.255.252.0,54004
42913,185.193.151.0,255.255.255.0,7018
206201,185.193.180.0,255.255.255.0,7018
62035,185.193.244.0,255.255.252.0,7018
197869,185.194.92.0,255.255.252.0,7018
207080,185.194.113.0,255.255.255.0,7018
205099,185.194.202.0,255.255.254.0,7018
200274,185.194.224.0,255.255.252.0,7018
208034,185.194.248.0,255.255.255.0,7018
205976,185.195.140.0,255.255.252.0,7018
39068,185.195.152.0,255.255.255.0,54004
42696,185.195.154.0,255.255.255.0,54004
49600,185.196.43.0,255.255.255.0,7018
212576,185.196.62.0,255.255.255.0,7018
206101,185.196.112.0,255.255.255.0,7018
202661,185.197.40.0,255.255.252.0,7018
59570,185.197.133.0,255.255.255.0,54004
213151,185.197.135.0,255.255.255.0,7018
211083,185.198.70.0,255.255.255.0,7018
203605,185.198.192.0,255.255.254.0,7018
203932,185.198.241.0,255.255.255.0,7018
205985,185.199.48.0,255.255.255.0,7018
205996,185.199.164.0,255.255.252.0,7018
205443,185.199.252.0,255.255.252.0,7018
205943,185.201.69.0,255.255.255.0,7018
211084,185.201.255.0,255.255.255.0,7018
48708,185.202.79.0,255.255.255.0,7018
210333,185.202.96.0,255.255.254.0,7018
51658,185.202.133.0,255.255.255.0,7018
42411,185.202.140.0,255.255.255.0,7018
8245,185.202.192.0,255.255.252.0,7018
208354,185.203.24.0,255.255.252.0,7018
205689,185.203.56.0,255.255.252.0,7018
205856,185.203.252.0,255.255.252.0,7018
205845,185.204.120.0,255.255.252.0,7018
49565,185.204.155.0,255.255.255.0,7018
28979,185.204.240.0,255.255.254.0,7018
208310,185.204.251.0,255.255.255.0,7018
57684,185.205.212.0,255.255.252.0,7018
29097,185.206.0.0,255.255.252.0,7018
212686,185.206.8.0,255.255.255.0,7018
202254,185.206.71.0,255.255.255.0,7018
205780,185.206.96.0,255.255.255.0,7018
42207,185.206.184.0,255.255.252.0,7018
202550,185.206.252.0,255.255.255.0,7018
42149,185.207.24.0,255.255.252.0,54004
12630,185.207.84.0,255.255.252.0,7018
41232,185.207.140.0,255.255.252.0,7018
205755,185.207.192.0,255.255.255.0,7018
205726,185.208.56.0,255.255.255.0,7018
42083,185.208.100.0,255.255.255.0,7018
57999,185.209.56.0,255.255.252.0,54004
205685,185.209.68.0,255.255.254.0,7018
204568,185.209.70.0,255.255.254.0,7018
205687,185.209.172.0,255.255.252.0,7018
210265,185.209.243.0,255.255.255.0,7018
205674,185.209.248.0,255.255.252.0,7018
12762,185.210.12.0,255.255.252.0,7018
49432,185.210.224.0,255.255.255.0,7018
215510,185.210.225.0,255.255.255.0,7018
56883,185.211.43.0,255.255.255.0,7018
205620,185.211.64.0,255.255.252.0,7018
41779,185.211.108.0,255.255.252.0,7018
61399,185.211.228.0,255.255.252.0,54004
50138,185.212.9.0,255.255.255.0,7018
21140,185.212.88.0,255.255.254.0,54004
34191,185.213.32.0,255.255.252.0,7018
205572,185.213.84.0,255.255.252.0,7018
214164,185.213.114.0,255.255.255.0,7018
205570,185.213.170.0,255.255.255.0,7018
215875,185.213.188.0,255.255.252.0,7018
208056,185.213.212.0,255.255.254.0,54004
29132,185.213.224.0,255.255.252.0,7018
205558,185.214.32.0,255.255.255.0,7018
205543,185.214.236.0,255.255.255.0,7018
48084,185.214.246.0,255.255.255.0,7018
205535,185.215.20.0,255.255.252.0,7018
210834,185.215.70.0,255.255.255.0,7018
213150,185.216.11.0,255.255.255.0,7018
205504,185.216.44.0,255.255.255.0,7018
209254,185.216.96.0,255.255.255.0,7018
47929,185.216.208.0,255.255.255.0,7018
209989,185.216.211.0,255.255.255.0,7018
211482,185.217.28.0,255.255.255.0,7018
47864,185.217.60.0,255.255.255.0,54004
41303,185.217.72.0,255.255.252.0,7018
57407,185.217.80.0,255.255.252.0,7018
212321,185.217.142.0,255.255.255.0,7018
204860,185.217.234.0,255.255.254.0,54004
205460,185.218.8.0,255.255.255.0,54004
42357,185.218.196.0,255.255.255.0,7018
45017,185.218.202.0,255.255.254.0,54004
41206,185.219.48.0,255.255.252.0,7018
56327,185.219.224.0,255.255.252.0,7018
205385,185.220.48.0,255.255.252.0,7018
202509,185.220.76.0,255.255.252.0,54004
205375,185.220.84.0,255.255.252.0,7018
212911,185.220.119.0,255.255.255.0,7018
24956,185.220.200.0,255.255.252.0,7018
205929,185.221.61.0,255.255.255.0,7018
213054,185.221.244.0,255.255.255.0,7018
211633,185.221.245.0,255.255.255.0,7018
215782,185.221.246.0,255.255.255.0,7018
20612,185.222.12.0,255.255.252.0,7018
51826,185.222.60.0,255.255.255.0,7018
205313,185.222.72.0,255.255.255.0,7018
41061,185.222.180.0,255.255.252.0,7018
207653,185.223.22.0,255.255.255.0,7018
34422,185.223.72.0,255.255.252.0,7018
150158,185.223.154.0,255.255.255.0,54004
41690,185.223.156.0,255.255.252.0,7018
205260,185.223.196.0,255.255.252.0,7018
205244,185.224.100.0,255.255.255.0,7018
12070,185.224.168.0,255.255.255.0,54004
61280,185.224.228.0,255.255.255.0,54004
205119,185.225.28.0,255.255.255.0,7018
205198,185.225.48.0,255.255.252.0,7018
205010,185.226.32.0,255.255.252.0,7018
209846,185.227.156.0,255.255.255.0,7018
205168,185.227.168.0,255.255.252.0,7018
205146,185.227.188.0,255.255.254.0,7018
208145,185.227.190.0,255.255.255.0,7018
211047,185.227.192.0,255.255.252.0,7018
31061,185.228.60.0,255.255.252.0,7018
198539,185.228.112.0,255.255.254.0,54004
33932,185.228.173.0,255.255.255.0,7018
39614,185.228.176.0,255.255.255.0,7018
41952,185.228.206.0,255.255.255.0,7018
207715,185.229.100.0,255.255.252.0,7018
273829,185.229.216.0,255.255.255.0,54004
57263,185.230.28.0,255.255.252.0,7018
205103,185.230.68.0,255.255.252.0,7018
205098,185.230.152.0,255.255.252.0,7018
205105,185.230.168.0,255.255.252.0,7018
205093,185.230.236.0,255.255.255.0,7018
210350,185.230.239.0,255.255.255.0,7018
42989,185.231.4.0,255.255.255.0,7018
205074,185.231.12.0,255.255.255.0,7018
38965,185.231.57.0,255.255.255.0,54004
212086,185.231.64.0,255.255.255.0,54004
205075,185.231.80.0,255.255.255.0,7018
204609,185.231.88.0,255.255.252.0,7018
205041,185.231.188.0,255.255.252.0,7018
209385,185.232.124.0,255.255.254.0,7018
205894,185.232.176.0,255.255.252.0,7018
211999,185.232.234.0,255.255.255.0,7018
60274,185.233.67.0,255.255.255.0,7018
39533,185.233.141.0,255.255.255.0,7018
216107,185.234.20.0,255.255.255.0,54004
39691,185.234.224.0,255.255.252.0,54004
211925,185.235.62.0,255.255.255.0,7018
211918,185.235.140.0,255.255.255.0,7018
42369,185.235.147.0,255.255.255.0,7018
211850,185.235.207.0,255.255.255.0,54004
204906,185.235.248.0,255.255.252.0,7018
204869,185.236.0.0,255.255.252.0,7018
39419,185.237.24.0,255.255.252.0,7018
205160,185.237.167.0,255.255.255.0,7018
206055,185.238.118.0,255.255.254.0,7018
204809,185.238.156.0,255.255.252.0,7018
198046,185.238.173.0,255.255.255.0,7018
62067,185.238.208.0,255.255.255.0,7018
210896,185.239.24.0,255.255.255.0,54004
44294,185.239.25.0,255.255.255.0,54004
200573,185.239.40.0,255.255.255.0,7018
43268,185.239.152.0,255.255.252.0,54004
61282,185.239.220.0,255.255.252.0,7018
13058,185.240.52.0,255.255.252.0,7018
204772,185.240.220.0,255.255.252.0,7018
211785,185.241.11.0,255.255.255.0,7018
33309,185.241.46.0,255.255.255.0,54004
210844,185.241.62.0,255.255.255.0,7018
214401,185.241.152.0,255.255.252.0,7018
200748,185.241.180.0,255.255.252.0,7018
204751,185.241.188.0,255.255.252.0,7018
202395,185.242.208.0,255.255.252.0,7018
207346,185.242.216.0,255.255.255.0,7018
202418,185.242.227.0,255.255.255.0,54004
210321,185.242.248.0,255.255.255.0,7018
203038,185.243.23.0,255.255.255.0,54004
48693,185.243.96.0,255.255.255.0,54004
201531,185.243.228.0,255.255.252.0,7018
209920,185.244.16.0,255.255.255.0,7018
202585,185.244.24.0,255.255.255.0,54004
60552,185.244.84.0,255.255.252.0,7018
213052,185.244.162.0,255.255.255.0,54004
200887,185.244.236.0,255.255.255.0,7018
204538,185.245.204.0,255.255.252.0,7018
204562,185.245.240.0,255.255.252.0,7018
204564,185.246.192.0,255.255.252.0,7018
204522,185.246.204.0,255.255.255.0,7018
207046,185.247.5.0,255.255.255.0,7018
12399,185.247.40.0,255.255.252.0,7018
49436,185.248.188.0,255.255.252.0,7018
208877,185.249.92.0,255.255.252.0,7018
204409,185.249.112.0,255.255.252.0,7018
34428,185.249.157.0,255.255.255.0,7018
202393,185.249.228.0,255.255.252.0,7018
51092,185.250.0.0,255.255.252.0,7018
42330,185.250.8.0,255.255.255.0,7018
204403,185.250.16.0,255.255.252.0,7018
204394,185.250.100.0,255.255.252.0,7018
211669,185.251.15.0,255.255.255.0,7018
204376,185.251.84.0,255.255.254.0,7018
60354,185.251.115.0,255.255.255.0,7018
203582,185.252.80.0,255.255.252.0,7018
204332,185.252.88.0,255.255.252.0,7018
201750,185.252.116.0,255.255.255.0,7018
200249,185.252.140.0,255.255.252.0,7018
13054,185.253.12.0,255.255.252.0,7018
48989,185.253.20.0,255.255.255.0,7018
211623,185.253.58.0,255.255.255.0,54004
204310,185.253.172.0,255.255.255.0,7018
204297,185.253.180.0,255.255.252.0,54004
204309,185.253.200.0,255.255.252.0,7018
211029,185.253.245.0,255.255.255.0,7018
39224,185.253.252.0,255.255.252.0,7018
210256,185.254.7.0,255.255.255.0,7018
200271,185.255.84.0,255.255.252.0,7018
204333,185.255.121.0,255.255.255.0,7018
270520,186.0.144.0,255.255.252.0,7018
27837,186.1.160.0,255.255.255.0,54004
52260,186.1.192.0,255.255.240.0,7018
52262,186.2.128.0,255.255.255.0,7018
263175,186.2.244.0,255.255.252.0,7018
27964,186.4.64.0,255.255.192.0,7018
26426,186.5.130.0,255.255.255.0,7018
52384,186.5.224.0,255.255.252.0,7018
270923,186.26.68.0,255.255.252.0,54004
270927,186.26.84.0,255.255.255.0,54004
270938,186.26.92.0,255.255.252.0,54004
263181,186.38.30.0,255.255.254.0,7018
5639,186.44.0.0,255.254.0.0,7018
270664,186.65.92.0,255.255.252.0,54004
266142,186.65.104.0,255.255.252.0,54004
52473,186.148.120.0,255.255.248.0,7018
27695,186.159.64.0,255.255.224.0,54004
27717,186.167.0.0,255.255.128.0,7018
16814,186.189.224.0,255.255.240.0,7018
26505,186.190.240.0,255.255.240.0,7018
262727,186.192.64.0,255.255.240.0,54004
262516,186.192.160.0,255.255.240.0,54004
53133,186.192.192.0,255.255.240.0,54004
28145,186.192.224.0,255.255.240.0,7018
53134,186.193.0.0,255.255.240.0,54004
262708,186.193.32.0,255.255.240.0,54004
28191,186.193.176.0,255.255.240.0,54004
28249,186.194.81.0,255.255.255.0,54004
53141,186.194.128.0,255.255.248.0,7018
270820,186.194.168.0,255.255.252.0,54004
270766,186.194.172.0,255.255.252.0,54004
262734,186.195.0.0,255.255.240.0,7018
53102,186.195.48.0,255.255.240.0,54004
262737,186.195.128.0,255.255.240.0,54004
274676,186.195.167.0,255.255.255.0,54004
270874,186.195.244.0,255.255.254.0,54004
262713,186.208.0.0,255.255.240.0,54004
262741,186.208.176.0,255.255.240.0,7018
28610,186.209.88.0,255.255.252.0,54004
271409,186.209.160.0,255.255.252.0,54004
271324,186.209.172.0,255.255.252.0,7018
53154,186.209.224.0,255.255.240.0,54004
53156,186.211.0.0,255.255.240.0,7018
14840,186.211.128.0,255.255.248.0,7018
262663,186.216.0.0,255.255.255.0,54004
262753,186.216.160.0,255.255.224.0,54004
52973,186.216.192.0,255.255.240.0,54004
262989,186.216.208.0,255.255.248.0,54004
264096,186.216.224.0,255.255.240.0,54004
53166,186.217.0.0,255.255.0.0,54004
270071,186.219.48.0,255.255.254.0,7018
28218,186.219.64.0,255.255.255.0,7018
52888,186.219.80.0,255.255.240.0,54004
262970,186.219.184.0,255.255.248.0,54004
270608,186.219.232.0,255.255.252.0,7018
28142,186.224.64.0,255.255.240.0,54004
262757,186.224.96.0,255.255.240.0,54004
28189,186.224.192.0,255.255.240.0,54004
270622,186.224.197.0,255.255.255.0,54004
262762,186.225.160.0,255.255.254.0,7018
53174,186.225.192.0,255.255.240.0,7018
263101,186.225.208.0,255.255.248.0,7018
262999,186.226.176.0,255.255.240.0,54004
262764,186.226.192.0,255.255.248.0,54004
263011,186.226.240.0,255.255.254.0,54004
53182,186.227.16.0,255.255.240.0,54004
273431,186.227.76.0,255.255.252.0,54004
53185,186.227.80.0,255.255.248.0,7018
263278,186.227.124.0,255.255.252.0,54004
263287,186.227.190.0,255.255.254.0,54004
262779,186.227.240.0,255.255.252.0,54004
263056,186.232.8.0,255.255.255.0,54004
262766,186.232.16.0,255.255.240.0,54004
262614,186.232.61.0,255.255.255.0,54004
263062,186.232.108.0,255.255.252.0,54004
263059,186.232.152.0,255.255.248.0,54004
53194,186.232.160.0,255.255.240.0,54004
262772,186.232.176.0,255.255.252.0,7018
61607,186.232.243.0,255.255.255.0,7018
270890,186.233.4.0,255.255.252.0,7018
262778,186.233.8.0,255.255.255.0,54004
273697,186.233.102.0,255.255.254.0,54004
263075,186.233.120.0,255.255.248.0,54004
52891,186.233.143.0,255.255.255.0,7018
263076,186.233.152.0,255.255.248.0,7018
7162,186.234.16.0,255.255.255.0,54004
13878,186.234.192.0,255.255.224.0,54004
19089,186.234.228.0,255.255.252.0,54004
263096,186.235.48.0,255.255.248.0,54004
273785,186.235.88.0,255.255.252.0,54004
28239,186.235.112.0,255.255.248.0,54004
53202,186.235.128.0,255.255.252.0,54004
61888,186.235.184.0,255.255.252.0,54004
53205,186.235.224.0,255.255.248.0,54004
28219,186.236.224.0,255.255.240.0,7018
263638,186.236.240.0,255.255.254.0,7018
262968,186.237.56.0,255.255.255.0,54004
262799,186.237.64.0,255.255.240.0,54004
270624,186.237.100.0,255.255.252.0,7018
270625,186.237.104.0,255.255.252.0,7018
263553,186.237.152.0,255.255.252.0,54004
61583,186.237.240.0,255.255.248.0,7018
23106,186.248.0.0,255.255.0.0,7018
263022,186.249.16.0,255.255.248.0,7018
28195,186.249.32.0,255.255.248.0,54004
263023,186.249.48.0,255.255.240.0,54004
262822,186.249.64.0,255.255.240.0,7018
263024,186.249.80.0,255.255.240.0,54004
263576,186.249.220.0,255.255.255.0,7018
263027,186.249.240.0,255.255.248.0,7018
264141,186.250.96.0,255.255.248.0,54004
262812,186.250.112.0,255.255.252.0,7018
262818,186.250.160.0,255.255.252.0,54004
53216,186.250.176.0,255.255.248.0,54004
53219,186.250.224.0,255.255.254.0,7018
53221,186.250.240.0,255.255.248.0,54004
270752,186.251.32.0,255.255.252.0,54004
52622,186.251.62.0,255.255.254.0,54004
262834,186.251.192.0,255.255.248.0,7018
274743,186.251.212.0,255.255.254.0,54004
262839,186.251.240.0,255.255.248.0,54004
262751,187.0.16.0,255.255.240.0,54004
270589,187.0.44.0,255.255.252.0,54004
28352,187.0.48.0,255.255.240.0,54004
263128,187.0.168.0,255.255.248.0,54004
61609,187.0.236.0,255.255.255.0,54004
263162,187.16.0.0,255.255.255.0,54004
28261,187.17.0.0,255.255.254.0,54004
28285,187.17.16.0,255.255.240.0,54004
270607,187.17.132.0,255.255.252.0,54004
270596,187.17.136.0,255.255.255.0,54004
28263,187.17.160.0,255.255.240.0,7018
28121,187.18.16.0,255.255.240.0,54004
273772,187.19.0.0,255.255.240.0,54004
28125,187.19.16.0,255.255.240.0,7018
263080,187.33.48.0,255.255.248.0,7018
28194,187.33.56.0,255.255.248.0,54004
28661,187.33.64.0,255.255.224.0,54004
262693,187.33.128.0,255.255.255.0,54004
262694,187.33.176.0,255.255.240.0,54004
53086,187.33.192.0,255.255.240.0,54004
263320,187.45.133.0,255.255.255.0,54004
28140,187.49.32.0,255.255.255.0,54004
28143,187.49.96.0,255.255.240.0,54004
28144,187.49.112.0,255.255.240.0,7018
272750,187.49.148.0,255.255.252.0,54004
28644,187.60.224.0,255.255.240.0,54004
269719,187.62.64.0,255.255.254.0,54004
269713,187.62.76.0,255.255.252.0,54004
269720,187.62.96.0,255.255.252.0,54004
270244,187.62.100.0,255.255.252.0,54004
28159,187.62.128.0,255.255.240.0,7018
262662,187.62.176.0,255.255.240.0,54004
53111,187.63.100.0,255.255.255.0,7018
262667,187.63.113.0,255.255.255.0,54004
271494,187.63.152.0,255.255.254.0,54004
53097,187.63.208.0,255.255.240.0,54004
28170,187.63.243.0,255.255.255.0,7018
263621,187.73.112.0,255.255.240.0,7018
28576,187.73.128.0,255.255.248.0,54004
28654,187.73.160.0,255.255.240.0,54004
270543,187.73.188.0,255.255.252.0,7018
262676,187.73.224.0,255.255.240.0,54004
53051,187.84.16.0,255.255.240.0,54004
53052,187.84.32.0,255.255.252.0,54004
52850,187.84.80.0,255.255.240.0,7018
8055,187.84.96.0,255.255.240.0,54004
274685,187.84.144.0,255.255.254.0,7018
53061,187.85.128.0,255.255.240.0,54004
270986,187.86.168.0,255.255.252.0,54004
271138,187.86.196.0,255.255.252.0,54004
263146,187.86.200.0,255.255.248.0,7018
53072,187.86.240.0,255.255.240.0,54004
61610,187.87.28.0,255.255.252.0,54004
262686,187.87.144.0,255.255.255.0,54004
262687,187.87.192.0,255.255.255.0,54004
262690,187.87.240.0,255.255.240.0,54004
270577,187.94.12.0,255.255.252.0,54004
262684,187.94.32.0,255.255.240.0,54004
53124,187.94.48.0,255.255.255.0,7018
270593,187.95.216.0,255.255.254.0,7018
270528,187.95.220.0,255.255.255.0,54004
53095,187.102.48.0,255.255.240.0,54004
271458,187.102.111.0,255.255.255.0,54004
270743,187.102.198.0,255.255.254.0,54004
262702,187.103.80.0,255.255.240.0,54004
53100,187.103.128.0,255.255.240.0,54004
270522,187.103.192.0,255.255.252.0,54004
270523,187.103.196.0,255.255.252.0,54004
262674,187.108.80.0,255.255.240.0,54004
28124,187.108.224.0,255.255.240.0,54004
262706,187.109.32.0,255.255.254.0,54004
20406,187.109.44.0,255.255.255.0,54004
272753,187.109.112.0,255.255.252.0,7018
273798,187.109.121.0,255.255.255.0,54004
53115,187.109.192.0,255.255.240.0,7018
262498,187.109.208.0,255.255.240.0,54004
270772,187.110.156.0,255.255.252.0,54004
262710,187.111.32.0,255.255.240.0,54004
53147,187.111.80.0,255.255.240.0,7018
262714,187.111.96.0,255.255.240.0,7018
271694,187.111.124.0,255.255.252.0,54004
53123,187.111.192.0,255.255.248.0,54004
270550,187.120.168.0,255.255.255.0,54004
53140,187.120.192.0,255.255.240.0,54004
262722,187.120.224.0,255.255.252.0,54004
53130,187.120.240.0,255.255.240.0,54004
270921,187.121.152.0,255.255.252.0,54004
270918,187.121.156.0,255.255.252.0,7018
28296,187.121.236.0,255.255.252.0,54004
46090,187.174.66.0,255.255.255.0,7018
18592,187.251.32.0,255.255.224.0,7018
57261,188.0.0.0,255.255.224.0,7018
198007,188.0.32.0,255.255.248.0,7018
57201,188.0.48.0,255.255.240.0,7018
49640,188.64.120.0,255.255.248.0,7018
60561,188.64.137.0,255.255.255.0,7018
12906,188.65.0.0,255.255.248.0,7018
204934,188.68.64.0,255.255.240.0,54004
200178,188.72.20.0,255.255.255.0,7018
215013,188.72.103.0,255.255.255.0,54004
211597,188.74.96.0,255.255.224.0,7018
48209,188.75.0.0,255.255.224.0,54004
203558,188.75.71.0,255.255.255.0,7018
196735,188.75.128.0,255.255.192.0,7018
9032,188.92.176.0,255.255.252.0,7018
49254,188.92.208.0,255.255.248.0,7018
215553,188.93.116.0,255.255.255.0,54004
35779,188.93.124.0,255.255.252.0,7018
52143,188.94.0.0,255.255.255.0,7018
49368,188.94.32.0,255.255.248.0,7018
19305,188.94.128.0,255.255.248.0,54004
210357,188.95.92.0,255.255.255.0,7018
205030,188.114.88.0,255.255.254.0,7018
215253,188.122.23.0,255.255.255.0,54004
209901,188.125.156.0,255.255.255.0,7018
205026,188.130.140.0,255.255.255.0,54004
205641,188.130.255.0,255.255.255.0,7018
56407,188.190.128.0,255.255.248.0,54004
28773,188.190.160.0,255.255.224.0,54004
207744,188.190.192.0,255.255.224.0,54004
203706,188.191.146.0,255.255.255.0,54004
50577,188.191.160.0,255.255.248.0,54004
197620,188.191.200.0,255.255.248.0,7018
31732,188.209.155.0,255.255.255.0,54004
202637,188.213.48.0,255.255.255.0,7018
62030,188.214.124.0,255.255.255.0,7018
12754,188.225.128.0,255.255.128.0,7018
214816,188.227.48.0,255.255.252.0,7018
44416,188.239.192.0,255.255.192.0,54004
16192,188.241.48.0,255.255.255.0,7018
47114,188.246.96.0,255.255.240.0,7018
51331,188.246.114.0,255.255.255.0,54004
28666,189.1.160.0,255.255.240.0,54004
26609,189.8.0.0,255.255.192.0,7018
52950,189.8.128.0,255.255.128.0,7018
270836,189.14.112.0,255.255.252.0,54004
14282,189.14.240.0,255.255.240.0,7018
28293,189.28.32.0,255.255.224.0,54004
270600,189.36.128.0,255.255.252.0,54004
28308,189.36.192.0,255.255.240.0,7018
270796,189.36.252.0,255.255.252.0,7018
28295,189.39.64.0,255.255.240.0,54004
28305,189.39.96.0,255.255.240.0,7018
268940,189.39.176.0,255.255.252.0,7018
270838,189.39.180.0,255.255.252.0,54004
270792,189.39.184.0,255.255.255.0,54004
270673,189.45.180.0,255.255.252.0,54004
270674,189.45.188.0,255.255.252.0,54004
28324,189.50.16.0,255.255.240.0,54004
28326,189.50.40.0,255.255.248.0,54004
270905,189.50.52.0,255.255.252.0,54004
270907,189.50.56.0,255.255.255.0,54004
23105,189.50.176.0,255.255.240.0,7018
270551,189.50.220.0,255.255.252.0,54004
22177,189.51.0.0,255.255.255.0,54004
263349,189.51.96.0,255.255.224.0,54004
270794,189.51.164.0,255.255.252.0,54004
270111,189.51.168.0,255.255.255.0,7018
270538,189.84.36.0,255.255.254.0,54004
271686,189.84.48.0,255.255.252.0,54004
273886,189.84.60.0,255.255.254.0,54004
270893,189.84.100.0,255.255.252.0,54004
28172,189.84.192.0,255.255.240.0,7018
28176,189.85.0.0,255.255.255.0,54004
270644,189.85.44.0,255.255.255.0,54004
28177,189.85.64.0,255.255.252.0,54004
270500,189.85.96.0,255.255.255.0,54004
270560,189.85.104.0,255.255.252.0,54004
270553,189.85.108.0,255.255.252.0,7018
270561,189.85.116.0,255.255.255.0,54004
273590,189.85.120.0,255.255.254.0,7018
11844,189.85.160.0,255.255.224.0,54004
28184,189.89.64.0,255.255.254.0,54004
262749,189.89.80.0,255.255.240.0,7018
272772,189.89.252.0,255.255.254.0,54004
28193,189.90.64.0,255.255.240.0,7018
28197,189.90.160.0,255.255.240.0,54004
27988,189.90.228.0,255.255.254.0,7018
28204,189.91.48.0,255.255.240.0,54004
271300,189.91.172.0,255.255.252.0,54004
10938,189.91.208.0,255.255.240.0,54004
22431,189.113.16.0,255.255.240.0,7018
28215,189.113.144.0,255.255.240.0,7018
270333,189.113.176.0,255.255.252.0,54004
270344,189.126.4.0,255.255.252.0,54004
270398,189.126.10.0,255.255.254.0,54004
28225,189.126.64.0,255.255.240.0,54004
40356,189.126.136.0,255.255.255.0,7018
28229,189.126.224.0,255.255.248.0,54004
28232,189.127.32.0,255.255.240.0,54004
270711,189.127.128.0,255.255.254.0,7018
270701,189.127.132.0,255.255.254.0,54004
270706,189.127.152.0,255.255.252.0,54004
270713,189.127.176.0,255.255.254.0,54004
28234,189.127.192.0,255.255.240.0,54004
28438,189.201.128.0,255.255.192.0,7018
7438,189.201.226.0,255.255.255.0,7018
269705,189.201.248.0,255.255.252.0,7018
28513,189.247.245.0,255.255.255.0,7018
28111,190.0.160.0,255.255.255.0,7018
270317,190.2.64.0,255.255.254.0,54004
28008,190.2.192.0,255.255.255.0,7018
271185,190.5.208.0,255.255.252.0,54004
21599,190.5.224.0,255.255.240.0,7018
26105,190.5.241.0,255.255.255.0,7018
27975,190.7.96.0,255.255.240.0,54004
27908,190.7.160.0,255.255.240.0,7018
271011,190.8.172.0,255.255.252.0,54004
28096,190.9.56.0,255.255.248.0,54004
271586,190.9.64.0,255.255.252.0,54004
271642,190.9.76.0,255.255.252.0,7018
271595,190.9.84.0,255.255.252.0,54004
273639,190.9.112.0,255.255.252.0,54004
271590,190.9.116.0,255.255.252.0,54004
270653,190.11.212.0,255.255.254.0,54004
270654,190.11.216.0,255.255.252.0,54004
52348,190.14.40.0,255.255.248.0,7018
27659,190.14.48.0,255.255.240.0,7018
22541,190.14.64.0,255.255.255.0,54004
211397,190.14.102.0,255.255.255.0,54004
27879,190.15.192.0,255.255.224.0,7018
6429,190.54.0.0,255.255.128.0,7018
23487,190.63.0.0,255.255.0.0,54004
270320,190.83.4.0,255.255.252.0,54004
270336,190.83.24.0,255.255.252.0,54004
270337,190.83.48.0,255.255.254.0,7018
270354,190.83.56.0,255.255.255.0,7018
270340,190.83.84.0,255.255.252.0,7018
270341,190.83.96.0,255.255.254.0,54004
270342,190.83.100.0,255.255.255.0,7018
270332,190.83.108.0,255.255.252.0,7018
269940,190.83.116.0,255.255.255.0,54004
270425,190.83.120.0,255.255.252.0,54004
270399,190.89.4.0,255.255.252.0,54004
270346,190.89.8.0,255.255.254.0,54004
270350,190.89.20.0,255.255.255.0,54004
270365,190.89.34.0,255.255.255.0,54004
270358,190.89.72.0,255.255.252.0,54004
270359,190.89.76.0,255.255.252.0,54004
270364,190.89.92.0,255.255.252.0,54004
270372,190.89.108.0,255.255.252.0,54004
270393,190.89.140.0,255.255.254.0,54004
270374,190.89.152.0,255.255.252.0,54004
270389,190.89.180.0,255.255.252.0,54004
52235,190.99.64.0,255.255.252.0,7018
262259,190.99.112.0,255.255.252.0,7018
273204,190.102.124.0,255.255.255.0,7018
13316,190.103.0.0,255.255.252.0,7018
52363,190.104.32.0,255.255.255.0,54004
52290,190.105.164.0,255.255.252.0,54004
28022,190.106.64.0,255.255.240.0,54004
271010,190.106.88.0,255.255.252.0,7018
270995,190.106.92.0,255.255.252.0,54004
270643,190.106.232.0,255.255.252.0,54004
271189,190.107.88.0,255.255.252.0,54004
271181,190.107.92.0,255.255.255.0,54004
20255,190.108.0.0,255.255.224.0,54004
52253,190.108.196.0,255.255.252.0,7018
264226,190.109.68.0,255.255.252.0,54004
264227,190.109.76.0,255.255.252.0,54004
272710,190.109.100.0,255.255.252.0,54004
271232,190.109.112.0,255.255.252.0,54004
271945,190.110.32.0,255.255.255.0,7018
27978,190.110.157.0,255.255.255.0,7018
52300,190.110.176.0,255.255.248.0,7018
264797,190.110.248.0,255.255.254.0,7018
273480,190.111.96.0,255.255.252.0,54004
11514,190.111.112.0,255.255.255.0,54004
270421,190.111.188.0,255.255.254.0,54004
52317,190.112.40.0,255.255.252.0,54004
28048,190.112.64.0,255.255.248.0,7018
269708,190.112.140.0,255.255.252.0,54004
269712,190.112.156.0,255.255.252.0,54004
27996,190.114.232.0,255.255.248.0,7018
270548,190.115.68.0,255.255.254.0,54004
270454,190.115.76.0,255.255.254.0,7018
270455,190.115.80.0,255.255.252.0,54004
270447,190.115.88.0,255.255.252.0,54004
270448,190.115.92.0,255.255.252.0,54004
52409,190.120.176.0,255.255.240.0,7018
270823,190.120.236.0,255.255.252.0,54004
270928,190.123.2.0,255.255.255.0,54004
265540,190.123.10.0,255.255.255.0,7018
52389,190.123.16.0,255.255.252.0,7018
52391,190.123.20.0,255.255.255.0,7018
27877,190.123.96.0,255.255.240.0,54004
266253,190.123.192.0,255.255.252.0,54004
266195,190.123.200.0,255.255.252.0,54004
266214,190.123.204.0,255.255.252.0,7018
27928,190.123.224.0,255.255.255.0,54004
27678,190.124.24.0,255.255.255.0,54004
52304,190.124.27.0,255.255.255.0,54004
270860,190.124.244.0,255.255.252.0,54004
52269,190.143.127.0,255.255.255.0,7018
27708,190.151.176.0,255.255.255.0,54004
26613,190.152.251.0,255.255.255.0,7018
27893,190.170.64.0,255.255.192.0,54004
25620,190.171.192.0,255.255.192.0,7018
28035,190.210.54.0,255.255.255.0,7018
52256,190.255.44.0,255.255.255.0,7018
19611,191.4.0.0,255.255.0.0,54004
263535,191.5.96.0,255.255.248.0,54004
263536,191.5.128.0,255.255.240.0,54004
263541,191.5.164.0,255.255.252.0,54004
61903,191.6.6.0,255.255.255.0,54004
263546,191.6.16.0,255.255.240.0,54004
263548,191.6.64.0,255.255.254.0,7018
273744,191.7.2.0,255.255.255.0,54004
273394,191.7.32.0,255.255.255.0,54004
263309,191.7.35.0,255.255.255.0,54004
263310,191.7.40.0,255.255.248.0,54004
263311,191.7.48.0,255.255.248.0,7018
271014,191.7.104.0,255.255.252.0,54004
263322,191.7.160.0,255.255.248.0,54004
263329,191.7.188.0,255.255.252.0,7018
263327,191.7.192.0,255.255.224.0,7018
263336,191.36.168.0,255.255.248.0,54004
263339,191.36.192.0,255.255.240.0,7018
263340,191.36.216.0,255.255.252.0,7018
263342,191.36.224.0,255.255.252.0,54004
263345,191.36.240.0,255.255.240.0,54004
263346,191.37.0.0,255.255.254.0,54004
263353,191.37.64.0,255.255.252.0,54004
263357,191.37.96.0,255.255.224.0,54004
263362,191.37.152.0,255.255.248.0,54004
263363,191.37.160.0,255.255.248.0,54004
263372,191.37.208.0,255.255.248.0,7018
263374,191.37.224.0,255.255.248.0,54004
263257,191.37.255.0,255.255.255.0,7018
263165,191.52.248.0,255.255.248.0,7018
210977,191.96.96.0,255.255.255.0,7018
9280,191.96.214.0,255.255.255.0,54004
263209,191.97.68.0,255.255.252.0,54004
201320,191.101.86.0,255.255.255.0,7018
262928,191.102.192.0,255.255.224.0,54004
263663,191.241.0.0,255.255.252.0,54004
263664,191.241.24.0,255.255.248.0,54004
263666,191.241.48.0,255.255.252.0,54004
10617,191.241.143.0,255.255.255.0,7018
263675,191.241.168.0,255.255.248.0,54004
263677,191.241.184.0,255.255.248.0,54004
274689,191.242.36.0,255.255.252.0,54004
263473,191.242.64.0,255.255.248.0,54004
263474,191.242.72.0,255.255.248.0,7018
263475,191.242.96.0,255.255.252.0,7018
263477,191.242.100.0,255.255.252.0,54004
263143,191.242.196.0,255.255.252.0,7018
263481,191.242.208.0,255.255.254.0,54004
263144,191.242.220.0,255.255.252.0,54004
263484,191.242.232.0,255.255.248.0,54004
263492,191.243.36.0,255.255.252.0,7018
263493,191.243.40.0,255.255.255.0,7018
271026,191.243.128.0,255.255.255.0,7018
263508,191.243.160.0,255.255.255.0,54004
263509,191.243.176.0,255.255.240.0,54004
263517,191.243.224.0,255.255.240.0,54004
263521,191.243.244.0,255.255.252.0,54004
272539,191.253.48.0,255.255.248.0,54004
14660,192.0.3.0,255.255.255.0,7018
40528,192.0.32.0,255.255.252.0,7018
20144,192.0.37.0,255.255.255.0,54004
16876,192.0.44.0,255.255.252.0,7018
3557,192.5.4.0,255.255.254.0,7018
6922,192.12.10.0,255.255.255.0,7018
2597,192.12.192.0,255.255.254.0,7018
55244,192.16.76.0,255.255.254.0,54004
40454,192.16.108.0,255.255.252.0,54004
4697,192.16.178.0,255.255.255.0,7018
10355,192.24.0.0,255.255.240.0,7018
7667,192.26.91.0,255.255.255.0,7018
48984,192.26.237.0,255.255.255.0,7018
63454,192.30.101.0,255.255.255.0,54004
112,192.31.196.0,255.255.255.0,54004
10255,192.31.227.0,255.255.255.0,7018
393990,192.33.167.0,255.255.255.0,7018
12276,192.33.255.0,255.255.255.0,54004
971,192.34.101.0,255.255.255.0,54004
35889,192.35.145.0,255.255.255.0,54004
6373,192.35.195.0,255.255.255.0,7018
9201,192.36.7.0,255.255.255.0,7018
47699,192.36.30.0,255.255.255.0,7018
199902,192.36.83.0,255.255.255.0,7018
39871,192.36.133.0,255.255.255.0,7018
39870,192.36.134.0,255.255.255.0,7018
39840,192.36.135.0,255.255.255.0,7018
1880,192.36.143.0,255.255.255.0,7018
18951,192.40.23.0,255.255.255.0,7018
30539,192.40.96.0,255.255.248.0,54004
8015,192.40.200.0,255.255.255.0,54004
33044,192.40.240.0,255.255.252.0,54004
4767,192.41.170.0,255.255.255.0,7018
2000,192.41.171.0,255.255.255.0,7018
7674,192.47.160.0,255.255.255.0,7018
18131,192.47.166.0,255.255.255.0,7018
24287,192.50.12.0,255.255.255.0,7018
7500,192.50.45.0,255.255.255.0,54004
8687,192.54.44.0,255.255.255.0,7018
13039,192.54.45.0,255.255.255.0,7018
781,192.54.210.0,255.255.255.0,7018
63180,192.55.104.0,255.255.255.0,54004
26723,192.55.208.0,255.255.255.0,7018
1732,192.58.44.0,255.255.255.0,7018
32155,192.58.90.0,255.255.255.0,7018
62782,192.64.36.0,255.255.254.0,7018
3912,192.65.78.0,255.255.255.0,54004
204680,192.67.189.0,255.255.255.0,7018
204911,192.68.11.0,255.255.255.0,7018
8002,192.68.29.0,255.255.255.0,7018
14746,192.69.24.0,255.255.255.0,54004
11142,192.69.48.0,255.255.240.0,7018
32621,192.69.76.0,255.255.255.0,7018
9408,192.69.116.0,255.255.255.0,54004
200559,192.71.40.0,255.255.255.0,7018
3166,192.71.96.0,255.255.255.0,7018
140099,192.73.22.0,255.255.255.0,54004
396515,192.75.191.0,255.255.255.0,54004
15368,192.76.151.0,255.255.255.0,7018
35052,192.76.243.0,255.255.255.0,54004
5783,192.78.182.0,255.255.255.0,7018
54945,192.80.112.0,255.255.240.0,7018
33293,192.81.116.0,255.255.252.0,7018
23457,192.82.150.0,255.255.255.0,54004
35891,192.83.205.0,255.255.255.0,7018
21681,192.86.21.0,255.255.255.0,7018
2486,192.93.0.0,255.255.255.0,7018
48688,192.93.164.0,255.255.255.0,7018
5726,192.94.74.0,255.255.255.0,54004
7577,192.94.174.0,255.255.255.0,54004
6083,192.94.246.0,255.255.255.0,7018
25615,192.96.233.0,255.255.255.0,7018
20306,192.100.55.0,255.255.255.0,7018
263261,192.100.177.0,255.255.255.0,54004
211655,192.102.225.0,255.255.255.0,7018
35937,192.103.252.0,255.255.255.0,54004
40149,192.107.38.0,255.255.255.0,7018
22721,192.107.46.0,255.255.255.0,54004
9083,192.108.88.0,255.255.255.0,7018
1922,192.108.172.0,255.255.254.0,7018
213938,192.109.147.0,255.255.255.0,7018
207876,192.109.210.0,255.255.255.0,7018
26652,192.110.192.0,255.255.240.0,54004
13460,192.111.38.0,255.255.255.0,7018
22422,192.111.56.0,255.255.248.0,7018
11369,192.111.84.0,255.255.255.0,7018
395848,192.112.68.0,255.255.255.0,7018
52177,192.121.29.0,255.255.255.0,7018
199950,192.121.44.0,255.255.255.0,54004
204302,192.121.68.0,255.255.255.0,54004
12381,192.121.100.0,255.255.255.0,7018
199545,192.121.118.0,255.255.254.0,7018
2118,192.124.179.0,255.255.255.0,7018
3312,192.124.184.0,255.255.252.0,54004
2901,192.132.2.0,255.255.255.0,7018
64275,192.133.2.0,255.255.255.0,54004
63465,192.133.47.0,255.255.255.0,7018
12401,192.133.109.0,255.255.255.0,7018
40063,192.135.54.0,255.255.254.0,7018
6667,192.136.73.0,255.255.255.0,7018
29888,192.136.176.0,255.255.252.0,7018
10965,192.139.69.0,255.255.255.0,7018
819,192.139.219.0,255.255.255.0,7018
266222,192.140.24.0,255.255.252.0,54004
266550,192.140.64.0,255.255.255.0,54004
266260,192.140.88.0,255.255.252.0,54004
266240,192.140.116.0,255.255.252.0,54004
267448,192.141.60.0,255.255.252.0,54004
267470,192.141.72.0,255.255.252.0,54004
267462,192.141.84.0,255.255.252.0,54004
267522,192.141.100.0,255.255.252.0,54004
267467,192.141.116.0,255.255.252.0,54004
267466,192.141.120.0,255.255.254.0,54004
267469,192.141.156.0,255.255.252.0,54004
265792,192.141.180.0,255.255.252.0,7018
267473,192.141.184.0,255.255.255.0,54004
267475,192.141.192.0,255.255.252.0,54004
267479,192.141.200.0,255.255.252.0,54004
267503,192.141.252.0,255.255.255.0,54004
266156,192.144.68.0,255.255.255.0,54004
266244,192.144.104.0,255.255.252.0,54004
266533,192.144.116.0,255.255.252.0,54004
272483,192.144.124.0,255.255.252.0,54004
328605,192.145.180.0,255.255.252.0,54004
266242,192.145.204.0,255.255.252.0,54004
266236,192.145.212.0,255.255.252.0,7018
266220,192.145.216.0,255.255.252.0,54004
13501,192.148.240.0,255.255.255.0,7018
3836,192.150.250.0,255.255.254.0,7018
26549,192.159.31.0,255.255.255.0,54004
33422,192.159.144.0,255.255.240.0,7018
62901,192.159.160.0,255.255.255.0,7018
264370,192.160.50.0,255.255.255.0,7018
35165,192.162.8.0,255.255.252.0,7018
49827,192.162.32.0,255.255.252.0,54004
197682,192.162.44.0,255.255.252.0,7018
29203,192.162.76.0,255.255.252.0,54004
39056,192.162.116.0,255.255.252.0,54004
12662,192.162.132.0,255.255.252.0,54004
197709,192.162.144.0,255.255.252.0,7018
197721,192.162.164.0,255.255.252.0,7018
56634,192.162.212.0,255.255.252.0,7018
8995,192.165.82.0,255.255.255.0,54004
8642,192.165.86.0,255.255.255.0,7018
207448,192.165.132.0,255.255.255.0,7018
41446,192.166.12.0,255.255.252.0,7018
56574,192.166.232.0,255.255.252.0,54004
32286,192.170.136.0,255.255.255.0,7018
64273,192.172.244.0,255.255.255.0,54004
53164,192.188.11.0,255.255.255.0,7018
2721,192.188.108.0,255.255.255.0,54004
1115,192.188.121.0,255.255.255.0,54004
54294,192.188.230.0,255.255.255.0,7018
11996,192.189.147.0,255.255.255.0,7018
36249,192.189.253.0,255.255.255.0,7018
25883,192.193.8.0,255.255.255.0,7018
4996,192.193.12.0,255.255.255.0,7018
3081,192.193.18.0,255.255.255.0,7018
2912,192.193.64.0,255.255.255.0,54004
1696,192.193.101.0,255.255.255.0,7018
15606,192.195.72.0,255.255.255.0,7018
53405,192.199.192.0,255.255.240.0,54004
13926,192.200.152.0,255.255.255.0,7018
393853,192.206.36.0,255.255.254.0,7018
152657,192.206.152.0,255.255.255.0,7018
11097,192.207.194.0,255.255.255.0,54004
212895,192.208.1.0,255.255.255.0,54004
40217,192.209.18.0,255.255.255.0,7018
6143,192.225.98.0,255.255.255.0,7018
54301,192.225.161.0,255.255.255.0,7018
55178,192.230.176.0,255.255.255.0,7018
16874,192.231.110.0,255.255.255.0,54004
271407,192.231.117.0,255.255.255.0,54004
19556,192.232.12.0,255.255.255.0,7018
40716,192.234.159.0,255.255.255.0,54004
63370,192.234.194.0,255.255.255.0,7018
54985,192.235.32.0,255.255.240.0,7018
394744,192.240.64.0,255.255.224.0,7018
36218,192.250.237.0,255.255.255.0,7018
64223,192.251.56.0,255.255.255.0,54004
3465,192.252.67.0,255.255.255.0,7018
3333,193.0.0.0,255.255.248.0,7018
197000,193.0.8.0,255.255.254.0,54004
25152,193.0.14.0,255.255.254.0,54004
8890,193.0.64.0,255.255.192.0,7018
25150,193.0.228.0,255.255.255.0,7018
41980,193.0.253.0,255.255.255.0,7018
216316,193.3.38.0,255.255.255.0,7018
212033,193.3.45.0,255.255.255.0,7018
202359,193.3.165.0,255.255.255.0,7018
196621,193.5.68.0,255.255.254.0,7018
52183,193.5.116.0,255.255.255.0,7018
211452,193.5.176.0,255.255.254.0,7018
197764,193.8.61.0,255.255.255.0,7018
60284,193.9.27.0,255.255.255.0,7018
49311,193.9.240.0,255.255.255.0,54004
44602,193.9.250.0,255.255.255.0,7018
200768,193.16.36.0,255.255.252.0,7018
42312,193.16.160.0,255.255.248.0,7018
31080,193.17.41.0,255.255.255.0,7018
31564,193.17.73.0,255.255.255.0,7018
210752,193.17.90.0,255.255.255.0,54004
29620,193.17.214.0,255.255.255.0,7018
12815,193.17.229.0,255.255.255.0,7018
44665,193.19.116.0,255.255.255.0,7018
49866,193.19.136.0,255.255.252.0,7018
57319,193.19.168.0,255.255.255.0,54004
212754,193.19.248.0,255.255.254.0,7018
57249,193.22.81.0,255.255.255.0,7018
215140,193.22.129.0,255.255.255.0,54004
39133,193.22.252.0,255.255.255.0,7018
51799,193.23.4.0,255.255.252.0,7018
197068,193.23.55.0,255.255.255.0,54004
8741,193.23.141.0,255.255.255.0,7018
50803,193.24.220.0,255.255.255.0,54004
198036,193.24.244.0,255.255.252.0,7018
31173,193.25.176.0,255.255.254.0,54004
31235,193.25.195.0,255.255.255.0,7018
12986,193.26.27.0,255.255.255.0,54004
44097,193.27.0.0,255.255.255.0,54004
31038,193.27.70.0,255.255.254.0,7018
208164,193.27.91.0,255.255.255.0,7018
30889,193.27.195.0,255.255.255.0,54004
41718,193.27.224.0,255.255.255.0,54004
30730,193.28.0.0,255.255.255.0,7018
6764,193.28.14.0,255.255.255.0,7018
31174,193.28.44.0,255.255.255.0,54004
31360,193.28.92.0,255.255.255.0,7018
207858,193.28.255.0,255.255.255.0,54004
15580,193.29.52.0,255.255.255.0,54004
12625,193.29.64.0,255.255.224.0,54004
211868,193.29.180.0,255.255.255.0,54004
207488,193.29.203.0,255.255.255.0,7018
42198,193.30.32.0,255.255.255.0,54004
30920,193.30.39.0,255.255.255.0,7018
31396,193.30.42.0,255.255.255.0,7018
15945,193.31.52.0,255.255.255.0,7018
211268,193.32.59.0,255.255.255.0,7018
200889,193.32.95.0,255.255.255.0,7018
209114,193.33.120.0,255.255.255.0,54004
42712,193.33.154.0,255.255.255.0,7018
42939,193.33.250.0,255.255.254.0,7018
48626,193.34.52.0,255.255.252.0,7018
44246,193.34.84.0,255.255.252.0,7018
199510,193.34.138.0,255.255.254.0,7018
41796,193.34.162.0,255.255.254.0,54004
203574,193.34.174.0,255.255.254.0,7018
50856,193.34.216.0,255.255.252.0,54004
59404,193.35.32.0,255.255.254.0,7018
205873,193.35.61.0,255.255.255.0,7018
211010,193.35.63.0,255.255.255.0,7018
211450,193.36.90.0,255.255.255.0,7018
210036,193.36.104.0,255.255.255.0,7018
61201,193.36.189.0,255.255.255.0,7018
203364,193.37.39.0,255.255.255.0,7018
205138,193.37.45.0,255.255.255.0,7018
210847,193.37.84.0,255.255.252.0,7018
214459,193.38.32.0,255.255.255.0,7018
211441,193.38.246.0,255.255.255.0,7018
50293,193.39.195.0,255.255.255.0,7018
210788,193.41.47.0,255.255.255.0,7018
57260,193.41.136.0,255.255.254.0,7018
49095,193.41.154.0,255.255.254.0,7018
197146,193.41.172.0,255.255.252.0,7018
16101,193.41.194.0,255.255.255.0,7018
16062,193.41.195.0,255.255.255.0,7018
208441,193.41.228.0,255.255.255.0,7018
211170,193.42.22.0,255.255.255.0,7018
208060,193.43.30.0,255.255.254.0,7018
34330,193.43.77.0,255.255.255.0,7018
8978,193.43.128.0,255.255.252.0,7018
208794,193.43.139.0,255.255.255.0,7018
13165,193.43.182.0,255.255.255.0,54004
51742,193.43.210.0,255.255.254.0,54004
35585,193.43.228.0,255.255.252.0,7018
208985,193.46.36.0,255.255.254.0,54004
43462,193.46.75.0,255.255.255.0,7018
5397,193.46.180.0,255.255.255.0,7018
200974,193.46.187.0,255.255.255.0,7018
39804,193.53.207.0,255.255.255.0,7018
215514,193.56.62.0,255.255.255.0,7018
62269,193.56.133.0,255.255.255.0,7018
208960,193.56.192.0,255.255.255.0,7018
50263,193.57.47.0,255.255.255.0,54004
44355,193.57.167.0,255.255.255.0,7018
64241,193.57.173.0,255.255.255.0,54004
200930,193.58.180.0,255.255.255.0,7018
41586,193.58.246.0,255.255.255.0,54004
207684,193.59.14.0,255.255.254.0,7018
204679,193.59.78.0,255.255.254.0,7018
59832,193.59.104.0,255.255.254.0,7018
51066,193.80.132.0,255.255.252.0,7018
39331,193.84.17.0,255.255.255.0,7018
44478,193.84.76.0,255.255.255.0,7018
211360,193.84.108.0,255.255.255.0,7018
51465,193.91.5.0,255.255.255.0,7018
39513,193.93.76.0,255.255.252.0,54004
8458,193.93.156.0,255.255.252.0,7018
213028,193.93.180.0,255.255.255.0,54004
39764,193.93.208.0,255.255.252.0,7018
49009,193.96.224.0,255.255.255.0,7018
12502,193.96.243.0,255.255.255.0,7018
49923,193.104.48.0,255.255.255.0,7018
41551,193.104.70.0,255.255.255.0,7018
34599,193.104.76.0,255.255.255.0,7018
50038,193.104.87.0,255.255.255.0,7018
41077,193.104.109.0,255.255.255.0,7018
50172,193.104.162.0,255.255.255.0,7018
214729,193.104.198.0,255.255.255.0,7018
50989,193.104.214.0,255.255.255.0,7018
16075,193.104.220.0,255.255.255.0,7018
15422,193.104.231.0,255.255.255.0,7018
196887,193.104.244.0,255.255.255.0,7018
42915,193.105.2.0,255.255.255.0,7018
12553,193.105.5.0,255.255.255.0,54004
198655,193.105.16.0,255.255.255.0,7018
34291,193.105.39.0,255.255.255.0,54004
50475,193.105.56.0,255.255.255.0,54004
8236,193.105.76.0,255.255.255.0,7018
50737,193.105.111.0,255.255.255.0,7018
196939,193.105.124.0,255.255.255.0,54004
39121,193.105.126.0,255.255.255.0,7018
41427,193.105.127.0,255.255.255.0,7018
50638,193.105.143.0,255.255.255.0,7018
50786,193.105.227.0,255.255.255.0,7018
42547,193.106.100.0,255.255.252.0,7018
196879,193.106.108.0,255.255.252.0,54004
50357,193.106.124.0,255.255.254.0,7018
209008,193.106.151.0,255.255.255.0,54004
50507,193.106.180.0,255.255.252.0,7018
50459,193.106.200.0,255.255.252.0,7018
50488,193.107.0.0,255.255.252.0,54004
196980,193.107.8.0,255.255.252.0,7018
34190,193.107.24.0,255.255.254.0,54004
50562,193.107.28.0,255.255.252.0,7018
22399,193.108.158.0,255.255.255.0,7018
211786,193.108.200.0,255.255.255.0,7018
20934,193.108.226.0,255.255.254.0,7018
24743,193.109.16.0,255.255.240.0,7018
21158,193.109.132.0,255.255.254.0,7018
21247,193.109.142.0,255.255.254.0,7018
20983,193.109.244.0,255.255.254.0,7018
24652,193.110.48.0,255.255.255.0,7018
24579,193.110.89.0,255.255.255.0,7018
199692,193.110.96.0,255.255.254.0,7018
21488,193.110.106.0,255.255.254.0,7018
24770,193.110.159.0,255.255.255.0,7018
24593,193.110.162.0,255.255.254.0,54004
50072,193.110.232.0,255.255.252.0,7018
24717,193.111.20.0,255.255.254.0,54004
39526,193.111.29.0,255.255.255.0,7018
24724,193.111.37.0,255.255.255.0,7018
30894,193.111.75.0,255.255.255.0,54004
24995,193.111.85.0,255.255.255.0,7018
50030,193.111.212.0,255.255.255.0,7018
51907,193.134.16.0,255.255.240.0,7018
59812,193.134.251.0,255.255.255.0,7018
34885,193.138.0.0,255.255.255.0,7018
208814,193.138.81.0,255.255.255.0,7018
205798,193.141.109.0,255.255.255.0,7018
200144,193.142.61.0,255.255.255.0,7018
42643,193.142.210.0,255.255.255.0,7018
59492,193.142.213.0,255.255.255.0,54004
200602,193.143.18.0,255.255.255.0,7018
132077,193.149.153.0,255.255.255.0,54004
57381,193.150.22.0,255.255.254.0,7018
61325,193.150.54.0,255.255.254.0,54004
57404,193.150.76.0,255.255.252.0,7018
204534,193.151.39.0,255.255.255.0,7018
31381,193.151.68.0,255.255.252.0,7018
25482,193.151.240.0,255.255.254.0,54004
215128,193.151.244.0,255.255.255.0,7018
57821,193.160.39.0,255.255.255.0,54004
51273,193.160.224.0,255.255.255.0,54004
62165,193.163.52.0,255.255.255.0,7018
212608,193.163.53.0,255.255.255.0,7018
212640,193.163.54.0,255.255.255.0,7018
202971,193.164.134.0,255.255.254.0,7018
49763,193.164.196.0,255.255.254.0,7018
214814,193.164.208.0,255.255.255.0,7018
210872,193.168.8.0,255.255.255.0,7018
42423,193.168.184.0,255.255.254.0,7018
56598,193.168.204.0,255.255.254.0,7018
49404,193.169.52.0,255.255.254.0,7018
49384,193.169.142.0,255.255.255.0,7018
2541,193.169.144.0,255.255.255.0,7018
209994,193.176.88.0,255.255.252.0,7018
199400,193.176.101.0,255.255.255.0,7018
207063,193.177.128.0,255.255.252.0,7018
216078,193.178.226.0,255.255.255.0,54004
208639,193.180.56.0,255.255.254.0,7018
206013,193.180.104.0,255.255.248.0,7018
39658,193.180.124.0,255.255.255.0,7018
57602,193.180.238.0,255.255.255.0,7018
199150,193.180.242.0,255.255.255.0,7018
208453,193.181.23.0,255.255.255.0,7018
212021,193.182.168.0,255.255.255.0,7018
34628,193.183.70.0,255.255.255.0,7018
209608,193.186.200.0,255.255.252.0,7018
43598,193.187.192.0,255.255.252.0,7018
215551,193.189.101.0,255.255.255.0,7018
8323,193.193.64.0,255.255.224.0,7018
204471,193.194.16.0,255.255.255.0,7018
3208,193.194.64.0,255.255.224.0,7018
12982,193.194.156.0,255.255.255.0,7018
42809,193.200.34.0,255.255.254.0,7018
42534,193.200.88.0,255.255.255.0,7018
52020,193.200.122.0,255.255.254.0,7018
42856,193.200.137.0,255.255.255.0,54004
25598,193.200.144.0,255.255.255.0,7018
43217,193.200.184.0,255.255.255.0,7018
60766,193.201.44.0,255.255.255.0,7018
203348,193.201.166.0,255.255.255.0,7018
25055,193.201.167.0,255.255.255.0,54004
41191,193.203.32.0,255.255.252.0,7018
35386,193.203.37.0,255.255.255.0,7018
8664,193.219.28.0,255.255.255.0,7018
215219,193.221.125.0,255.255.255.0,7018
57455,193.222.52.0,255.255.252.0,7018
2561,193.227.0.0,255.255.255.0,7018
41478,193.227.97.0,255.255.255.0,54004
250,193.227.234.0,255.255.254.0,7018
207543,193.227.242.0,255.255.255.0,54004
200577,193.228.3.0,255.255.255.0,7018
214656,193.228.146.0,255.255.255.0,54004
49077,193.231.151.0,255.255.255.0,7018
50169,193.232.50.0,255.255.255.0,7018
50218,193.232.51.0,255.255.255.0,54004
59801,193.232.70.0,255.255.255.0,54004
205022,193.232.72.0,255.255.255.0,7018
50677,193.232.98.0,255.255.254.0,54004
39589,193.232.100.0,255.255.255.0,54004
50416,193.232.101.0,255.255.255.0,54004
45029,193.232.132.0,255.255.255.0,7018
44597,193.232.134.0,255.255.255.0,54004
45018,193.232.137.0,255.255.255.0,7018
47445,193.232.139.0,255.255.255.0,7018
42253,193.232.214.0,255.255.254.0,7018
42139,193.232.230.0,255.255.255.0,7018
42728,193.232.231.0,255.255.255.0,7018
205628,193.233.148.0,255.255.255.0,54004
49954,193.233.154.0,255.255.255.0,54004
203163,193.233.155.0,255.255.255.0,7018
199768,193.235.28.0,255.255.255.0,7018
203426,193.235.52.0,255.255.254.0,7018
48220,193.235.154.0,255.255.255.0,7018
207969,193.236.96.0,255.255.255.0,7018
12833,193.236.100.0,255.255.254.0,7018
212236,193.238.46.0,255.255.254.0,54004
20938,193.238.92.0,255.255.252.0,7018
34933,193.238.224.0,255.255.255.0,54004
39468,193.239.68.0,255.255.252.0,7018
35306,193.239.124.0,255.255.252.0,7018
35296,193.239.180.0,255.255.254.0,54004
22056,193.240.244.0,255.255.255.0,54004
34199,193.242.100.0,255.255.255.0,7018
12808,193.242.123.0,255.255.255.0,54004
198945,193.242.172.0,255.255.255.0,54004
215444,193.242.185.0,255.255.255.0,7018
211148,193.242.186.0,255.255.255.0,7018
35420,193.242.204.0,255.255.252.0,7018
34559,193.247.213.0,255.255.255.0,7018
25323,193.254.228.0,255.255.254.0,7018
48053,194.0.4.0,255.255.255.0,7018
199670,194.0.6.0,255.255.255.0,54004
197440,194.0.16.0,255.255.255.0,7018
8410,194.0.120.0,255.255.252.0,7018
42180,194.0.140.0,255.255.255.0,7018
42181,194.0.160.0,255.255.255.0,7018
199148,194.0.219.0,255.255.255.0,54004
43476,194.1.144.0,255.255.255.0,7018
8298,194.1.163.0,255.255.255.0,7018
42458,194.1.195.0,255.255.255.0,54004
208353,194.4.214.0,255.255.255.0,7018
51778,194.5.228.0,255.255.252.0,7018
209256,194.6.243.0,255.255.255.0,7018
21083,194.8.57.0,255.255.255.0,54004
39057,194.8.61.0,255.255.255.0,7018
216333,194.8.133.0,255.255.255.0,54004
47117,194.8.136.0,255.255.252.0,7018
48914,194.11.29.0,255.255.255.0,7018
205915,194.13.160.0,255.255.240.0,54004
44529,194.14.100.0,255.255.254.0,7018
31800,194.14.236.0,255.255.255.0,54004
207995,194.24.162.0,255.255.254.0,7018
31471,194.24.224.0,255.255.255.0,7018
41044,194.24.228.0,255.255.254.0,7018
211816,194.26.196.0,255.255.255.0,7018
50882,194.28.8.0,255.255.252.0,7018
60399,194.28.12.0,255.255.252.0,7018
48712,194.28.32.0,255.255.252.0,7018
45049,194.28.97.0,255.255.255.0,7018
197058,194.28.144.0,255.255.252.0,54004
51068,194.28.200.0,255.255.252.0,7018
51186,194.28.236.0,255.255.252.0,7018
51086,194.28.240.0,255.255.252.0,7018
20537,194.29.99.0,255.255.255.0,7018
12464,194.29.128.0,255.255.224.0,7018
198431,194.31.36.0,255.255.254.0,7018
60193,194.31.255.0,255.255.255.0,7018
49859,194.32.111.0,255.255.255.0,54004
58237,194.33.72.0,255.255.252.0,7018
203778,194.33.76.0,255.255.254.0,7018
204278,194.33.111.0,255.255.255.0,7018
212119,194.33.116.0,255.255.252.0,7018
41910,194.33.188.0,255.255.255.0,54004
210201,194.34.96.0,255.255.254.0,54004
215065,194.34.170.0,255.255.255.0,54004
207593,194.35.187.0,255.255.255.0,7018
213389,194.36.80.0,255.255.254.0,54004
213387,194.36.94.0,255.255.255.0,7018
42012,194.36.162.0,255.255.255.0,7018
15814,194.36.224.0,255.255.240.0,54004
41915,194.37.72.0,255.255.248.0,7018
60349,194.38.36.0,255.255.252.0,7018
205483,194.39.28.0,255.255.252.0,7018
202434,194.39.196.0,255.255.252.0,7018
62443,194.39.255.0,255.255.255.0,54004
200001,194.42.110.0,255.255.254.0,7018
50569,194.44.28.0,255.255.255.0,54004
50487,194.44.222.0,255.255.255.0,54004
210353,194.44.234.0,255.255.255.0,54004
62097,194.45.166.0,255.255.255.0,7018
12991,194.48.4.0,255.255.252.0,7018
206356,194.48.228.0,255.255.254.0,7018
200387,194.49.8.0,255.255.255.0,7018
215968,194.49.55.0,255.255.255.0,7018
34800,194.50.99.0,255.255.255.0,54004
8838,194.50.108.0,255.255.255.0,7018
39661,194.50.110.0,255.255.255.0,7018
203420,194.50.176.0,255.255.255.0,54004
201163,194.50.202.0,255.255.255.0,7018
207796,194.50.204.0,255.255.255.0,54004
207973,194.53.86.0,255.255.254.0,7018
41692,194.54.92.0,255.255.252.0,7018
42598,194.55.4.0,255.255.255.0,7018
21190,194.56.100.0,255.255.252.0,7018
48755,194.56.151.0,255.255.255.0,7018
198951,194.56.174.0,255.255.254.0,7018
214323,194.58.64.0,255.255.255.0,54004
201677,194.58.241.0,255.255.255.0,54004
12470,194.59.213.0,255.255.255.0,7018
200311,194.60.212.0,255.255.255.0,7018
213216,194.61.0.0,255.255.255.0,54004
41842,194.61.24.0,255.255.255.0,54004
200020,194.62.131.0,255.255.255.0,7018
39561,194.67.73.0,255.255.255.0,54004
212662,194.68.1.0,255.255.255.0,7018
20943,194.68.134.0,255.255.255.0,7018
206889,194.71.18.0,255.255.255.0,7018
210679,194.71.153.0,255.255.255.0,7018
6782,194.71.156.0,255.255.255.0,7018
24668,194.71.182.0,255.255.255.0,7018
207489,194.76.145.0,255.255.255.0,54004
28974,194.76.188.0,255.255.252.0,54004
202438,194.79.36.0,255.255.252.0,7018
48876,194.79.250.0,255.255.255.0,7018
57680,194.85.63.0,255.255.255.0,54004
208447,194.85.64.0,255.255.255.0,7018
47104,194.85.82.0,255.255.254.0,54004
62135,194.85.254.0,255.255.255.0,7018
34214,194.88.1.0,255.255.255.0,54004
35522,194.88.200.0,255.255.254.0,54004
35640,194.88.204.0,255.255.254.0,7018
50598,194.93.112.0,255.255.252.0,7018
211018,194.99.159.0,255.255.255.0,7018
39803,194.102.100.0,255.255.255.0,7018
57082,194.102.195.0,255.255.255.0,7018
49862,194.103.21.0,255.255.255.0,7018
6820,194.105.192.0,255.255.224.0,7018
213403,194.106.196.0,255.255.254.0,54004
53973,194.106.199.0,255.255.255.0,7018
39208,194.107.248.0,255.255.252.0,7018
42711,194.110.129.0,255.255.255.0,7018
44193,194.110.204.0,255.255.255.0,54004
42778,194.110.240.0,255.255.255.0,7018
211295,194.113.249.0,255.255.255.0,7018
207638,194.116.104.0,255.255.255.0,7018
209631,194.116.112.0,255.255.248.0,7018
42986,194.116.182.0,255.255.254.0,7018
213342,194.116.239.0,255.255.255.0,7018
44865,194.116.242.0,255.255.254.0,7018
60735,194.124.236.0,255.255.255.0,7018
59813,194.124.237.0,255.255.255.0,7018
12847,194.125.240.0,255.255.255.0,7018
34540,194.126.214.0,255.255.255.0,7018
207793,194.127.156.0,255.255.255.0,7018
202321,194.127.248.0,255.255.255.0,7018
15756,194.135.100.0,255.255.255.0,54004
6802,194.141.0.0,255.255.0.0,7018
39063,194.145.116.0,255.255.255.0,7018
9182,194.145.122.0,255.255.254.0,7018
12817,194.145.150.0,255.255.254.0,7018
208614,194.145.230.0,255.255.255.0,7018
60488,194.146.122.0,255.255.255.0,7018
202347,194.146.164.0,255.255.252.0,7018
60159,194.146.188.0,255.255.252.0,54004
21641,194.147.71.0,255.255.255.0,54004
207465,194.147.139.0,255.255.255.0,7018
5379,194.149.128.0,255.255.224.0,7018
203522,194.149.139.0,255.255.255.0,7018
198035,194.150.170.0,255.255.254.0,7018
47220,194.152.42.0,255.255.255.0,7018
47275,194.152.50.0,255.255.254.0,7018
209597,194.152.57.0,255.255.255.0,7018
12628,194.153.117.0,255.255.255.0,7018
28801,194.153.190.0,255.255.254.0,7018
51505,194.154.32.0,255.255.224.0,7018
29008,194.156.20.0,255.255.254.0,7018
212989,194.156.22.0,255.255.255.0,7018
48386,194.156.155.0,255.255.255.0,54004
213641,194.169.157.0,255.255.255.0,54004
199330,194.169.218.0,255.255.255.0,54004
42094,194.169.235.0,255.255.255.0,7018
48790,194.177.28.0,255.255.252.0,7018
199162,194.180.6.0,255.255.255.0,7018
216092,194.180.216.0,255.255.255.0,7018
202854,194.181.67.0,255.255.255.0,7018
39040,194.187.88.0,255.255.252.0,7018
200142,194.187.236.0,255.255.252.0,7018
201302,194.190.7.0,255.255.255.0,7018
47213,194.190.8.0,255.255.255.0,54004
52184,194.190.9.0,255.255.255.0,54004
50002,194.190.22.0,255.255.255.0,54004
49925,194.190.24.0,255.255.255.0,7018
50822,194.190.78.0,255.255.255.0,54004
50776,194.190.80.0,255.255.252.0,7018
50958,194.190.96.0,255.255.252.0,7018
207561,194.190.113.0,255.255.255.0,7018
204600,194.190.116.0,255.255.254.0,7018
207239,194.190.220.0,255.255.254.0,7018
36956,194.204.217.0,255.255.255.0,7018
197185,194.213.102.0,255.255.254.0,7018
51314,194.213.104.0,255.255.254.0,54004
41620,194.225.224.0,255.255.240.0,7018
5568,194.226.68.0,255.255.255.0,7018
60040,194.226.174.0,255.255.255.0,7018
214069,194.226.248.0,255.255.255.0,7018
196764,194.242.30.0,255.255.254.0,54004
25557,194.242.52.0,255.255.255.0,7018
28858,194.242.116.0,255.255.252.0,54004
5564,194.247.64.0,255.255.224.0,7018
48650,195.8.40.0,255.255.254.0,7018
48651,195.8.44.0,255.255.254.0,7018
12592,195.8.105.0,255.255.255.0,7018
211752,195.8.125.0,255.255.255.0,7018
41790,195.8.220.0,255.255.254.0,7018
35802,195.10.198.0,255.255.255.0,54004
35067,195.16.76.0,255.255.252.0,54004
50586,195.19.6.0,255.255.255.0,7018
209821,195.19.112.0,255.255.254.0,54004
6699,195.19.128.0,255.255.255.0,7018
200847,195.19.208.0,255.255.255.0,54004
61197,195.19.214.0,255.255.255.0,54004
205288,195.20.138.0,255.255.255.0,7018
8928,195.21.56.0,255.255.248.0,7018
20833,195.24.242.0,255.255.254.0,7018
41285,195.26.64.0,255.255.252.0,54004
202311,195.26.68.0,255.255.255.0,7018
41320,195.26.94.0,255.255.254.0,54004
8620,195.28.96.0,255.255.224.0,7018
212433,195.35.94.0,255.255.255.0,7018
9099,195.35.127.0,255.255.255.0,7018
5392,195.36.0.0,255.255.192.0,7018
8511,195.38.160.0,255.255.224.0,54004
207921,195.39.246.0,255.255.254.0,54004
44732,195.42.98.0,255.255.254.0,7018
6879,195.43.0.0,255.255.255.0,7018
197091,195.43.72.0,255.255.254.0,7018
47457,195.43.144.0,255.255.255.0,54004
29366,195.47.193.0,255.255.255.0,7018
196624,195.47.195.0,255.255.255.0,7018
29051,195.47.226.0,255.255.255.0,7018
12507,195.49.200.0,255.255.248.0,7018
51147,195.54.176.0,255.255.254.0,54004
196969,195.54.184.0,255.255.252.0,7018
57268,195.60.220.0,255.255.252.0,54004
199901,195.62.34.0,255.255.255.0,7018
41293,195.64.180.0,255.255.254.0,7018
8258,195.64.224.0,255.255.252.0,54004
39022,195.66.134.0,255.255.254.0,7018
5459,195.66.232.0,255.255.252.0,7018
57233,195.68.240.0,255.255.254.0,54004
213084,195.69.181.0,255.255.255.0,7018
42177,195.74.48.0,255.255.255.0,7018
48527,195.74.62.0,255.255.254.0,7018
39315,195.80.140.0,255.255.255.0,54004
50947,195.80.144.0,255.255.252.0,7018
29267,195.85.211.0,255.255.255.0,7018
24602,195.88.0.0,255.255.255.0,7018
48897,195.88.72.0,255.255.254.0,54004
48928,195.88.96.0,255.255.254.0,7018
48185,195.90.96.0,255.255.254.0,7018
205268,195.90.103.0,255.255.255.0,7018
44392,195.93.220.0,255.255.254.0,7018
59589,195.93.248.0,255.255.255.0,54004
39297,195.95.147.0,255.255.255.0,7018
210169,195.95.151.0,255.255.255.0,54004
200132,195.95.177.0,255.255.255.0,54004
34204,195.95.222.0,255.255.254.0,7018
12971,195.110.192.0,255.255.224.0,7018
56603,195.128.133.0,255.255.255.0,7018
205094,195.128.143.0,255.255.255.0,7018
8670,195.130.32.0,255.255.224.0,7018
206968,195.133.240.0,255.255.255.0,54004
205608,195.136.4.0,255.255.252.0,7018
216446,195.136.16.0,255.255.254.0,7018
204744,195.136.27.0,255.255.255.0,7018
31409,195.137.246.0,255.255.254.0,7018
8391,195.138.32.0,255.255.252.0,7018
8601,195.138.160.0,255.255.224.0,54004
41617,195.138.210.0,255.255.255.0,7018
41638,195.138.222.0,255.255.255.0,7018
48257,195.138.232.0,255.255.248.0,7018
29432,195.140.194.0,255.255.254.0,7018
41319,195.140.220.0,255.255.252.0,7018
199484,195.142.104.0,255.255.255.0,54004
39095,195.142.200.0,255.255.255.0,7018
38961,195.144.25.0,255.255.255.0,7018
207784,195.144.27.0,255.255.255.0,7018
8241,195.146.64.0,255.255.224.0,54004
216434,195.160.64.0,255.255.255.0,7018
8395,195.170.32.0,255.255.224.0,54004
39656,195.170.189.0,255.255.255.0,7018
3252,195.177.68.0,255.255.255.0,7018
6807,195.178.155.0,255.255.255.0,54004
39198,195.182.23.0,255.255.255.0,7018
207777,195.182.24.0,255.255.255.0,7018
47301,195.182.34.0,255.255.255.0,7018
44175,195.184.82.0,255.255.254.0,7018
200259,195.189.176.0,255.255.255.0,54004
39903,195.189.194.0,255.255.254.0,7018
205347,195.189.206.0,255.255.255.0,7018
50579,195.189.214.0,255.255.255.0,54004
198033,195.190.152.0,255.255.255.0,54004
50379,195.191.60.0,255.255.254.0,7018
51367,195.191.72.0,255.255.254.0,54004
196924,195.191.126.0,255.255.255.0,54004
196938,195.191.174.0,255.255.254.0,54004
212395,195.191.193.0,255.255.255.0,7018
50695,195.191.204.0,255.255.255.0,7018
213425,195.200.69.0,255.255.255.0,7018
44653,195.200.74.0,255.255.254.0,54004
50156,195.200.224.0,255.255.254.0,7018
205432,195.208.16.0,255.255.255.0,7018
15754,195.208.98.0,255.255.255.0,7018
62272,195.208.99.0,255.255.255.0,7018
43213,195.209.6.0,255.255.255.0,7018
206407,195.209.59.0,255.255.255.0,54004
29114,195.209.139.0,255.255.255.0,7018
197062,195.210.20.0,255.255.254.0,7018
51619,195.210.60.0,255.255.254.0,7018
215895,195.211.43.0,255.255.255.0,7018
48533,195.211.108.0,255.255.255.0,54004
34832,195.211.120.0,255.255.252.0,54004
59564,195.211.152.0,255.255.252.0,54004
31149,195.211.212.0,255.255.252.0,7018
8856,195.214.192.0,255.255.255.0,54004
8364,195.216.96.0,255.255.224.0,7018
20783,195.222.192.0,255.255.192.0,7018
50102,195.225.58.0,255.255.254.0,7018
34359,195.225.144.0,255.255.252.0,54004
8431,195.230.0.0,255.255.240.0,7018
6846,195.230.128.0,255.255.224.0,54004
202386,195.234.8.0,255.255.254.0,7018
35726,195.234.54.0,255.255.254.0,7018
29117,195.234.61.0,255.255.255.0,7018
33999,195.234.72.0,255.255.252.0,54004
25282,195.234.148.0,255.255.255.0,54004
15398,195.234.163.0,255.255.255.0,7018
49204,195.238.108.0,255.255.252.0,54004
47468,195.242.176.0,255.255.255.0,7018
210051,195.245.84.0,255.255.255.0,7018
28892,195.245.209.0,255.255.255.0,7018
47121,195.245.236.0,255.255.255.0,7018
202962,195.250.38.0,255.255.255.0,7018
21491,196.0.0.0,255.255.0.0,7018
36948,196.1.4.0,255.255.255.0,7018
33764,196.2.3.0,255.255.255.0,7018
329479,196.2.160.0,255.255.224.0,7018
37441,196.3.162.0,255.255.255.0,7018
11744,196.4.0.0,255.255.254.0,7018
23058,196.6.184.0,255.255.255.0,7018
37578,196.6.220.0,255.255.255.0,7018
327988,196.6.246.0,255.255.255.0,7018
37663,196.10.54.0,255.255.255.0,7018
37668,196.10.55.0,255.255.255.0,7018
37679,196.10.228.0,255.255.255.0,7018
327941,196.11.80.0,255.255.248.0,7018
37656,196.11.102.0,255.255.255.0,7018
327923,196.13.107.0,255.255.255.0,7018
6968,196.29.56.0,255.255.248.0,7018
22386,196.29.240.0,255.255.240.0,7018
36944,196.32.208.0,255.255.248.0,7018
37266,196.32.232.0,255.255.255.0,7018
37364,196.32.240.0,255.255.248.0,54004
36891,196.41.224.0,255.255.224.0,7018
37366,196.43.223.0,255.255.255.0,7018
37419,196.43.230.0,255.255.255.0,54004
15022,196.44.32.0,255.255.240.0,7018
328788,196.45.228.0,255.255.255.0,7018
7420,196.46.192.0,255.255.252.0,7018
36946,196.49.0.0,255.255.255.0,7018
328014,196.49.7.0,255.255.255.0,54004
327831,196.49.10.0,255.255.255.0,54004
30997,196.49.14.0,255.255.255.0,7018
328998,196.49.15.0,255.255.255.0,7018
328010,196.49.19.0,255.255.255.0,7018
36940,196.49.26.0,255.255.255.0,7018
328089,196.61.52.0,255.255.255.0,7018
328632,196.192.48.0,255.255.240.0,7018
328001,196.192.88.0,255.255.248.0,7018
21739,196.202.248.0,255.255.254.0,7018
327935,196.216.97.0,255.255.255.0,7018
13854,196.216.154.0,255.255.255.0,7018
37177,196.216.168.0,255.255.255.0,7018
37181,196.216.169.0,255.255.255.0,7018
37288,196.216.188.0,255.255.252.0,7018
37399,196.216.192.0,255.255.252.0,7018
37496,196.216.234.0,255.255.255.0,54004
328301,196.216.245.0,255.255.255.0,7018
328074,196.223.232.0,255.255.248.0,7018
328173,196.250.204.0,255.255.252.0,7018
328125,196.250.224.0,255.255.248.0,7018
37461,197.29.123.0,255.255.255.0,7018
37484,197.155.32.0,255.255.224.0,7018
37479,197.155.248.0,255.255.248.0,7018
327707,197.157.128.0,255.255.192.0,7018
37531,197.214.1.0,255.255.255.0,7018
37550,197.214.128.0,255.255.128.0,7018
37558,197.215.128.0,255.255.255.0,7018
327936,197.215.160.0,255.255.224.0,7018
37580,197.215.216.0,255.255.252.0,7018
37342,197.218.0.0,255.254.0.0,7018
37582,197.231.64.0,255.255.252.0,7018
37313,197.253.64.0,255.255.192.0,7018
21099,198.7.96.0,255.255.240.0,7018
206628,198.8.58.0,255.255.255.0,54004
24,198.10.0.0,255.255.0.0,54004
30648,198.17.96.0,255.255.255.0,54004
55183,198.21.88.0,255.255.255.0,54004
15191,198.29.32.0,255.255.252.0,7018
4557,198.32.224.0,255.255.240.0,7018
53933,198.35.60.0,255.255.252.0,7018
212660,198.38.94.0,255.255.255.0,7018
21758,198.40.99.0,255.255.255.0,7018
52441,198.41.42.0,255.255.255.0,7018
18583,198.46.102.0,255.255.255.0,7018
32150,198.49.126.0,255.255.255.0,7018
62663,198.54.166.0,255.255.254.0,7018
12212,198.55.62.0,255.255.255.0,7018
40498,198.59.97.0,255.255.255.0,54004
21941,198.62.239.0,255.255.255.0,7018
55091,198.73.5.0,255.255.255.0,7018
23010,198.80.208.0,255.255.255.0,54004
23484,198.105.32.0,255.255.255.0,7018
11332,198.133.173.0,255.255.255.0,7018
21708,198.133.204.0,255.255.255.0,7018
203274,198.133.206.0,255.255.255.0,7018
40588,198.135.229.0,255.255.255.0,7018
18973,198.138.68.0,255.255.254.0,7018
38177,198.140.4.0,255.255.255.0,7018
36011,198.140.183.0,255.255.255.0,54004
399090,198.140.190.0,255.255.255.0,7018
36416,198.153.201.0,255.255.255.0,54004
21504,198.160.34.0,255.255.255.0,7018
16760,198.160.149.0,255.255.255.0,7018
19662,198.161.21.0,255.255.255.0,54004
27623,198.161.203.0,255.255.255.0,7018
54957,198.162.225.0,255.255.255.0,54004
10972,198.165.161.0,255.255.255.0,7018
55179,198.168.106.0,255.255.254.0,7018
26806,198.169.21.0,255.255.255.0,7018
32196,198.175.186.0,255.255.255.0,7018
4128,198.180.152.0,255.255.255.0,7018
395226,198.181.223.0,255.255.255.0,7018
32425,198.181.229.0,255.255.255.0,7018
14747,198.184.170.0,255.255.255.0,7018
14437,198.185.64.0,255.255.192.0,54004
18558,198.188.95.0,255.255.255.0,7018
40878,198.190.255.0,255.255.255.0,54004
1645,198.199.7.0,255.255.255.0,54004
10985,198.200.213.0,255.255.255.0,7018
27483,198.203.32.0,255.255.255.0,7018
40413,198.204.66.0,255.255.255.0,7018
14200,198.206.224.0,255.255.255.0,7018
13718,198.207.187.0,255.255.255.0,7018
30383,198.208.0.0,255.255.255.0,54004
213593,198.212.48.0,255.255.255.0,54004
35929,198.237.48.0,255.255.252.0,54004
3412,198.240.130.0,255.255.255.0,7018
10317,198.245.183.0,255.255.255.0,7018
16652,198.252.153.0,255.255.255.0,54004
15157,199.3.108.0,255.255.255.0,54004
394018,199.5.26.0,255.255.255.0,7018
4043,199.5.172.0,255.255.255.0,54004
397138,199.5.253.0,255.255.255.0,7018
33071,199.6.0.0,255.255.255.0,7018
26415,199.7.63.0,255.255.255.0,7018
53567,199.15.152.0,255.255.248.0,54004
19626,199.15.228.0,255.255.252.0,7018
14224,199.16.208.0,255.255.252.0,7018
21835,199.16.212.0,255.255.255.0,54004
32478,199.19.120.0,255.255.252.0,7018
36290,199.21.164.0,255.255.252.0,54004
54380,199.33.244.0,255.255.255.0,7018
23248,199.36.132.0,255.255.252.0,7018
63419,199.43.172.0,255.255.252.0,54004
26700,199.43.225.0,255.255.255.0,7018
36210,199.45.0.0,255.255.254.0,7018
53636,199.47.151.0,255.255.255.0,54004
32546,199.47.168.0,255.255.255.0,7018
11798,199.58.196.0,255.255.252.0,7018
27631,199.59.73.0,255.255.255.0,54004
27006,199.68.232.0,255.255.248.0,7018
2722,199.74.15.0,255.255.255.0,54004
54305,199.83.80.0,255.255.255.0,7018
33361,199.83.240.0,255.255.252.0,7018
400436,199.87.4.0,255.255.252.0,7018
27197,199.87.104.0,255.255.248.0,7018
32876,199.91.148.0,255.255.255.0,7018
46179,199.91.152.0,255.255.248.0,7018
46110,199.101.8.0,255.255.248.0,7018
15177,199.102.60.0,255.255.252.0,54004
19174,199.102.92.0,255.255.252.0,54004
3630,199.109.94.0,255.255.255.0,7018
40428,199.116.161.0,255.255.255.0,7018
26815,199.127.8.0,255.255.255.0,54004
38439,199.127.129.0,255.255.255.0,54004
1617,199.166.3.0,255.255.255.0,7018
19272,199.180.64.0,255.255.248.0,7018
36466,199.180.216.0,255.255.252.0,7018
40460,199.182.188.0,255.255.252.0,7018
22512,199.185.136.0,255.255.254.0,54004
20338,199.189.208.0,255.255.248.0,7018
7055,199.193.128.0,255.255.248.0,7018
40187,199.193.224.0,255.255.255.0,7018
19747,199.195.216.0,255.255.254.0,7018
25720,199.199.208.0,255.255.248.0,54004
13686,199.201.242.0,255.255.255.0,7018
11189,199.204.116.0,255.255.252.0,7018
393225,199.212.0.0,255.255.255.0,7018
6509,199.212.24.0,255.255.255.0,7018
54941,199.216.150.0,255.255.255.0,7018
17172,199.224.21.0,255.255.255.0,7018
54671,199.231.88.0,255.255.255.0,7018
26031,199.233.80.0,255.255.255.0,7018
23310,199.233.217.0,255.255.255.0,7018
13581,199.241.104.0,255.255.255.0,54004
54547,199.242.174.0,255.255.255.0,7018
11852,199.242.245.0,255.255.255.0,54004
10587,199.244.26.0,255.255.254.0,7018
40355,199.244.88.0,255.255.255.0,7018
16542,199.244.166.0,255.255.255.0,7018
63109,199.250.184.0,255.255.252.0,7018
4314,199.254.157.0,255.255.255.0,7018
6224,199.254.201.0,255.255.255.0,7018
33445,199.255.188.0,255.255.255.0,7018
263251,200.0.8.0,255.255.248.0,54004
11960,200.0.16.0,255.255.255.0,7018
271180,200.0.64.0,255.255.255.0,54004
19582,200.0.67.0,255.255.255.0,54004
264185,200.0.114.0,255.255.255.0,54004
10834,200.0.224.0,255.255.224.0,7018
16701,200.1.116.0,255.255.255.0,7018
207036,200.1.154.0,255.255.255.0,54004
27795,200.1.200.0,255.255.248.0,54004
28001,200.3.12.0,255.255.252.0,7018
7908,200.3.116.0,255.255.252.0,54004
271479,200.4.108.0,255.255.252.0,54004
53119,200.5.36.0,255.255.252.0,7018
263762,200.5.48.0,255.255.240.0,54004
19723,200.6.40.0,255.255.255.0,54004
270677,200.6.80.0,255.255.252.0,7018
271660,200.6.132.0,255.255.255.0,54004
262657,200.7.0.0,255.255.252.0,54004
52234,200.7.4.0,255.255.255.0,54004
52305,200.7.5.0,255.255.255.0,54004
61922,200.7.8.0,255.255.252.0,7018
264339,200.7.12.0,255.255.255.0,54004
61923,200.7.112.0,255.255.240.0,54004
266215,200.9.24.0,255.255.252.0,54004
271328,200.9.116.0,255.255.254.0,54004
61929,200.9.124.0,255.255.252.0,7018
263953,200.9.164.0,255.255.255.0,54004
10292,200.10.152.0,255.255.255.0,7018
64113,200.10.167.0,255.255.255.0,54004
265284,200.10.227.0,255.255.255.0,54004
270438,200.11.108.0,255.255.255.0,7018
19332,200.13.16.0,255.255.240.0,7018
7087,200.13.192.0,255.255.224.0,54004
27810,200.14.40.0,255.255.255.0,54004
270441,200.14.56.0,255.255.252.0,54004
270442,200.14.124.0,255.255.252.0,54004
22975,200.14.130.0,255.255.255.0,54004
52306,200.16.112.0,255.255.255.0,54004
10881,200.17.96.0,255.255.240.0,7018
11802,200.19.192.0,255.255.224.0,54004
28496,200.23.30.0,255.255.255.0,7018
22894,200.23.179.0,255.255.255.0,54004
61932,200.23.180.0,255.255.252.0,54004
270964,200.24.92.0,255.255.252.0,7018
271600,200.24.120.0,255.255.254.0,54004
270444,200.26.252.0,255.255.254.0,54004
28497,200.33.0.0,255.255.255.0,7018
28511,200.33.80.0,255.255.255.0,7018
265450,200.33.174.0,255.255.255.0,54004
270042,200.35.148.0,255.255.255.0,7018
271388,200.36.132.0,255.255.252.0,54004
271303,200.36.144.0,255.255.252.0,54004
271287,200.36.148.0,255.255.252.0,54004
271284,200.36.204.0,255.255.252.0,54004
271383,200.36.212.0,255.255.252.0,54004
271283,200.36.220.0,255.255.252.0,7018
271343,200.39.36.0,255.255.252.0,54004
271425,200.39.44.0,255.255.252.0,54004
270776,200.39.140.0,255.255.252.0,54004
270818,200.39.157.0,255.255.255.0,54004
14187,200.47.156.0,255.255.255.0,54004
273111,200.50.152.0,255.255.254.0,7018
272872,200.50.155.0,255.255.255.0,7018
270482,200.50.208.0,255.255.252.0,54004
16531,200.52.128.0,255.255.255.0,7018
271018,200.52.228.0,255.255.255.0,54004
270263,200.53.4.0,255.255.252.0,54004
271304,200.53.68.0,255.255.255.0,54004
271432,200.53.88.0,255.255.252.0,54004
269998,200.59.208.0,255.255.252.0,54004
15034,200.61.64.0,255.255.255.0,7018
28065,200.69.159.0,255.255.255.0,7018
20002,200.71.0.0,255.255.255.0,7018
266191,200.71.64.0,255.255.252.0,54004
266216,200.71.72.0,255.255.252.0,54004
61599,200.71.76.0,255.255.255.0,7018
270477,200.71.100.0,255.255.254.0,54004
61939,200.75.176.0,255.255.248.0,54004
61444,200.77.184.0,255.255.255.0,54004
271547,200.80.108.0,255.255.255.0,54004
271369,200.80.112.0,255.255.252.0,54004
271291,200.80.124.0,255.255.255.0,54004
10293,200.84.128.0,255.255.255.0,7018
28037,200.85.184.0,255.255.255.0,7018
27744,200.105.120.0,255.255.254.0,7018
270468,200.106.140.0,255.255.252.0,54004
266155,200.106.144.0,255.255.252.0,7018
271262,200.106.176.0,255.255.252.0,54004
271779,200.106.184.0,255.255.255.0,7018
271270,200.106.200.0,255.255.252.0,54004
271247,200.106.212.0,255.255.252.0,7018
271337,200.106.222.0,255.255.254.0,54004
271692,200.107.72.0,255.255.252.0,54004
270248,200.107.116.0,255.255.252.0,54004
26593,200.108.64.0,255.255.255.0,7018
262249,200.108.144.0,255.255.255.0,54004
270264,200.108.180.0,255.255.252.0,54004
27814,200.110.112.0,255.255.252.0,54004
270253,200.110.204.0,255.255.252.0,54004
52359,200.115.86.0,255.255.255.0,7018
52370,200.115.87.0,255.255.255.0,7018
52360,200.115.88.0,255.255.255.0,7018
52375,200.115.89.0,255.255.255.0,7018
52324,200.115.90.0,255.255.255.0,7018
52403,200.115.91.0,255.255.255.0,7018
52294,200.115.93.0,255.255.255.0,7018
270268,200.115.100.0,255.255.252.0,54004
270266,200.115.104.0,255.255.255.0,7018
262226,200.115.181.0,255.255.255.0,7018
270270,200.123.236.0,255.255.252.0,54004
270271,200.124.64.0,255.255.252.0,54004
270289,200.124.80.0,255.255.252.0,7018
270274,200.124.84.0,255.255.252.0,54004
270276,200.124.92.0,255.255.252.0,54004
270277,200.124.164.0,255.255.252.0,54004
270279,200.124.172.0,255.255.252.0,54004
14234,200.124.192.0,255.255.252.0,7018
61950,200.142.189.0,255.255.255.0,54004
270922,200.142.228.0,255.255.254.0,54004
14204,200.142.240.0,255.255.240.0,54004
11921,200.150.128.0,255.255.240.0,54004
28590,200.152.0.0,255.255.255.0,54004
14463,200.152.64.0,255.255.240.0,54004
21571,200.152.96.0,255.255.240.0,54004
23002,200.155.96.0,255.255.240.0,7018
27688,200.159.128.0,255.255.224.0,54004
22548,200.160.0.0,255.255.240.0,7018
22819,200.160.128.0,255.255.240.0,54004
22250,200.170.64.0,255.255.248.0,54004
264592,200.170.76.0,255.255.252.0,54004
11706,200.176.1.0,255.255.255.0,7018
16685,200.185.0.0,255.255.224.0,54004
270682,200.187.96.0,255.255.252.0,54004
270684,200.187.104.0,255.255.252.0,54004
10906,200.189.40.0,255.255.255.0,54004
18739,200.189.96.0,255.255.240.0,7018
7465,200.189.128.0,255.255.224.0,54004
13357,200.192.96.0,255.255.248.0,54004
14026,200.192.104.0,255.255.255.0,54004
13522,200.192.112.0,255.255.240.0,7018
28572,200.192.144.0,255.255.252.0,54004
11284,200.192.232.0,255.255.254.0,54004
13495,200.194.64.0,255.255.224.0,54004
10733,200.196.0.0,255.255.224.0,7018
10670,200.198.0.0,255.255.192.0,7018
10412,200.201.0.0,255.255.128.0,54004
271387,200.215.224.0,255.255.252.0,54004
271868,200.215.228.0,255.255.255.0,7018
273730,200.215.238.0,255.255.255.0,54004
10362,200.218.9.0,255.255.255.0,7018
11271,200.218.128.0,255.255.192.0,54004
272786,200.218.236.0,255.255.254.0,7018
28594,200.218.240.0,255.255.240.0,54004
270810,200.219.16.0,255.255.252.0,54004
270826,200.219.28.0,255.255.252.0,54004
270817,200.219.56.0,255.255.252.0,7018
270804,200.219.60.0,255.255.252.0,54004
11644,200.219.154.0,255.255.255.0,54004
14650,200.219.158.0,255.255.255.0,54004
27712,200.220.160.0,255.255.255.0,54004
28581,200.220.176.0,255.255.240.0,7018
274734,200.225.58.0,255.255.255.0,54004
28588,200.229.48.0,255.255.240.0,7018
61778,200.229.208.0,255.255.252.0,54004
12136,200.229.248.0,255.255.254.0,54004
10704,200.234.128.0,255.255.192.0,54004
28597,200.234.240.0,255.255.254.0,7018
10417,200.236.128.0,255.255.192.0,7018
11242,200.237.192.0,255.255.192.0,7018
10875,200.238.0.0,255.255.255.0,54004
28595,201.7.192.0,255.255.248.0,7018
61697,201.7.212.0,255.255.255.0,54004
28275,201.33.96.0,255.255.240.0,7018
28274,201.33.128.0,255.255.240.0,54004
28278,201.33.208.0,255.255.240.0,54004
28603,201.46.0.0,255.255.248.0,7018
28602,201.49.160.0,255.255.240.0,54004
271466,201.49.176.0,255.255.254.0,54004
273497,201.49.184.0,255.255.254.0,54004
28623,201.54.128.0,255.255.224.0,54004
271137,201.54.188.0,255.255.254.0,54004
28616,201.54.208.0,255.255.240.0,54004
262585,201.55.160.0,255.255.240.0,54004
28626,201.55.208.0,255.255.254.0,54004
28631,201.55.240.0,255.255.240.0,54004
270283,201.71.8.0,255.255.252.0,54004
273818,201.71.12.0,255.255.252.0,54004
270285,201.71.16.0,255.255.252.0,54004
270290,201.71.24.0,255.255.255.0,54004
270293,201.71.196.0,255.255.254.0,54004
271145,201.71.216.0,255.255.252.0,54004
271115,201.71.220.0,255.255.255.0,54004
262792,201.76.96.0,255.255.240.0,54004
28653,201.76.208.0,255.255.240.0,54004
270294,201.77.100.0,255.255.255.0,54004
61822,201.130.20.0,255.255.252.0,54004
61924,201.130.88.0,255.255.248.0,7018
263229,201.131.67.0,255.255.255.0,54004
61944,201.131.92.0,255.255.252.0,54004
61785,201.131.152.0,255.255.252.0,54004
61801,201.131.208.0,255.255.252.0,7018
61802,201.139.92.0,255.255.252.0,7018
61941,201.139.216.0,255.255.248.0,54004
61827,201.140.232.0,255.255.252.0,7018
61831,201.140.252.0,255.255.252.0,54004
61863,201.148.116.0,255.255.252.0,54004
61858,201.148.180.0,255.255.252.0,54004
61849,201.149.104.0,255.255.255.0,54004
61873,201.149.108.0,255.255.252.0,54004
61859,201.149.116.0,255.255.252.0,54004
61699,201.150.52.0,255.255.255.0,54004
61876,201.150.124.0,255.255.252.0,7018
263778,201.159.8.0,255.255.255.0,54004
61763,201.159.72.0,255.255.248.0,54004
61764,201.159.84.0,255.255.252.0,7018
61818,201.175.60.0,255.255.252.0,54004
267496,201.182.4.0,255.255.252.0,54004
267497,201.182.8.0,255.255.255.0,54004
267525,201.182.54.0,255.255.255.0,7018
267517,201.182.120.0,255.255.252.0,7018
61441,201.182.129.0,255.255.255.0,7018
61521,201.182.130.0,255.255.255.0,7018
64106,201.182.133.0,255.255.255.0,7018
64104,201.182.137.0,255.255.255.0,7018
61553,201.182.138.0,255.255.255.0,7018
52509,201.182.139.0,255.255.255.0,7018
52332,201.182.141.0,255.255.255.0,7018
52500,201.182.142.0,255.255.255.0,7018
52508,201.182.143.0,255.255.255.0,7018
267536,201.182.168.0,255.255.252.0,54004
267548,201.182.184.0,255.255.254.0,54004
267564,201.182.212.0,255.255.252.0,54004
267549,201.182.236.0,255.255.252.0,54004
267550,201.182.244.0,255.255.255.0,7018
267613,201.182.252.0,255.255.252.0,7018
270558,201.216.72.0,255.255.252.0,54004
52373,201.217.244.0,255.255.252.0,7018
272648,201.218.160.0,255.255.255.0,54004
271508,201.218.176.0,255.255.252.0,54004
61951,201.219.248.0,255.255.255.0,54004
271783,201.222.44.0,255.255.252.0,54004
273112,201.234.117.0,255.255.255.0,54004
24395,202.0.155.0,255.255.255.0,54004
17554,202.0.167.0,255.255.255.0,54004
56195,202.1.2.0,255.255.255.0,54004
154100,202.1.22.0,255.255.254.0,54004
132696,202.3.78.0,255.255.255.0,54004
17535,202.4.190.0,255.255.255.0,7018
23642,202.4.250.0,255.255.255.0,7018
45495,202.4.251.0,255.255.255.0,54004
45494,202.6.102.0,255.255.255.0,7018
9745,202.6.124.0,255.255.252.0,54004
24017,202.10.240.0,255.255.252.0,7018
17683,202.11.156.0,255.255.252.0,7018
4777,202.12.28.0,255.255.255.0,54004
4608,202.12.29.0,255.255.255.0,54004
7529,202.17.189.0,255.255.255.0,7018
139657,202.28.8.0,255.255.248.0,54004
137261,202.28.60.0,255.255.255.0,7018
24475,202.29.12.0,255.255.255.0,7018
216053,202.37.103.0,255.255.255.0,7018
9680,202.39.80.0,255.255.240.0,7018
10225,202.41.0.0,255.255.254.0,54004
38198,202.43.8.0,255.255.252.0,54004
24303,202.44.116.0,255.255.252.0,54004
38064,202.46.184.0,255.255.255.0,54004
152037,202.47.162.0,255.255.254.0,54004
152022,202.47.176.0,255.255.254.0,7018
213768,202.50.53.0,255.255.255.0,54004
55878,202.50.196.0,255.255.254.0,7018
23950,202.51.16.0,255.255.255.0,54004
56190,202.51.128.0,255.255.255.0,7018
7610,202.51.240.0,255.255.248.0,54004
46058,202.52.58.0,255.255.254.0,54004
38600,202.56.0.0,255.255.252.0,54004
131758,202.56.168.0,255.255.255.0,54004
18112,202.57.16.0,255.255.255.0,54004
46027,202.58.238.0,255.255.254.0,54004
138451,202.58.246.0,255.255.255.0,7018
4802,202.59.96.0,255.255.240.0,7018
38017,202.59.128.0,255.255.240.0,54004
23633,202.59.144.0,255.255.248.0,7018
151956,202.61.80.0,255.255.254.0,54004
10131,202.65.32.0,255.255.224.0,54004
4658,202.75.0.0,255.255.252.0,54004
23948,202.75.16.0,255.255.255.0,7018
45710,202.75.96.0,255.255.255.0,54004
9925,202.77.128.0,255.255.248.0,7018
23699,202.80.112.0,255.255.255.0,54004
45881,202.80.186.0,255.255.255.0,7018
17888,202.83.192.0,255.255.224.0,54004
9729,202.85.128.0,255.255.240.0,54004
18255,202.86.32.0,255.255.255.0,54004
55679,202.92.200.0,255.255.255.0,7018
23952,202.93.16.0,255.255.255.0,54004
23696,202.93.112.0,255.255.255.0,54004
4382,202.93.128.0,255.255.255.0,54004
23669,202.93.160.0,255.255.224.0,54004
151058,202.100.215.0,255.255.255.0,7018
24348,202.112.4.0,255.255.255.0,54004
24361,202.112.23.0,255.255.255.0,54004
24209,202.122.8.0,255.255.255.0,54004
24262,202.122.136.0,255.255.248.0,7018
17910,202.123.224.0,255.255.255.0,54004
46037,202.124.196.0,255.255.255.0,7018
24229,202.126.16.0,255.255.252.0,7018
146976,202.126.24.0,255.255.248.0,7018
38313,202.126.120.0,255.255.248.0,7018
10202,202.128.104.0,255.255.255.0,54004
38781,202.129.224.0,255.255.252.0,54004
9789,202.131.7.0,255.255.255.0,7018
24200,202.133.0.0,255.255.255.0,54004
136914,202.133.64.0,255.255.254.0,54004
154215,202.133.94.0,255.255.255.0,7018
23900,202.136.240.0,255.255.248.0,54004
45349,202.137.176.0,255.255.254.0,54004
9657,202.138.224.0,255.255.255.0,54004
23836,202.142.8.0,255.255.248.0,7018
18365,202.146.0.0,255.255.255.0,54004
24212,202.146.128.0,255.255.255.0,54004
4857,202.147.96.0,255.255.240.0,7018
18156,202.147.224.0,255.255.224.0,7018
17826,202.149.64.0,255.255.248.0,54004
4833,202.149.128.0,255.255.248.0,54004
10101,202.152.64.0,255.255.224.0,7018
24449,202.153.8.0,255.255.252.0,54004
24077,202.153.88.0,255.255.248.0,7018
10208,202.153.128.0,255.255.224.0,54004
4434,202.154.0.0,255.255.255.0,54004
9216,202.154.192.0,255.255.224.0,54004
45118,202.158.253.0,255.255.255.0,7018
24006,202.160.48.0,255.255.248.0,54004
45278,202.162.66.0,255.255.255.0,54004
211513,202.164.206.0,255.255.255.0,54004
38143,202.169.240.0,255.255.248.0,54004
134189,202.172.128.0,255.255.224.0,54004
9226,202.172.160.0,255.255.224.0,54004
9648,202.173.192.0,255.255.240.0,7018
133135,202.176.7.0,255.255.255.0,54004
24271,202.177.64.0,255.255.192.0,7018
18259,202.178.96.0,255.255.240.0,7018
24489,202.179.240.0,255.255.248.0,7018
24490,202.179.248.0,255.255.248.0,7018
7587,202.180.0.0,255.255.255.0,54004
17934,202.180.32.0,255.255.240.0,7018
38145,202.180.48.0,255.255.255.0,54004
9536,202.182.224.0,255.255.254.0,7018
7568,202.183.136.0,255.255.252.0,54004
135511,202.183.234.0,255.255.255.0,54004
24205,202.191.2.0,255.255.254.0,54004
7668,202.213.96.0,255.255.224.0,7018
23628,202.220.224.0,255.255.224.0,7018
37906,202.254.128.0,255.255.255.0,7018
23614,202.254.164.0,255.255.252.0,7018
151598,203.3.90.0,255.255.255.0,54004
24479,203.3.167.0,255.255.255.0,54004
38438,203.3.184.0,255.255.255.0,7018
37990,203.4.169.0,255.255.255.0,54004
24476,203.5.63.0,255.255.255.0,54004
154227,203.9.195.0,255.255.255.0,54004
132581,203.11.167.0,255.255.255.0,7018
138185,203.12.18.0,255.255.255.0,7018
17635,203.14.105.0,255.255.255.0,7018
4778,203.20.218.0,255.255.255.0,7018
400400,203.20.243.0,255.255.255.0,7018
154329,203.21.65.0,255.255.255.0,54004
137896,203.21.150.0,255.255.254.0,7018
135415,203.21.200.0,255.255.255.0,7018
9544,203.23.120.0,255.255.255.0,54004
23855,203.30.38.0,255.255.255.0,7018
138657,203.32.27.0,255.255.255.0,54004
18393,203.77.208.0,255.255.255.0,54004
24204,203.80.8.0,255.255.255.0,54004
9519,203.82.96.0,255.255.254.0,54004
23641,203.86.224.0,255.255.248.0,7018
38475,203.89.6.0,255.255.254.0,54004
18264,203.92.16.0,255.255.252.0,7018
55722,203.98.224.0,255.255.224.0,54004
132789,203.105.192.0,255.255.255.0,54004
151993,203.111.252.0,255.255.254.0,54004
45697,203.114.224.0,255.255.254.0,54004
23774,203.119.1.0,255.255.255.0,7018
23902,203.119.8.0,255.255.252.0,54004
24252,203.119.40.0,255.255.255.0,7018
38755,203.123.60.0,255.255.255.0,54004
7616,203.130.128.0,255.255.224.0,54004
4693,203.140.0.0,255.255.224.0,7018
151691,203.145.42.0,255.255.254.0,54004
4776,203.148.128.0,255.255.240.0,54004
4741,203.149.0.0,255.255.192.0,54004
63528,203.159.66.0,255.255.254.0,54004
137856,203.159.76.0,255.255.255.0,54004
141362,203.159.77.0,255.255.255.0,54004
137875,203.159.78.0,255.255.255.0,54004
9223,203.161.189.0,255.255.255.0,7018
152012,203.175.100.0,255.255.255.0,54004
150755,203.175.104.0,255.255.254.0,54004
23731,203.175.120.0,255.255.255.0,54004
18266,203.179.240.0,255.255.240.0,7018
7660,203.181.194.0,255.255.254.0,7018
17537,203.189.160.0,255.255.240.0,54004
38510,203.190.36.0,255.255.255.0,7018
45317,203.190.40.0,255.255.255.0,54004
45630,203.201.184.0,255.255.252.0,54004
56200,203.215.52.0,255.255.252.0,54004
17988,203.222.192.0,255.255.240.0,7018
45963,203.247.182.0,255.255.255.0,7018
55589,203.250.104.0,255.255.255.0,7018
64404,204.2.64.0,255.255.240.0,54004
31950,204.8.192.0,255.255.248.0,7018
395664,204.8.236.0,255.255.255.0,7018
16409,204.9.92.0,255.255.252.0,7018
40300,204.9.116.0,255.255.255.0,7018
33254,204.9.144.0,255.255.248.0,7018
34936,204.11.3.0,255.255.255.0,7018
40630,204.13.88.0,255.255.252.0,7018
36253,204.13.204.0,255.255.252.0,7018
12265,204.14.4.0,255.255.255.0,7018
54164,204.16.47.0,255.255.255.0,54004
214213,204.27.68.0,255.255.255.0,7018
7806,204.27.195.0,255.255.255.0,7018
22971,204.44.160.0,255.255.254.0,7018
4393,204.52.234.0,255.255.255.0,7018
36861,204.58.156.0,255.255.254.0,7018
63254,204.76.144.0,255.255.248.0,7018
31923,204.78.160.0,255.255.240.0,54004
6099,204.88.192.0,255.255.224.0,7018
398334,204.89.189.0,255.255.255.0,7018
813,204.92.101.0,255.255.255.0,7018
6203,204.107.130.0,255.255.255.0,7018
20413,204.108.128.0,255.255.224.0,7018
15205,204.114.0.0,255.255.248.0,7018
62628,204.126.121.0,255.255.255.0,7018
40042,204.126.171.0,255.255.255.0,7018
25979,204.147.0.0,255.255.240.0,7018
17089,204.152.48.0,255.255.254.0,7018
19621,204.153.56.0,255.255.252.0,7018
4297,204.153.228.0,255.255.255.0,7018
54811,204.190.24.0,255.255.254.0,7018
21922,204.197.128.0,255.255.240.0,7018
54002,204.225.158.0,255.255.255.0,7018
27453,204.225.208.0,255.255.255.0,54004
216153,204.235.104.0,255.255.255.0,7018
46828,204.238.128.0,255.255.255.0,7018
26683,204.252.163.0,255.255.255.0,7018
32728,205.132.129.0,255.255.255.0,7018
62568,205.134.47.0,255.255.255.0,7018
398668,205.137.250.0,255.255.255.0,7018
14893,205.141.232.0,255.255.252.0,7018
54532,205.153.224.0,255.255.255.0,7018
32261,205.162.80.0,255.255.255.0,7018
272575,205.164.104.0,255.255.252.0,54004
1436,205.172.192.0,255.255.252.0,7018
46471,205.173.248.0,255.255.252.0,7018
40468,205.222.252.0,255.255.252.0,7018
11605,205.233.73.0,255.255.255.0,7018
32442,205.233.140.0,255.255.254.0,54004
12059,205.233.151.0,255.255.255.0,7018
31763,205.235.32.0,255.255.224.0,7018
5715,206.9.255.0,255.255.255.0,7018
20085,206.21.43.0,255.255.255.0,7018
4574,206.41.224.0,255.255.224.0,7018
64213,206.53.142.0,255.255.255.0,7018
14536,206.55.64.0,255.255.240.0,7018
14263,206.71.32.0,255.255.240.0,54004
27563,206.74.16.0,255.255.255.0,7018
21694,206.78.32.0,255.255.224.0,7018
22002,206.81.168.0,255.255.255.0,7018
14773,206.82.16.0,255.255.240.0,7018
273357,206.84.77.0,255.255.255.0,54004
272790,206.84.204.0,255.255.252.0,54004
393424,206.108.0.0,255.255.255.0,54004
35850,206.108.116.0,255.255.252.0,7018
46494,206.123.56.0,255.255.248.0,7018
14866,206.126.109.0,255.255.255.0,7018
14086,206.126.112.0,255.255.255.0,54004
400679,206.168.92.0,255.255.255.0,7018
400701,206.168.140.0,255.255.254.0,7018
33197,206.168.164.0,255.255.254.0,7018
62883,206.168.185.0,255.255.255.0,7018
400671,206.168.193.0,255.255.255.0,54004
17197,206.197.161.0,255.255.255.0,7018
19694,206.198.242.0,255.255.254.0,7018
400510,206.202.0.0,255.255.192.0,54004
30551,206.211.220.0,255.255.255.0,7018
17344,206.223.67.0,255.255.255.0,7018
63205,206.226.135.0,255.255.255.0,7018
11204,206.226.144.0,255.255.255.0,7018
54813,207.5.224.0,255.255.224.0,7018
40061,207.7.141.0,255.255.255.0,54004
4258,207.66.184.0,255.255.255.0,7018
36182,207.66.236.0,255.255.255.0,7018
399257,207.126.141.0,255.255.255.0,54004
11970,207.162.160.0,255.255.224.0,7018
10326,207.174.160.0,255.255.248.0,7018
17014,207.180.0.0,255.255.255.0,7018
19967,207.181.16.0,255.255.240.0,7018
30371,207.223.96.0,255.255.248.0,7018
399912,207.228.212.0,255.255.252.0,7018
207474,207.230.3.0,255.255.255.0,7018
7941,207.241.224.0,255.255.240.0,7018
6372,207.245.64.0,255.255.192.0,7018
19796,207.246.209.0,255.255.255.0,54004
271302,207.248.8.0,255.255.255.0,54004
271412,207.248.16.0,255.255.252.0,7018
271309,207.248.24.0,255.255.252.0,54004
263127,207.248.108.0,255.255.255.0,7018
54111,208.42.120.0,255.255.248.0,7018
19887,208.50.15.0,255.255.255.0,7018
30260,208.64.4.0,255.255.254.0,7018
15008,208.64.108.0,255.255.252.0,7018
30001,208.64.160.0,255.255.252.0,54004
21895,208.67.208.0,255.255.255.0,7018
152626,208.68.183.0,255.255.255.0,54004
25740,208.68.197.0,255.255.255.0,7018
40068,208.69.168.0,255.255.248.0,7018
36213,208.71.56.0,255.255.248.0,7018
40252,208.71.72.0,255.255.248.0,54004
3789,208.72.48.0,255.255.255.0,54004
17149,208.72.228.0,255.255.252.0,7018
22674,208.73.104.0,255.255.255.0,7018
60326,208.73.212.0,255.255.254.0,54004
53591,208.74.136.0,255.255.252.0,7018
14585,208.76.168.0,255.255.248.0,7018
63117,208.79.102.0,255.255.255.0,7018
11901,208.79.244.0,255.255.254.0,7018
26156,208.84.72.0,255.255.252.0,7018
11353,208.84.136.0,255.255.252.0,7018
14070,208.85.100.0,255.255.252.0,7018
328179,208.85.156.0,255.255.252.0,7018
14721,208.86.116.0,255.255.252.0,7018
40764,208.89.144.0,255.255.248.0,7018
31834,208.90.18.0,255.255.255.0,54004
26239,208.90.72.0,255.255.252.0,54004
17103,208.90.144.0,255.255.252.0,7018
6456,208.90.168.0,255.255.252.0,7018
26461,208.91.232.0,255.255.255.0,54004
400006,208.99.62.0,255.255.255.0,7018
29941,208.108.96.0,255.255.240.0,7018
14734,208.108.112.0,255.255.248.0,7018
30290,208.108.160.0,255.255.248.0,7018
40732,208.108.200.0,255.255.248.0,7018
31777,208.108.208.0,255.255.240.0,7018
36794,208.122.64.0,255.255.224.0,7018
14427,208.185.76.0,255.255.255.0,7018
27519,208.198.116.0,255.255.252.0,7018
272764,209.14.6.0,255.255.255.0,54004
273410,209.14.158.0,255.255.255.0,7018
30712,209.34.112.0,255.255.240.0,7018
36779,209.46.69.0,255.255.255.0,7018
140911,209.58.74.0,255.255.255.0,7018
152858,209.107.140.0,255.255.252.0,7018
212024,209.112.97.0,255.255.255.0,54004
30138,209.123.250.0,255.255.255.0,7018
101,209.124.176.0,255.255.240.0,54004
214329,209.131.126.0,255.255.255.0,7018
396926,209.147.224.0,255.255.240.0,7018
22919,209.152.32.0,255.255.224.0,7018
40463,209.178.216.0,255.255.248.0,7018
207419,209.200.230.0,255.255.255.0,54004
1025,209.209.24.0,255.255.255.0,7018
21669,209.212.0.0,255.255.224.0,7018
20448,209.235.160.0,255.255.224.0,7018
22856,209.237.153.0,255.255.255.0,7018
13950,209.242.17.0,255.255.255.0,7018
207009,209.251.195.0,255.255.255.0,7018
14100,209.255.80.0,255.255.255.0,7018
4817,210.10.0.0,255.255.240.0,7018
18114,210.14.32.0,255.255.255.0,7018
4844,210.23.0.0,255.255.224.0,54004
38881,210.55.2.0,255.255.255.0,54004
213430,210.67.142.0,255.255.254.0,54004
152129,210.79.128.0,255.255.254.0,7018
152127,210.79.130.0,255.255.255.0,54004
152045,210.79.146.0,255.255.255.0,54004
151698,210.79.148.0,255.255.255.0,54004
151378,210.87.98.0,255.255.255.0,7018
152144,210.87.106.0,255.255.255.0,54004
152053,210.87.112.0,255.255.255.0,7018
4718,210.156.0.0,255.255.252.0,7018
7503,210.159.64.0,255.255.224.0,7018
7527,210.171.226.0,255.255.254.0,7018
7530,210.231.212.0,255.255.252.0,7018
140405,210.247.241.0,255.255.255.0,54004
18185,211.76.240.0,255.255.240.0,7018
8828,212.0.64.0,255.255.224.0,7018
57241,212.1.192.0,255.255.248.0,7018
29231,212.4.96.0,255.255.224.0,7018
8918,212.4.192.0,255.255.224.0,7018
8440,212.6.0.0,255.255.248.0,7018
203661,212.7.217.0,255.255.255.0,7018
203941,212.7.218.0,255.255.254.0,7018
20846,212.12.192.0,255.255.240.0,7018
12305,212.13.32.0,255.255.224.0,7018
210928,212.15.47.0,255.255.255.0,7018
42008,212.15.204.0,255.255.252.0,54004
60314,212.15.224.0,255.255.224.0,7018
8592,212.16.0.0,255.255.224.0,54004
44889,212.16.66.0,255.255.255.0,54004
12362,212.19.160.0,255.255.224.0,7018
8913,212.20.64.0,255.255.224.0,7018
205434,212.21.96.0,255.255.252.0,7018
213787,212.22.64.0,255.255.255.0,54004
204102,212.22.67.0,255.255.255.0,7018
209655,212.22.72.0,255.255.255.0,7018
15654,212.28.0.0,255.255.224.0,7018
13042,212.39.192.0,255.255.224.0,7018
12294,212.40.32.0,255.255.224.0,54004
24682,212.40.47.0,255.255.255.0,54004
12650,212.45.96.0,255.255.248.0,7018
50414,212.46.55.0,255.255.255.0,54004
9000,212.50.32.0,255.255.255.0,7018
16283,212.51.200.0,255.255.252.0,7018
12335,212.53.32.0,255.255.224.0,7018
12540,212.64.160.0,255.255.224.0,7018
12976,212.65.64.0,255.255.224.0,7018
47194,212.65.160.0,255.255.224.0,54004
12548,212.68.160.0,255.255.252.0,54004
8798,212.69.64.0,255.255.248.0,7018
12657,212.72.64.0,255.255.224.0,7018
200995,212.72.236.0,255.255.252.0,7018
57050,212.81.56.0,255.255.255.0,54004
9067,212.82.32.0,255.255.248.0,7018
9039,212.83.0.0,255.255.224.0,54004
29340,212.85.192.0,255.255.224.0,7018
12512,212.87.32.0,255.255.224.0,7018
25084,212.87.240.0,255.255.254.0,7018
25154,212.91.18.0,255.255.255.0,7018
12409,212.94.192.0,255.255.224.0,7018
213981,212.104.142.0,255.255.255.0,7018
9103,212.109.128.0,255.255.240.0,7018
12687,212.111.192.0,255.255.248.0,7018
212397,212.111.199.0,255.255.255.0,54004
13250,212.117.192.0,255.255.224.0,7018
209915,212.119.5.0,255.255.255.0,7018
12539,212.122.64.0,255.255.255.0,7018
15851,212.127.64.0,255.255.224.0,7018
15612,212.147.128.0,255.255.128.0,7018
8234,212.162.64.0,255.255.192.0,7018
8501,212.191.126.0,255.255.255.0,7018
13293,212.191.230.0,255.255.255.0,7018
35628,212.191.231.0,255.255.255.0,7018
62261,212.192.230.0,255.255.254.0,7018
5468,212.193.64.0,255.255.224.0,54004
47775,213.5.104.0,255.255.252.0,54004
199503,213.5.144.0,255.255.248.0,7018
196858,213.5.200.0,255.255.248.0,7018
211984,213.33.79.0,255.255.255.0,7018
1270,213.71.148.0,255.255.252.0,7018
21064,213.73.8.0,255.255.248.0,7018
49300,213.108.8.0,255.255.248.0,7018
208511,213.108.32.0,255.255.255.0,54004
210224,213.109.184.0,255.255.252.0,7018
210147,213.109.197.0,255.255.255.0,7018
50022,213.110.240.0,255.255.240.0,7018
20618,213.132.0.0,255.255.224.0,7018
205012,213.134.9.0,255.255.255.0,7018
20555,213.135.44.0,255.255.252.0,7018
25575,213.145.224.0,255.255.224.0,7018
12895,213.150.0.0,255.255.224.0,54004
13182,213.152.192.0,255.255.224.0,7018
13053,213.156.64.0,255.255.224.0,7018
9092,213.156.224.0,255.255.240.0,7018
20510,213.157.96.0,255.255.240.0,7018
43458,213.159.136.0,255.255.255.0,54004
44845,213.159.196.0,255.255.255.0,7018
28909,213.167.0.0,255.255.255.0,7018
13121,213.169.64.0,255.255.224.0,7018
15613,213.173.171.0,255.255.255.0,7018
13226,213.177.64.0,255.255.240.0,7018
59536,213.178.156.0,255.255.252.0,7018
25592,213.187.96.0,255.255.224.0,7018
25509,213.190.96.0,255.255.224.0,7018
199842,213.199.254.0,255.255.254.0,7018
24785,213.207.0.0,255.255.255.0,7018
213681,213.217.2.0,255.255.255.0,7018
29438,213.225.192.0,255.255.224.0,7018
39360,213.226.80.0,255.255.252.0,54004
62146,213.226.121.0,255.255.255.0,7018
38932,213.231.128.0,255.255.224.0,7018
48292,213.238.161.0,255.255.255.0,7018
25189,213.251.208.0,255.255.240.0,7018
149,214.9.248.0,255.255.248.0,7018
273732,216.6.29.0,255.255.255.0,54004
54225,216.21.216.0,255.255.248.0,7018
10466,216.27.98.0,255.255.254.0,7018
12024,216.47.160.0,255.255.224.0,7018
33167,216.48.128.0,255.255.240.0,54004
36396,216.55.112.0,255.255.240.0,7018
32482,216.82.233.0,255.255.255.0,54004
30346,216.83.80.0,255.255.255.0,7018
29039,216.104.193.0,255.255.255.0,7018
15278,216.105.96.0,255.255.224.0,7018
32765,216.107.176.0,255.255.240.0,54004
22179,216.117.214.0,255.255.255.0,54004
26838,216.118.208.0,255.255.248.0,7018
10973,216.128.96.0,255.255.248.0,54004
30142,216.128.112.0,255.255.240.0,7018
54323,216.134.176.0,255.255.252.0,7018
22792,216.145.64.0,255.255.224.0,7018
203577,216.146.29.0,255.255.255.0,54004
20344,216.152.76.0,255.255.255.0,7018
7453,216.155.96.0,255.255.224.0,7018
32554,216.162.80.0,255.255.240.0,54004
203690,216.169.158.0,255.255.254.0,7018
33412,216.170.117.0,255.255.255.0,7018
11183,216.180.192.0,255.255.224.0,54004
11579,216.187.0.0,255.255.192.0,7018
22384,216.201.89.0,255.255.255.0,54004
22077,216.223.240.0,255.255.252.0,7018
10996,216.239.64.0,255.255.224.0,54004
18660,216.249.132.0,255.255.252.0,7018
31827,216.252.192.0,255.255.240.0,7018
15577,217.9.0.0,255.255.255.0,7018
25371,217.9.80.0,255.255.254.0,7018
200862,217.11.132.0,255.255.255.0,7018
35133,217.18.95.0,255.255.255.0,7018
48768,217.21.128.0,255.255.240.0,54004
29672,217.21.224.0,255.255.240.0,7018
197960,217.25.80.0,255.255.252.0,54004
210014,217.26.184.0,255.255.255.0,7018
20893,217.27.96.0,255.255.240.0,7018
29006,217.27.240.0,255.255.240.0,7018
28886,217.28.48.0,255.255.240.0,7018
51800,217.28.80.0,255.255.248.0,7018
16004,217.29.72.0,255.255.248.0,7018
214443,217.61.242.0,255.255.254.0,7018
29086,217.64.0.0,255.255.240.0,7018
29213,217.65.240.0,255.255.255.0,54004
25279,217.68.0.0,255.255.240.0,7018
29263,217.68.48.0,255.255.240.0,7018
25328,217.68.80.0,255.255.252.0,7018
29388,217.72.144.0,255.255.240.0,7018
29404,217.73.144.0,255.255.252.0,7018
201363,217.113.17.0,255.255.255.0,54004
34604,217.113.144.0,255.255.252.0,7018
39909,217.113.153.0,255.255.255.0,7018
21333,217.113.208.0,255.255.240.0,7018
15742,217.117.64.0,255.255.255.0,54004
16297,217.118.0.0,255.255.240.0,7018
20504,217.118.160.0,255.255.240.0,7018
16344,217.145.160.0,255.255.252.0,7018
21379,217.147.160.0,255.255.255.0,7018
199410,217.153.154.0,255.255.254.0,7018
212593,217.156.24.0,255.255.255.0,7018
5418,217.170.15.0,255.255.255.0,7018
29001,217.170.16.0,255.255.254.0,7018
20640,217.173.128.0,255.255.240.0,7018
25584,217.173.205.0,255.255.255.0,7018
33904,217.174.176.0,255.255.248.0,54004
29330,217.175.206.0,255.255.255.0,7018
198439,217.194.145.0,255.255.255.0,7018
208025,217.198.185.0,255.255.255.0,7018
131976,218.100.45.0,255.255.255.0,7018
23824,219.99.160.0,255.255.240.0,7018
18127,219.112.225.0,255.255.255.0,54004
4821,223.25.105.0,255.255.255.0,7018
58807,223.118.32.0,255.255.255.0,54004
141419,223.119.52.0,255.255.255.0,7018
139619,223.119.255.0,255.255.255.0,7018
55382,223.223.160.0,255.255.252.0,7018
